345,22	0,0
345,44	0,0
345,66	0,0
345,88	0,0
346,1	0,0
346,32	0,0
346,54	0,0
346,75	0,0
346,97	0,0
347,19	0,0
347,41	0,0
347,63	0,0
347,85	0,0
348,07	0,0
348,29	0,0
348,51	0,0
348,73	0,0
348,95	0,0
349,16	0,0
349,38	0,0
349,6	0,0
349,82	0,0
350,04	0,0
350,26	0,0
350,48	0,0
350,7	0,0
350,92	0,0
351,14	0,0
351,35	0,0
351,57	0,0
351,79	0,0
352,01	0,0
352,23	0,0
352,45	0,0
352,67	0,0
352,89	0,0
353,1	0,0
353,32	0,0
353,54	0,0
353,76	0,0
353,98	0,0
354,2	0,0
354,42	0,0
354,64	0,0
354,85	0,0
355,07	0,0
355,29	0,0
355,51	0,0
355,73	0,0
355,95	0,0
356,17	0,0
356,38	0,0
356,6	0,0
356,82	0,0
357,04	0,0
357,26	0,0
357,48	0,0
357,69	0,0
357,91	0,0
358,13	0,0
358,35	0,0
358,57	0,0
358,79	0,0
359,01	0,0
359,22	0,0
359,44	0,0
359,66	0,0
359,88	0,0
360,1	0,0
360,32	0,0
360,53	0,0
360,75	0,0
360,97	0,0
361,19	0,0
361,41	0,0
361,62	0,0
361,84	0,0
362,06	0,0
362,28	0,0
362,5	0,0
362,72	0,0
362,93	0,0
363,15	0,0
363,37	0,0
363,59	0,0
363,81	0,0
364,02	0,0
364,24	0,0
364,46	0,0
364,68	0,0
364,9	0,0
365,11	0,0
365,33	0,0
365,55	0,0
365,77	0,0
365,99	0,0
366,2	0,0
366,42	0,0
366,64	0,0
366,86	0,0
367,07	0,0
367,29	0,0
367,51	0,0
367,73	0,0
367,95	0,0
368,16	0,0
368,38	0,0
368,6	0,0
368,82	0,0
369,03	0,0
369,25	0,0
369,47	0,0
369,69	0,0
369,91	0,0
370,12	0,0
370,34	0,0
370,56	0,0
370,78	0,0
370,99	0,0
371,21	0,0
371,43	0,0
371,65	0,0
371,86	0,0
372,08	0,0
372,3	0,0
372,52	0,0
372,73	0,0
372,95	0,0
373,17	0,0
373,39	0,0
373,6	0,0
373,82	0,0
374,04	0,0
374,26	0,0
374,47	0,0
374,69	0,0
374,91	0,0
375,12	0,0
375,34	0,0
375,56	0,0
375,78	0,0
375,99	0,0
376,21	0,0
376,43	0,0
376,65	0,0
376,86	0,0
377,08	0,0
377,3	0,0
377,51	0,0
377,73	0,0
377,95	0,0
378,17	0,0
378,38	0,0
378,6	0,0
378,82	0,0
379,03	0,0
379,25	0,0
379,47	0,0
379,68	0,0
379,9	0,0
380,12	0,0
380,34	0,0
380,55	0,0
380,77	0,0
380,99	0,0
381,2	0,0
381,42	0,0
381,64	0,0
381,85	0,0
382,07	0,0
382,29	0,0
382,5	0,0
382,72	0,0
382,94	0,0
383,15	0,0
383,37	0,0
383,59	0,0
383,8	0,0
384,02	0,0
384,24	0,0
384,45	0,0
384,67	0,0
384,89	0,0
385,1	0,0
385,32	0,0
385,54	0,0
385,75	0,0
385,97	0,0
386,19	0,0
386,4	0,0
386,62	0,0
386,84	0,0
387,05	0,0
387,27	0,0
387,49	0,0
387,7	0,0
387,92	0,0
388,14	0,0
388,35	0,0
388,57	0,0
388,79	0,0
389,0	0,0
389,22	0,0
389,43	0,0
389,65	0,0
389,87	0,0
390,08	0,0
390,3	0,0
390,52	0,0
390,73	0,0
390,95	0,0
391,17	0,0
391,38	0,0
391,6	0,0
391,81	0,0
392,03	0,0
392,25	0,0
392,46	0,0
392,68	0,0
392,89	0,0
393,11	0,0
393,33	0,0
393,54	0,0
393,76	0,0
393,98	0,0
394,19	0,0
394,41	0,0
394,62	0,0
394,84	0,0
395,06	0,0
395,27	0,0
395,49	0,0
395,7	0,0
395,92	0,0
396,13	0,0
396,35	0,0
396,57	0,0
396,78	0,0
397,0	0,0
397,21	0,0
397,43	0,0
397,65	0,0
397,86	0,0
398,08	0,0
398,29	0,0
398,51	0,0
398,72	0,0
398,94	0,0
399,16	0,0
399,37	0,0
399,59	0,0
399,8	0,0
400,02	0,0
400,23	0,0
400,45	0,0
400,67	0,0
400,88	0,0
401,1	0,0
401,31	0,0
401,53	0,0
401,74	0,0
401,96	0,0
402,17	0,0
402,39	0,0
402,61	0,0
402,82	0,0
403,04	0,0
403,25	0,0
403,47	0,0
403,68	0,0
403,9	0,0
404,11	0,0
404,33	0,0
404,54	0,0
404,76	0,0
404,97	0,0
405,19	0,0
405,41	0,0
405,62	0,0
405,84	0,0
406,05	0,0
406,27	0,0
406,48	0,0
406,7	0,0
406,91	0,0
407,13	0,0
407,34	0,0
407,56	0,0
407,77	0,0
407,99	0,0
408,2	0,0
408,42	0,02445705387536384
408,63	0,024537584181176693
408,85	0,024979911617007296
409,06	0,02554303451155718
409,28	0,024778782267855192
409,49	0,024577652918703088
409,71	0,023773135522094674
409,92	0,026226952864826347
410,14	0,025502965774030786
410,35	0,026387817061072027
410,57	0,025100707075726578
410,78	0,025221306119065826
411,0	0,024778782267855192
411,21	0,02485931257366805
411,43	0,023853665827907527
411,64	0,02469844837742237
411,86	0,025905224472334995
412,07	0,025140972228633006
412,29	0,024738713530328797
412,5	0,027313129916399722
412,72	0,024738713530328797
412,93	0,023210012627544786
413,15	0,026025823515674243
413,36	0,025663829970276466
413,58	0,02316974747463836
413,79	0,025985558362767818
414,01	0,023853665827907527
414,22	0,024215659373305307
414,43	0,024215659373305307
414,65	0,025784429013615714
414,86	0,025301836424878682
415,08	0,026186687711919922
415,29	0,025140775813252973
415,51	0,024979911617007296
415,72	0,025623564817370034
415,94	0,024979911617007296
416,15	0,02389393098081395
416,37	0,026387817061072027
416,58	0,024376523569550983
416,8	0,024979911617007296
417,01	0,024738713530328797
417,22	0,02481904742076162
417,44	0,02469844837742237
417,65	0,02554303451155718
417,87	0,026629211563130556
418,08	0,02699120510852834
418,3	0,026025823515674243
418,51	0,02554303451155718
418,73	0,0238134006750011
418,94	0,028077382160101715
419,15	0,0274739941126454
419,37	0,027313129916399722
419,58	0,024537584181176693
419,8	0,025261571271972257
420,01	0,024738713530328797
420,23	0,024376523569550983
420,44	0,026146422559013494
420,65	0,025100707075726578
420,87	0,02469844837742237
421,08	0,025261571271972257
421,3	0,025100707075726578
421,51	0,026950939955621915
421,73	0,027916321548476005
421,94	0,027071735414341193
422,15	0,02554303451155718
422,37	0,02771538861470393
422,58	0,026226952864826347
422,8	0,026025823515674243
423,01	0,029324226992540735
423,22	0,025985558362767818
423,44	0,026347551908165602
423,65	0,02880136925089728
423,87	0,029243893102107916
424,08	0,02771538861470393
424,29	0,027755457352230332
424,51	0,02916336279629506
424,72	0,0274739941126454
424,94	0,027272864763493297
425,15	0,029887546302470654
425,36	0,02880136925089728
425,58	0,028720838945084422
425,79	0,029002498600049383
426,01	0,03246196268854158
426,22	0,029083028905862236
426,43	0,030892996632851145
426,65	0,029083028905862236
426,86	0,03137578563696821
427,08	0,032019438837330945
427,29	0,031979173684424524
427,5	0,03137578563696821
427,72	0,031255186593628956
427,93	0,031979173684424524
428,14	0,03246196268854158
428,36	0,03358820847764135
428,57	0,03378933782679346
428,79	0,03467418911383469
429,0	0,034030732328851995
429,21	0,034030732328851995
429,43	0,03511671296504534
429,64	0,03712800645656638
429,85	0,037007407413227125
430,07	0,03821398709275972
430,28	0,039099034795180995
430,49	0,03789225870026837
430,71	0,04151258698500625
430,92	0,043322751127375186
431,14	0,04082866863173708
431,35	0,043563949214053675
431,56	0,04328248597446875
431,78	0,045213249160176945
431,99	0,04537411335642262
432,2	0,04750620230666294
432,42	0,04718427749879156
432,63	0,05124712963474007
432,84	0,04851165263704344
433,06	0,05032181677941238
433,27	0,0528962331654833
433,48	0,05305729377710901
433,7	0,05535005050821498
433,91	0,055108656006156456
434,12	0,05522945146487573
434,34	0,06074027778241537
434,55	0,05921157687963136
434,76	0,061866523571515133
434,98	0,06379728675722333
435,19	0,06319389870976702
435,4	0,06468233445964461
435,62	0,0668142269945049
435,83	0,06898638468227163
436,04	0,07139993687209686
436,26	0,0741754826073199
436,47	0,07429608165065915
436,68	0,07626710998927376
436,9	0,08145620791432205
437,11	0,08628331229397254
437,32	0,08535799943864485
437,54	0,08998397446914326
437,75	0,09094935606199735
437,96	0,09682237234031481
438,17	0,09561559624540217
438,39	0,09746582912529751
438,6	0,10172981061039811
438,81	0,10518907828351029
439,03	0,11556727413360686
439,24	0,1175785676251279
439,45	0,11914733726543832
439,67	0,11765890151556072
439,88	0,12296879489932828
440,09	0,12558328002292563
440,3	0,13129523568961735
440,52	0,13318593013779914
440,73	0,1456557533698496
440,94	0,14786817621052273
441,16	0,1468222643118558
441,37	0,15345953283387523
441,58	0,16251015713033992
441,8	0,17115852272850035
442,01	0,17325034652583424
442,22	0,1862832926524346
442,43	0,18567990460497824
442,65	0,19288009960616753
442,86	0,19879338103739144
443,07	0,2085277272717452
443,28	0,21476273709546045
443,5	0,22980697671358183
443,71	0,2419951402906673
443,92	0,24428809343715333
444,14	0,24424782828424688
444,35	0,2701931214941083
444,56	0,278680622896023
444,77	0,29843117143507564
444,99	0,28302493827155645
445,2	0,30313767677138687
445,41	0,31452132295186397
445,62	0,3368865530298939
445,84	0,34754621211957537
446,05	0,3584875308642218
446,26	0,3769912345708354
446,47	0,3592517831079238
446,69	0,3733709062860975
446,9	0,4132341933249805
447,11	0,4074819725053823
447,32	0,41452130331032594
447,54	0,4303297951721493
447,75	0,44030573232394166
447,96	0,43994373877854387
448,17	0,45945289281553797
448,39	0,5019308613933983
448,6	0,48567984568036426
448,81	0,5164522432698762
449,02	0,5184232716084908
449,23	0,5471038454006688
449,45	0,5840707912456095
449,66	0,5638777188553462
449,87	0,5868866021337389
450,08	0,6118262485978397
450,3	0,620555144501813
450,51	0,6547465446115307
450,72	0,6581254783942101
450,93	0,6922768097664012
451,15	0,7016090937178309
451,36	0,6966211251419346
451,57	0,7183829671725084
451,78	0,7197908726165732
451,99	0,7796861714340936
452,21	0,807924417790441
452,42	0,7841915474212526
452,63	0,7891392508442424
452,84	0,7945695468559693
453,05	0,8349556916364956
453,27	0,8445293700899839
453,48	0,8568383291257885
453,69	0,8513675715457752
453,9	0,8917939814792081
454,11	0,8912711237375648
454,33	0,880410335298731
454,54	0,9192677791764735
454,75	0,9494770538714356
454,96	0,956878574637157
455,17	0,9399033754179474
455,39	0,9412309469715794
455,6	0,9831053310866034
455,81	0,9986724284463682
456,02	0,9539018995527818
456,23	0,9261464422005515
456,45	0,984312107181516
456,66	0,9401850350729124
456,87	0,9381334764284849
457,08	0,9924778801909393
457,29	0,9885358235137102
457,5	0,9607401010085733
457,72	0,9462992494379082
457,93	0,9449718742996565
458,14	1,0
458,35	0,9952936910790687
458,56	0,9721640123419569
458,77	0,9368864351806658
458,99	0,9550684104947881
459,2	0,9178198049948824
459,41	0,9448510788409372
459,62	0,8740547264316767
459,83	0,8993966315940817
460,04	0,9258647825455866
460,26	0,905913104657382
460,47	0,8708366568452429
460,68	0,846178670036107
460,89	0,8457764113378029
461,1	0,8222444739023868
461,31	0,8485519570730259
461,52	0,8215607519644975
461,74	0,7962591119549989
461,95	0,7860417803011481
462,16	0,7925582533644482
462,37	0,7786001907979002
462,58	0,7537408782242321
462,79	0,7398631495481169
463,0	0,7427594907420594
463,22	0,7399034147010234
463,43	0,7012871689099595
463,64	0,6960177370944783
463,85	0,6910297685185822
464,06	0,7000401276621404
464,27	0,6623894598793106
464,48	0,6615044121768894
464,7	0,6569589674522038
464,91	0,650201099886845
465,12	0,6498391063414475
465,33	0,6506838888909622
465,54	0,6154465768825776
465,75	0,612228507296144
465,96	0,6142800659405715
466,17	0,5905469991560032
466,38	0,592920286192922
466,6	0,5687448919725231
466,81	0,5545051697510102
467,02	0,5774737878764964
467,23	0,5391392017403974
467,44	0,5200321099863275
467,65	0,5111022811485822
467,86	0,5098149747478568
468,07	0,5308125645347284
468,28	0,5161303184620049
468,5	0,49292030583446
468,71	0,4912712023037168
468,92	0,48310542929429334
469,13	0,46999195286188017
469,34	0,45941282407801154
469,55	0,47095733445473426
469,76	0,4655671071805339
469,97	0,44573622475104846
470,18	0,4526146913597464
470,39	0,45780378928479476
470,6	0,4400240726689767
470,82	0,4219630892289538
471,03	0,4248189688546097
471,24	0,4336686602173022
471,45	0,41588894360148426
471,66	0,4221239534251995
471,87	0,4120274172300679
472,08	0,4066774551087739
472,29	0,3974257014631572
472,5	0,41009665404435963
472,71	0,3993564646488654
472,92	0,39094929713738336
473,13	0,38716810465639984
473,34	0,38024937289479543
473,55	0,38024937289479543
473,77	0,37618671717422697
473,98	0,3724860549990563
474,19	0,3730089127406997
474,4	0,36854380190644703
474,61	0,35993570146119297
474,82	0,34710388468374476
475,03	0,33825419332105217
475,24	0,3397828942238362
475,45	0,33479492564794
475,66	0,3389783768272278
475,87	0,33000808642119595
476,08	0,3261062948968731
476,29	0,3181819163895082
476,5	0,3094127553326285
476,71	0,31255029461324935
476,92	0,30229289422187205
477,13	0,2971843266026366
477,34	0,292920345117536
477,55	0,28644413720714224
477,76	0,28181816217664385
477,97	0,27662926066697563
478,18	0,27594534231370643
478,4	0,27566368265874147
478,61	0,26761870510803737
478,82	0,2643203016311709
479,03	0,2535801122356765
479,24	0,25595339927259536
479,45	0,2585680808115727
479,66	0,24509261083376171
479,87	0,24263879349103004
480,08	0,23660510943184693
480,29	0,2398229826029006
480,5	0,2320596647071614
480,71	0,228962194164067
480,92	0,22827847222617786
481,13	0,22329050365028166
481,34	0,21954957632220456
481,55	0,2135156958476414
481,76	0,21842313411772474
481,97	0,2109815446144769
482,18	0,2041433431586854
482,39	0,2012470019647431
482,6	0,1954144472547121
482,81	0,198753115884485
483,02	0,19863232042576573
483,23	0,1896622264351139
483,44	0,18946109708596182
483,65	0,18861631453644695
483,86	0,18137585438235126
484,07	0,1770716077443442
484,28	0,1744571226207469
484,49	0,17027367144145908
484,7	0,16693480639630615
484,91	0,16794045314206668
485,12	0,15921155723809335
485,33	0,16210789843203569
485,54	0,1547869079721271
485,75	0,15257448513145394
485,96	0,14855189814841185
486,17	0,14883355780337681
486,38	0,14734512205349926
486,59	0,1406677847939534
486,8	0,14062751964104697
487,01	0,13648433361466564
487,21	0,13555921717471797
487,42	0,13330652918113842
487,63	0,13113437149337168
487,84	0,12868075056602005
488,05	0,12932420735100275
488,26	0,12703145061989676
488,47	0,12429617003758016
488,68	0,12316972783310037
488,89	0,12252627104811765
489,1	0,12522128647752784
489,31	0,12300886363685468
489,52	0,1193484666145904
489,73	0,1152856144786419
489,94	0,11202747615468182
490,15	0,11379737514414436
490,36	0,10961392396485659
490,57	0,10599359568011871
490,78	0,10506847924017104
490,99	0,1057924663309666
491,2	0,10060336840591833
491,41	0,10160901515167885
491,61	0,09911512907142077
491,82	0,09911512907142077
492,03	0,09553506593958933
492,24	0,09658097783825627
492,45	0,09368463664431395
492,66	0,09553506593958933
492,87	0,0921963973098164
493,08	0,0866050406864639
493,29	0,08901859287628916
493,5	0,08938058642168695
493,71	0,08736929293016589
493,92	0,08129534371807637
494,13	0,08395029040996015
494,34	0,07799694024120989
494,54	0,07477887065477622
494,75	0,07506033389436115
494,96	0,07393408810526136
495,17	0,07288817620659442
495,38	0,07131940656628401
495,59	0,0722447194216117
495,8	0,06999203142803213
496,01	0,06958977272972793
496,22	0,06661309764535278
496,43	0,06512485831085524
496,64	0,06488346380879671
496,84	0,06094140713156748
497,05	0,06134366582987168
497,26	0,058809318181327154
497,47	0,062148183226480094
497,68	0,057039419191864636
497,89	0,05711994949767749
498,1	0,05547064955155423
498,31	0,053821546020811004
498,52	0,05446500280579371
498,72	0,05402267536996311
498,93	0,052373375423839845
499,14	0,050885136089342295
499,35	0,05020121773607312
499,56	0,05108606902311436
499,77	0,04750620230666294
499,98	0,04766706650290863
500,19	0,04517298400727052
500,4	0,045816637207633265
500,6	0,04573630331720044
500,81	0,042357369534521086
501,02	0,04147232183209982
501,23	0,04279969697035169
501,44	0,04187458053040403
501,65	0,042759628232825295
501,86	0,0408689337846435
502,06	0,038737041249783215
502,27	0,03994381734469584
502,48	0,04006441638803509
502,69	0,039823021885976556
502,9	0,03934042929723953
503,11	0,03829451739857258
503,32	0,03765086419820984
503,53	0,03688661195450785
503,73	0,037047476150753524
503,94	0,03459385522340187
504,15	0,03499611392170608
504,36	0,03378933782679346
504,57	0,0325422965789744
504,78	0,03294455527727861
504,98	0,0333065488226764
505,19	0,030370138891207685
505,4	0,028600239901745175
505,61	0,03016900954205558
505,82	0,027353198653926124
506,03	0,029243893102107916
506,23	0,029083028905862236
506,44	0,02827851150925382
506,65	0,025341905162405077
506,86	0,027071735414341193
507,07	0,028077382160101715
507,28	0,02642808221397845
507,48	0,026669476716036984
507,69	0,027795722505136757
507,9	0,0
508,11	0,0
508,32	0,0
508,53	0,0
508,73	0,0
508,94	0,0
509,15	0,0
509,36	0,0
509,57	0,0
509,77	0,0
509,98	0,0
510,19	0,0
510,4	0,0
510,61	0,0
510,81	0,0
511,02	0,0
511,23	0,0
511,44	0,0
511,65	0,0
511,85	0,0
512,06	0,0
512,27	0,0
512,48	0,0
512,69	0,0
512,89	0,0
513,1	0,0
513,31	0,0
513,52	0,0
513,73	0,0
513,93	0,0
514,14	0,0
514,35	0,0
514,56	0,0
514,76	0,0
514,97	0,0
515,18	0,0
515,39	0,0
515,6	0,0
515,8	0,0
516,01	0,0
516,22	0,0
516,43	0,0
516,63	0,0
516,84	0,0
517,05	0,0
517,26	0,0
517,46	0,0
517,67	0,0
517,88	0,0
518,09	0,0
518,29	0,0
518,5	0,0
518,71	0,0
518,92	0,0
519,12	0,0
519,33	0,0
519,54	0,0
519,75	0,0
519,95	0,0
520,16	0,0
520,37	0,0
520,57	0,0
520,78	0,0
520,99	0,0
521,2	0,0
521,4	0,0
521,61	0,0
521,82	0,0
522,03	0,0
522,23	0,0
522,44	0,0
522,65	0,0
522,85	0,0
523,06	0,0
523,27	0,0
523,48	0,0
523,68	0,0
523,89	0,0
524,1	0,0
524,3	0,0
524,51	0,0
524,72	0,0
524,93	0,0
525,13	0,0
525,34	0,0
525,55	0,0
525,75	0,0
525,96	0,0
526,17	0,0
526,37	0,0
526,58	0,0
526,79	0,0
526,99	0,0
527,2	0,0
527,41	0,0
527,62	0,0
527,82	0,0
528,03	0,0
528,24	0,0
528,44	0,0
528,65	0,0
528,86	0,0
529,06	0,0
529,27	0,0
529,48	0,0
529,68	0,0
529,89	0,0
530,1	0,0
530,3	0,0
530,51	0,0
530,72	0,0
530,92	0,0
531,13	0,0
531,34	0,0
531,54	0,0
531,75	0,0
531,96	0,0
532,16	0,0
532,37	0,0
532,57	0,0
532,78	0,0
532,99	0,0
533,19	0,0
533,4	0,0
533,61	0,0
533,81	0,0
534,02	0,0
534,23	0,0
534,43	0,0
534,64	0,0
534,84	0,0
535,05	0,0
535,26	0,0
535,46	0,0
535,67	0,0
535,88	0,0
536,08	0,0
536,29	0,0
536,49	0,0
536,7	0,0
536,91	0,0
537,11	0,0
537,32	0,0
537,53	0,0
537,73	0,0
537,94	0,0
538,14	0,0
538,35	0,0
538,56	0,0
538,76	0,0
538,97	0,0
539,17	0,0
539,38	0,0
539,59	0,0
539,79	0,0
540,0	0,0
540,2	0,0
540,41	0,0
540,62	0,0
540,82	0,0
541,03	0,0
541,23	0,0
541,44	0,0
541,64	0,0
541,85	0,0
542,06	0,0
542,26	0,0
542,47	0,0
542,67	0,0
542,88	0,0
543,08	0,0
543,29	0,0
543,5	0,0
543,7	0,0
543,91	0,0
544,11	0,0
544,32	0,0
544,52	0,0
544,73	0,0
544,94	0,0
545,14	0,0
545,35	0,0
545,55	0,0
545,76	0,0
545,96	0,0
546,17	0,0
546,37	0,0
546,58	0,0
546,78	0,0
546,99	0,0
547,2	0,0
547,4	0,0
547,61	0,0
547,81	0,0
548,02	0,0
548,22	0,0
548,43	0,0
548,63	0,0
548,84	0,0
549,04	0,0
549,25	0,0
549,45	0,0
549,66	0,0
549,86	0,0
550,07	0,0
550,27	0,0
550,48	0,0
550,69	0,0
550,89	0,0
551,1	0,0
551,3	0,0
551,51	0,0
551,71	0,0
551,92	0,0
552,12	0,0
552,33	0,0
552,53	0,0
552,74	0,0
552,94	0,0
553,15	0,0
553,35	0,0
553,56	0,0
553,76	0,0
553,97	0,0
554,17	0,0
554,38	0,0
554,58	0,0
554,79	0,0
554,99	0,0
555,19	0,0
555,4	0,0
555,6	0,0
555,81	0,0
556,01	0,0
556,22	0,0
556,42	0,0
556,63	0,0
556,83	0,0
557,04	0,0
557,24	0,0
557,45	0,0
557,65	0,0
557,86	0,0
558,06	0,0
558,27	0,0
558,47	0,0
558,67	0,0
558,88	0,0
559,08	0,0
559,29	0,0
559,49	0,0
559,7	0,0
559,9	0,0
560,11	0,0
560,31	0,0
560,52	0,0
560,72	0,0
560,92	0,0
561,13	0,0
561,33	0,0
561,54	0,0
561,74	0,0
561,95	0,0
562,15	0,0
562,35	0,0
562,56	0,0
562,76	0,0
562,97	0,0
563,17	0,0
563,38	0,0
563,58	0,0
563,78	0,0
563,99	0,0
564,19	0,0
564,4	0,0
564,6	0,0
564,8	0,0
565,01	0,0
565,21	0,0
565,42	0,0
565,62	0,0
565,83	0,0
566,03	0,0
566,23	0,0
566,44	0,0
566,64	0,0
566,85	0,0
567,05	0,0
567,25	0,0
567,46	0,0
567,66	0,0
567,86	0,0
568,07	0,0
568,27	0,0
568,48	0,0
568,68	0,0
568,88	0,0
569,09	0,0
569,29	0,0
569,5	0,0
569,7	0,0
569,9	0,0
570,11	0,0
570,31	0,0
570,51	0,0
570,72	0,0
570,92	0,0
571,13	0,0
571,33	0,0
571,53	0,0
571,74	0,0
571,94	0,0
572,14	0,0
572,35	0,0
572,55	0,0
572,75	0,0
572,96	0,0
573,16	0,0
573,36	0,0
573,57	0,0
573,77	0,0
573,97	0,0
574,18	0,0
574,38	0,0
574,59	0,0
574,79	0,0
574,99	0,0
575,2	0,0
575,4	0,0
575,6	0,0
575,81	0,0
576,01	0,0
576,21	0,0
576,42	0,0
576,62	0,0
576,82	0,0
577,02	0,0
577,23	0,0
577,43	0,0
577,63	0,0
577,84	0,0
578,04	0,0
578,24	0,0
578,45	0,0
578,65	0,0
578,85	0,0
579,06	0,0
579,26	0,0
579,46	0,0
579,67	0,0
579,87	0,0
580,07	0,0
580,27	0,0
580,48	0,0
580,68	0,0
580,88	0,0
581,09	0,0
581,29	0,0
581,49	0,0
581,69	0,0
581,9	0,0
582,1	0,0
582,3	0,0
582,51	0,0
582,71	0,0
582,91	0,0
583,11	0,0
583,32	0,0
583,52	0,0
583,72	0,0
583,93	0,0
584,13	0,0
584,33	0,0
584,53	0,0
584,74	0,0
584,94	0,0
585,14	0,0
585,34	0,0
585,55	0,0
585,75	0,0
585,95	0,0
586,15	0,0
586,36	0,0
586,56	0,0
586,76	0,0
586,96	0,0
587,17	0,0
587,37	0,0
587,57	0,0
587,77	0,0
587,98	0,0
588,18	0,0
588,38	0,0
588,58	0,0
588,79	0,0
588,99	0,0
589,19	0,0
589,39	0,0
589,6	0,0
589,8	0,0
590,0	0,0
590,2	0,0
590,4	0,0
590,61	0,0
590,81	0,0
591,01	0,0
591,21	0,0
591,42	0,0
591,62	0,0
591,82	0,0
592,02	0,0
592,22	0,0
592,43	0,0
592,63	0,0
592,83	0,0
593,03	0,0
593,23	0,0
593,44	0,0
593,64	0,0
593,84	0,0
594,04	0,0
594,24	0,0
594,45	0,0
594,65	0,0
594,85	0,0
595,05	0,0
595,25	0,0
595,46	0,0
595,66	0,0
595,86	0,0
596,06	0,0
596,26	0,0
596,46	0,0
596,67	0,0
596,87	0,0
597,07	0,0
597,27	0,0
597,47	0,0
597,67	0,0
597,88	0,0
598,08	0,0
598,28	0,0
598,48	0,0
598,68	0,0
598,88	0,0
599,09	0,0
599,29	0,0
599,49	0,0
599,69	0,0
599,89	0,0
600,09	0,0
600,3	0,0
600,5	0,0
600,7	0,0
600,9	0,0
601,1	0,0
601,3	0,0
601,5	0,0
601,71	0,0
601,91	0,0
602,11	0,0
602,31	0,0
602,51	0,0
602,71	0,0
602,91	0,0
603,11	0,0
603,32	0,0
603,52	0,0
603,72	0,0
603,92	0,0
604,12	0,0
604,32	0,0
604,52	0,0
604,72	0,0
604,93	0,0
605,13	0,0
605,33	0,0
605,53	0,0
605,73	0,0
605,93	0,0
606,13	0,0
606,33	0,0
606,53	0,0
606,74	0,0
606,94	0,0
607,14	0,0
607,34	0,0
607,54	0,0
607,74	0,0
607,94	0,0
608,14	0,0
608,34	0,0
608,54	0,0
608,74	0,0
608,95	0,0
609,15	0,0
609,35	0,0
609,55	0,0
609,75	0,0
609,95	0,0
610,15	0,0
610,35	0,0
610,55	0,0
610,75	0,0
610,95	0,0
611,15	0,0
611,35	0,0
611,55	0,0
611,76	0,0
611,96	0,0
612,16	0,0
612,36	0,0
612,56	0,0
612,76	0,0
612,96	0,0
613,16	0,0
613,36	0,0
613,56	0,0
613,76	0,0
613,96	0,0
614,16	0,0
614,36	0,0
614,56	0,0
614,76	0,0
614,96	0,0
615,16	0,0
615,36	0,0
615,56	0,0
615,76	0,0
615,97	0,0
616,17	0,0
616,37	0,0
616,57	0,0
616,77	0,0
616,97	0,0
617,17	0,0
617,37	0,0
617,57	0,0
617,77	0,0
617,97	0,0
618,17	0,0
618,37	0,0
618,57	0,0
618,77	0,0
618,97	0,0
619,17	0,0
619,37	0,0
619,57	0,0
619,77	0,0
619,97	0,0
620,17	0,0
620,37	0,0
620,57	0,0
620,77	0,0
620,97	0,0
621,17	0,0
621,37	0,0
621,57	0,0
621,77	0,0
621,97	0,0
622,17	0,0
622,37	0,0
622,57	0,0
622,77	0,0
622,97	0,0
623,17	0,0
623,37	0,0
623,57	0,0
623,77	0,0
623,97	0,0
624,16	0,0
624,36	0,0
624,56	0,0
624,76	0,0
624,96	0,0
625,16	0,0
625,36	0,0
625,56	0,0
625,76	0,0
625,96	0,0
626,16	0,0
626,36	0,0
626,56	0,0
626,76	0,0
626,96	0,0
627,16	0,0
627,36	0,0
627,56	0,0
627,76	0,0
627,96	0,0
628,16	0,0
628,35	0,0
628,55	0,0
628,75	0,0
628,95	0,0
629,15	0,0
629,35	0,0
629,55	0,0
629,75	0,0
629,95	0,0
630,15	0,0
630,35	0,0
630,55	0,0
630,75	0,0
630,95	0,0
631,14	0,0
631,34	0,0
631,54	0,0
631,74	0,0
631,94	0,0
632,14	0,0
632,34	0,0
632,54	0,0
632,74	0,0
632,94	0,0
633,14	0,0
633,33	0,0
633,53	0,0
633,73	0,0
633,93	0,0
634,13	0,0
634,33	0,0
634,53	0,0
634,73	0,0
634,93	0,0
635,12	0,0
635,32	0,0
635,52	0,0
635,72	0,0
635,92	0,0
636,12	0,0
636,32	0,0
636,52	0,0
636,71	0,0
636,91	0,0
637,11	0,0
637,31	0,0
637,51	0,0
637,71	0,0
637,91	0,0
638,11	0,0
638,3	0,0
638,5	0,0
638,7	0,0
638,9	0,0
639,1	0,0
639,3	0,0
639,5	0,0
639,69	0,0
639,89	0,0
640,09	0,0
640,29	0,0
640,49	0,0
640,69	0,0
640,88	0,0
641,08	0,0
641,28	0,0
641,48	0,0
641,68	0,0
641,88	0,0
642,07	0,0
642,27	0,0
642,47	0,0
642,67	0,0
642,87	0,0
643,07	0,0
643,26	0,0
643,46	0,0
643,66	0,0
643,86	0,0
644,06	0,0
644,26	0,0
644,45	0,0
644,65	0,0
644,85	0,0
645,05	0,0
645,25	0,0
645,44	0,0
645,64	0,0
645,84	0,0
646,04	0,0
646,24	0,0
646,43	0,0
646,63	0,0
646,83	0,0
647,03	0,0
647,23	0,0
647,42	0,0
647,62	0,0
647,82	0,0
648,02	0,0
648,22	0,0
648,41	0,0
648,61	0,0
648,81	0,0
649,01	0,0
649,2	0,0
649,4	0,0
649,6	0,0
649,8	0,0
650,0	0,0
650,19	0,0
650,39	0,0
650,59	0,0
650,79	0,0
650,98	0,0
651,18	0,0
651,38	0,0
651,58	0,0
651,77	0,0
651,97	0,0
652,17	0,0
652,37	0,0
652,56	0,0
652,76	0,0
652,96	0,0
653,16	0,0
653,35	0,0
653,55	0,0
653,75	0,0
653,95	0,0
654,14	0,0
654,34	0,0
654,54	0,0
654,74	0,0
654,93	0,0
655,13	0,0
655,33	0,0
655,52	0,0
655,72	0,0
655,92	0,0
656,12	0,0
656,31	0,0
656,51	0,0
656,71	0,0
656,91	0,0
657,1	0,0
657,3	0,0
657,5	0,0
657,69	0,0
657,89	0,0
658,09	0,0
658,29	0,0
658,48	0,0
658,68	0,0
658,88	0,0
659,07	0,0
659,27	0,0
659,47	0,0
659,66	0,0
659,86	0,0
660,06	0,0
660,26	0,0
660,45	0,0
660,65	0,0
660,85	0,0
661,04	0,0
661,24	0,0
661,44	0,0
661,63	0,0
661,83	0,0
662,03	0,0
662,22	0,0
662,42	0,0
662,62	0,0
662,81	0,0
663,01	0,0
663,21	0,0
663,4	0,0
663,6	0,0
663,8	0,0
663,99	0,0
664,19	0,0
664,39	0,0
664,58	0,0
664,78	0,0
664,98	0,0
665,17	0,0
665,37	0,0
665,57	0,0
665,76	0,0
665,96	0,0
666,16	0,0
666,35	0,0
666,55	0,0
666,74	0,0
666,94	0,0
667,14	0,0
667,33	0,0
667,53	0,0
667,73	0,0
667,92	0,0
668,12	0,0
668,32	0,0
668,51	0,0
668,71	0,0
668,9	0,0
669,1	0,0
669,3	0,0
669,49	0,0
669,69	0,0
669,89	0,0
670,08	0,0
670,28	0,0
670,47	0,0
670,67	0,0
670,87	0,0
671,06	0,0
671,26	0,0
671,45	0,0
671,65	0,0
671,85	0,0
672,04	0,0
672,24	0,0
672,43	0,0
672,63	0,0
672,83	0,0
673,02	0,0
673,22	0,0
673,41	0,0
673,61	0,0
673,81	0,0
674,0	0,0
674,2	0,0
674,39	0,0
674,59	0,0
674,78	0,0
674,98	0,0
675,18	0,0
675,37	0,0
675,57	0,0
675,76	0,0
675,96	0,0
676,15	0,0
676,35	0,0
676,55	0,0
676,74	0,0
676,94	0,0
677,13	0,0
677,33	0,0
677,52	0,0
677,72	0,0
677,91	0,0
678,11	0,0
678,31	0,0
678,5	0,0
678,7	0,0
678,89	0,0
679,09	0,0
679,28	0,0
679,48	0,0
679,67	0,0
679,87	0,0
680,06	0,0
680,26	0,0
680,46	0,0
680,65	0,0
680,85	0,0
681,04	0,0
681,24	0,0
681,43	0,0
681,63	0,0
681,82	0,0
682,02	0,0
682,21	0,0
682,41	0,0
682,6	0,0
682,8	0,0
682,99	0,0
683,19	0,0
683,38	0,0
683,58	0,0
683,77	0,0
683,97	0,0
684,16	0,0
684,36	0,0
684,55	0,0
684,75	0,0
684,94	0,0
685,14	0,0
685,33	0,0
685,53	0,0
685,72	0,0
685,92	0,0
686,11	0,0
686,31	0,0
686,5	0,0
686,7	0,0
686,89	0,0
687,09	0,0
687,28	0,0
687,48	0,0
687,67	0,0
687,87	0,0
688,06	0,0
688,26	0,0
688,45	0,0
688,65	0,0
688,84	0,0
689,03	0,0
689,23	0,0
689,42	0,0
689,62	0,0
689,81	0,0
690,01	0,0
690,2	0,0
690,4	0,0
690,59	0,0
690,79	0,0
690,98	0,0
691,17	0,0
691,37	0,0
691,56	0,0
691,76	0,0
691,95	0,0
692,15	0,0
692,34	0,0
692,54	0,0
692,73	0,0
692,92	0,0
693,12	0,0
693,31	0,0
693,51	0,0
693,7	0,0
693,9	0,0
694,09	0,0
694,28	0,0
694,48	0,0
694,67	0,0
694,87	0,0
695,06	0,0
695,26	0,0
695,45	0,0
695,64	0,0
695,84	0,0
696,03	0,0
696,23	0,0
696,42	0,0
696,61	0,0
696,81	0,0
697,0	0,0
697,2	0,0
697,39	0,0
697,58	0,0
697,78	0,0
697,97	0,0
698,17	0,0
698,36	0,0
698,55	0,0
698,75	0,0
698,94	0,0
699,14	0,0
699,33	0,0
699,52	0,0
699,72	0,0
699,91	0,0
700,1	0,0
700,3	0,0
700,49	0,0
700,69	0,0
700,88	0,0
701,07	0,0
701,27	0,0
701,46	0,0
701,65	0,0
701,85	0,0
702,04	0,0
702,23	0,0
702,43	0,0
702,62	0,0
702,82	0,0
703,01	0,0
703,2	0,0
703,4	0,0
703,59	0,0
703,78	0,0
703,98	0,0
704,17	0,0
704,36	0,0
704,56	0,0
704,75	0,0
704,94	0,0
705,14	0,0
705,33	0,0
705,52	0,0
705,72	0,0
705,91	0,0
706,1	0,0
706,3	0,0
706,49	0,0
706,68	0,0
706,88	0,0
707,07	0,0
707,26	0,0
707,46	0,0
707,65	0,0
707,84	0,0
708,04	0,0
708,23	0,0
708,42	0,0
708,62	0,0
708,81	0,0
709,0	0,0
709,19	0,0
709,39	0,0
709,58	0,0
709,77	0,0
709,97	0,0
710,16	0,0
710,35	0,0
710,55	0,0
710,74	0,0
710,93	0,0
711,12	0,0
711,32	0,0
711,51	0,0
711,7	0,0
711,9	0,0
712,09	0,0
712,28	0,0
712,47	0,0
712,67	0,0
712,86	0,0
713,05	0,0
713,24	0,0
713,44	0,0
713,63	0,0
713,82	0,0
714,02	0,0
714,21	0,0
714,4	0,0
714,59	0,0
714,79	0,0
714,98	0,0
715,17	0,0
715,36	0,0
715,56	0,0
715,75	0,0
715,94	0,0
716,13	0,0
716,33	0,0
716,52	0,0
716,71	0,0
716,9	0,0
717,1	0,0
717,29	0,0
717,48	0,0
717,67	0,0
717,87	0,0
718,06	0,0
718,25	0,0
718,44	0,0
718,63	0,0
718,83	0,0
719,02	0,0
719,21	0,0
719,4	0,0
719,6	0,0
719,79	0,0
719,98	0,0
720,17	0,0
720,36	0,0
720,56	0,0
720,75	0,0
720,94	0,0
721,13	0,0
721,33	0,0
721,52	0,0
721,71	0,0
721,9	0,0
722,09	0,0
722,29	0,0
722,48	0,0
722,67	0,0
722,86	0,0
723,05	0,0
723,24	0,0
723,44	0,0
723,63	0,0
723,82	0,0
724,01	0,0
724,2	0,0
724,4	0,0
724,59	0,0
724,78	0,0
724,97	0,0
725,16	0,0
725,35	0,0
725,55	0,0
725,74	0,0
725,93	0,0
726,12	0,0
726,31	0,0
726,51	0,0
726,7	0,0
726,89	0,0
727,08	0,0
727,27	0,0
727,46	0,0
727,65	0,0
727,85	0,0
728,04	0,0
728,23	0,0
728,42	0,0
728,61	0,0
728,8	0,0
729,0	0,0
729,19	0,0
729,38	0,0
729,57	0,0
729,76	0,0
729,95	0,0
730,14	0,0
730,33	0,0
730,53	0,0
730,72	0,0
730,91	0,0
731,1	0,0
731,29	0,0
731,48	0,0
731,67	0,0
731,86	0,0
732,06	0,0
732,25	0,0
732,44	0,0
732,63	0,0
732,82	0,0
733,01	0,0
733,2	0,0
733,39	0,0
733,59	0,0
733,78	0,0
733,97	0,0
734,16	0,0
734,35	0,0
734,54	0,0
734,73	0,0
734,92	0,0
735,11	0,0
735,3	0,0
735,49	0,0
735,69	0,0
735,88	0,0
736,07	0,0
736,26	0,0
736,45	0,0
736,64	0,0
736,83	0,0
737,02	0,0
737,21	0,0
737,4	0,0
737,59	0,0
737,78	0,0
737,98	0,0
738,17	0,0
738,36	0,0
738,55	0,0
738,74	0,0
738,93	0,0
739,12	0,0
739,31	0,0
739,5	0,0
739,69	0,0
739,88	0,0
740,07	0,0
740,26	0,0
740,45	0,0
740,64	0,0
740,83	0,0
741,02	0,0
741,22	0,0
741,41	0,0
741,6	0,0
741,79	0,0
741,98	0,0
742,17	0,0
742,36	0,0
742,55	0,0
742,74	0,0
742,93	0,0
743,12	0,0
743,31	0,0
743,5	0,0
743,69	0,0
743,88	0,0
744,07	0,0
744,26	0,0
744,45	0,0
744,64	0,0
744,83	0,0
745,02	0,0
745,21	0,0
745,4	0,0
745,59	0,0
745,78	0,0
745,97	0,0
746,16	0,0
746,35	0,0
746,54	0,0
746,73	0,0
746,92	0,0
747,11	0,0
747,3	0,0
747,49	0,0
747,68	0,0
747,87	0,0
748,06	0,0
748,25	0,0
748,44	0,0
748,63	0,0
748,82	0,0
749,01	0,0
749,2	0,0
749,39	0,0
749,58	0,0
749,77	0,0
749,96	0,0
750,15	0,0
750,34	0,0
750,53	0,0
750,72	0,0
750,91	0,0
751,1	0,0
751,29	0,0
751,48	0,0
751,67	0,0
751,86	0,0
752,04	0,0
752,23	0,0
752,42	0,0
752,61	0,0
752,8	0,0
752,99	0,0
753,18	0,0
753,37	0,0
753,56	0,0
753,75	0,0
753,94	0,0
754,13	0,0
754,32	0,0
754,51	0,0
754,7	0,0
754,89	0,0
755,08	0,0
755,27	0,0
755,45	0,0
755,64	0,0
755,83	0,0
756,02	0,0
756,21	0,0
756,4	0,0
756,59	0,0
756,78	0,0
756,97	0,0
757,16	0,0
757,35	0,0
757,54	0,0
757,72	0,0
757,91	0,0
758,1	0,0
758,29	0,0
758,48	0,0
758,67	0,0
758,86	0,0
759,05	0,0
759,24	0,0
759,43	0,0
759,61	0,0
759,8	0,0
759,99	0,0
760,18	0,0
760,37	0,0
760,56	0,0
760,75	0,0
760,94	0,0
761,13	0,0
761,31	0,0
761,5	0,0
761,69	0,0
761,88	0,0
762,07	0,0
762,26	0,0
762,45	0,0
762,64	0,0
762,82	0,0
763,01	0,0
763,2	0,0
763,39	0,0
763,58	0,0
763,77	0,0
763,96	0,0
764,14	0,0
764,33	0,0
764,52	0,0
764,71	0,0
764,9	0,0
765,09	0,0
765,27	0,0
765,46	0,0
765,65	0,0
765,84	0,0
766,03	0,0
766,22	0,0
766,41	0,0
766,59	0,0
766,78	0,0
766,97	0,0
767,16	0,0
767,35	0,0
767,54	0,0
767,72	0,0
767,91	0,0
768,1	0,0
768,29	0,0
768,48	0,0
768,66	0,0
768,85	0,0
769,04	0,0
769,23	0,0
769,42	0,0
769,61	0,0
769,79	0,0
769,98	0,0
770,17	0,0
770,36	0,0
770,55	0,0
770,73	0,0
770,92	0,0
771,11	0,0
771,3	0,0
771,49	0,0
771,67	0,0
771,86	0,0
772,05	0,0
772,24	0,0
772,42	0,0
772,61	0,0
772,8	0,0
772,99	0,0
773,18	0,0
773,36	0,0
773,55	0,0
773,74	0,0
773,93	0,0
774,11	0,0
774,3	0,0
774,49	0,0
774,68	0,0
774,87	0,0
775,05	0,0
775,24	0,0
775,43	0,0
775,62	0,0
775,8	0,0
775,99	0,0
776,18	0,0
776,37	0,0
776,55	0,0
776,74	0,0
776,93	0,0
777,12	0,0
777,3	0,0
777,49	0,0
777,68	0,0
777,87	0,0
778,05	0,0
778,24	0,0
778,43	0,0
778,62	0,0
778,8	0,0
778,99	0,0
779,18	0,0
779,36	0,0
779,55	0,0
779,74	0,0
779,93	0,0
780,11	0,0
780,3	0,0
780,49	0,0
780,68	0,0
780,86	0,0
781,05	0,0
781,24	0,0
781,42	0,0
781,61	0,0
781,8	0,0
781,98	0,0
782,17	0,0
782,36	0,0
782,55	0,0
782,73	0,0
782,92	0,0
783,11	0,0
783,29	0,0
783,48	0,0
783,67	0,0
783,85	0,0
784,04	0,0
784,23	0,0
784,42	0,0
784,6	0,0
784,79	0,0
784,98	0,0
785,16	0,0
785,35	0,0
785,54	0,0
785,72	0,0
785,91	0,0
786,1	0,0
786,28	0,0
786,47	0,0
786,66	0,0
786,84	0,0
787,03	0,0
787,22	0,0
787,4	0,0
787,59	0,0
787,78	0,0
787,96	0,0
788,15	0,0
788,34	0,0
788,52	0,0
788,71	0,0
788,89	0,0
789,08	0,0
789,27	0,0
789,45	0,0
789,64	0,0
789,83	0,0
790,01	0,0
790,2	0,0
790,39	0,0
790,57	0,0
790,76	0,0
790,95	0,0
791,13	0,0
791,32	0,0
791,5	0,0
791,69	0,0
791,88	0,0
792,06	0,0
792,25	0,0
792,43	0,0
792,62	0,0
792,81	0,0
792,99	0,0
793,18	0,0
793,37	0,0
793,55	0,0
793,74	0,0
793,92	0,0
794,11	0,0
794,3	0,0
794,48	0,0
794,67	0,0
794,85	0,0
795,04	0,0
795,23	0,0
795,41	0,0
795,6	0,0
795,78	0,0
795,97	0,0
796,15	0,0
796,34	0,0
796,53	0,0
796,71	0,0
796,9	0,0
797,08	0,0
797,27	0,0
797,46	0,0
797,64	0,0
797,83	0,0
798,01	0,0
798,2	0,0
798,38	0,0
798,57	0,0
798,76	0,0
798,94	0,0
799,13	0,0
799,31	0,0
799,5	0,0
799,68	0,0
799,87	0,0
800,05	0,0
800,24	0,0
800,43	0,0
800,61	0,0
800,8	0,0
800,98	0,0
801,17	0,0
801,35	0,0
801,54	0,0
801,72	0,0
801,91	0,0
802,09	0,0
802,28	0,0
802,46	0,0
802,65	0,0
802,84	0,0
803,02	0,0
803,21	0,0
803,39	0,0
803,58	0,0
803,76	0,0
803,95	0,0
804,13	0,0
804,32	0,0
804,5	0,0
804,69	0,0
804,87	0,0
805,06	0,0
805,24	0,0
805,43	0,0
805,61	0,0
805,8	0,0
805,98	0,0
806,17	0,0
806,35	0,0
806,54	0,0
806,72	0,0
806,91	0,0
807,09	0,0
807,28	0,0
807,46	0,0
807,65	0,0
807,83	0,0
808,02	0,0
808,2	0,0
808,39	0,0
808,57	0,0
808,76	0,0
808,94	0,0
809,13	0,0
809,31	0,0
809,49	0,0
809,68	0,0
809,86	0,0
810,05	0,0
810,23	0,0
810,42	0,0
810,6	0,0
810,79	0,0
810,97	0,0
811,16	0,0
811,34	0,0
811,53	0,0
811,71	0,0
811,89	0,0
812,08	0,0
812,26	0,0
812,45	0,0
812,63	0,0
812,82	0,0
813,0	0,0
813,19	0,0
813,37	0,0
813,55	0,0
813,74	0,0
813,92	0,0
814,11	0,0
814,29	0,0
814,48	0,0
814,66	0,0
814,84	0,0
815,03	0,0
815,21	0,0
815,4	0,0
815,58	0,0
815,77	0,0
815,95	0,0
816,13	0,0
816,32	0,0
816,5	0,0
816,69	0,0
816,87	0,0
817,05	0,0
817,24	0,0
817,42	0,0
817,61	0,0
817,79	0,0
817,97	0,0
818,16	0,0
818,34	0,0
818,53	0,0
818,71	0,0
818,89	0,0
819,08	0,0
819,26	0,0
819,45	0,0
819,63	0,0
819,81	0,0
820,0	0,0
820,18	0,0
820,36	0,0
820,55	0,0
820,73	0,0
820,92	0,0
821,1	0,0
821,28	0,0
821,47	0,0
821,65	0,0
821,83	0,0
822,02	0,0
822,2	0,0
822,39	0,0
822,57	0,0
822,75	0,0
822,94	0,0
823,12	0,0
823,3	0,0
823,49	0,0
823,67	0,0
823,85	0,0
824,04	0,0
824,22	0,0
824,4	0,0
824,59	0,0
824,77	0,0
824,95	0,0
825,14	0,0
825,32	0,0
825,5	0,0
825,69	0,0
825,87	0,0
826,05	0,0
826,24	0,0
826,42	0,0
826,6	0,0
826,79	0,0
826,97	0,0
827,15	0,0
827,34	0,0
827,52	0,0
827,7	0,0
827,89	0,0
828,07	0,0
828,25	0,0
828,44	0,0
828,62	0,0
828,8	0,0
828,98	0,0
829,17	0,0
829,35	0,0
829,53	0,0
829,72	0,0
829,9	0,0
830,08	0,0
830,27	0,0
830,45	0,0
830,63	0,0
830,81	0,0
831,0	0,0
831,18	0,0
831,36	0,0
831,55	0,0
831,73	0,0
831,91	0,0
832,09	0,0
832,28	0,0
832,46	0,0
832,64	0,0
832,82	0,0
833,01	0,0
833,19	0,0
833,37	0,0
833,55	0,0
833,74	0,0
833,92	0,0
834,1	0,0
834,29	0,0
834,47	0,0
834,65	0,0
834,83	0,0
835,02	0,0
835,2	0,0
835,38	0,0
835,56	0,0
835,75	0,0
835,93	0,0
836,11	0,0
836,29	0,0
836,47	0,0
836,66	0,0
836,84	0,0
837,02	0,0
837,2	0,0
837,39	0,0
837,57	0,0
837,75	0,0
837,93	0,0
838,12	0,0
838,3	0,0
838,48	0,0
838,66	0,0
838,84	0,0
839,03	0,0
839,21	0,0
839,39	0,0
839,57	0,0
839,75	0,0
839,94	0,0
840,12	0,0
840,3	0,0
840,48	0,0
840,66	0,0
840,85	0,0
841,03	0,0
841,21	0,0
841,39	0,0
841,57	0,0
841,76	0,0
841,94	0,0
842,12	0,0
842,3	0,0
842,48	0,0
842,67	0,0
842,85	0,0
843,03	0,0
843,21	0,0
843,39	0,0
843,57	0,0
843,76	0,0
843,94	0,0
844,12	0,0
844,3	0,0
844,48	0,0
844,66	0,0
844,85	0,0
845,03	0,0
845,21	0,0
845,39	0,0
845,57	0,0
845,75	0,0
845,94	0,0
846,12	0,0
846,3	0,0
846,48	0,0
846,66	0,0
846,84	0,0
847,02	0,0
847,21	0,0
847,39	0,0
847,57	0,0
847,75	0,0
847,93	0,0
848,11	0,0
848,29	0,0
848,48	0,0
848,66	0,0
848,84	0,0
849,02	0,0
849,2	0,0
849,38	0,0
849,56	0,0
849,74	0,0
849,93	0,0
850,11	0,0
850,29	0,0
850,47	0,0
850,65	0,0
850,83	0,0
851,01	0,0
851,19	0,0
851,37	0,0
851,56	0,0
851,74	0,0
851,92	0,0
852,1	0,0
852,28	0,0
852,46	0,0
852,64	0,0
852,82	0,0
853,0	0,0
853,18	0,0
853,37	0,0
853,55	0,0
853,73	0,0
853,91	0,0
854,09	0,0
854,27	0,0
854,45	0,0
854,63	0,0
854,81	0,0
854,99	0,0
855,17	0,0
855,35	0,0
855,53	0,0
855,72	0,0
855,9	0,0
856,08	0,0
856,26	0,0
856,44	0,0
856,62	0,0
856,8	0,0
856,98	0,0
857,16	0,0
857,34	0,0
857,52	0,0
857,7	0,0
857,88	0,0
858,06	0,0
858,24	0,0
858,42	0,0
858,6	0,0
858,78	0,0
858,96	0,0
859,15	0,0
859,33	0,0
859,51	0,0
859,69	0,0
859,87	0,0
860,05	0,0
860,23	0,0
860,41	0,0
860,59	0,0
860,77	0,0
860,95	0,0
861,13	0,0
861,31	0,0
861,49	0,0
861,67	0,0
861,85	0,0
862,03	0,0
862,21	0,0
862,39	0,0
862,57	0,0
862,75	0,0
862,93	0,0
863,11	0,0
863,29	0,0
863,47	0,0
863,65	0,0
863,83	0,0
864,01	0,0
864,19	0,0
864,37	0,0
864,55	0,0
864,73	0,0
864,91	0,0
865,09	0,0
865,27	0,0
865,45	0,0
865,63	0,0
865,81	0,0
865,99	0,0
866,17	0,0
866,35	0,0
866,53	0,0
866,71	0,0
866,89	0,0
867,07	0,0
867,24	0,0
867,42	0,0
867,6	0,0
867,78	0,0
867,96	0,0
868,14	0,0
868,32	0,0
868,5	0,0
868,68	0,0
868,86	0,0
869,04	0,0
869,22	0,0
869,4	0,0
869,58	0,0
869,76	0,0
869,94	0,0
870,12	0,0
870,3	0,0
870,48	0,0
870,66	0,0
870,83	0,0
871,01	0,0
871,19	0,0
871,37	0,0
871,55	0,0
871,73	0,0
871,91	0,0
872,09	0,0
872,27	0,0
872,45	0,0
872,63	0,0
872,81	0,0
872,98	0,0
873,16	0,0
873,34	0,0
873,52	0,0
873,7	0,0
873,88	0,0
874,06	0,0
874,24	0,0
874,42	0,0
874,6	0,0
874,78	0,0
874,95	0,0
875,13	0,0
875,31	0,0
875,49	0,0
875,67	0,0
875,85	0,0
876,03	0,0
876,21	0,0
876,39	0,0
876,56	0,0
876,74	0,0
876,92	0,0
877,1	0,0
877,28	0,0
877,46	0,0
877,64	0,0
877,82	0,0
877,99	0,0
878,17	0,0
878,35	0,0
878,53	0,0
878,71	0,0
878,89	0,0
879,07	0,0
879,24	0,0
879,42	0,0
879,6	0,0
879,78	0,0
879,96	0,0
880,14	0,0
880,32	0,0
880,49	0,0
880,67	0,0
880,85	0,0
881,03	0,0
881,21	0,0
881,39	0,0
881,56	0,0
881,74	0,0
881,92	0,0
882,1	0,0
882,28	0,0
882,46	0,0
882,63	0,0
882,81	0,0
882,99	0,0
883,17	0,0
883,35	0,0
883,52	0,0
883,7	0,0
883,88	0,0
884,06	0,0
884,24	0,0
884,42	0,0
884,59	0,0
884,77	0,0
884,95	0,0
885,13	0,0
885,31	0,0
885,48	0,0
885,66	0,0
885,84	0,0
886,02	0,0
886,2	0,0
886,37	0,0
886,55	0,0
886,73	0,0
886,91	0,0
887,08	0,0
887,26	0,0
887,44	0,0
887,62	0,0
887,8	0,0
887,97	0,0
888,15	0,0
888,33	0,0
888,51	0,0
888,68	0,0
888,86	0,0
889,04	0,0
889,22	0,0
889,4	0,0
889,57	0,0
889,75	0,0
889,93	0,0
890,11	0,0
890,28	0,0
890,46	0,0
890,64	0,0
890,82	0,0
890,99	0,0
891,17	0,0
891,35	0,0
891,53	0,0
891,7	0,0
891,88	0,0
892,06	0,0
892,24	0,0
892,41	0,0
892,59	0,0
892,77	0,0
892,94	0,0
893,12	0,0
893,3	0,0
893,48	0,0
893,65	0,0
893,83	0,0
894,01	0,0
894,19	0,0
894,36	0,0
894,54	0,0
894,72	0,0
894,89	0,0
895,07	0,0
895,25	0,0
895,43	0,0
895,6	0,0
895,78	0,0
895,96	0,0
896,13	0,0
896,31	0,0
896,49	0,0
896,66	0,0
896,84	0,0
897,02	0,0
897,2	0,0
897,37	0,0
897,55	0,0
897,73	0,0
897,9	0,0
898,08	0,0
898,26	0,0
898,43	0,0
898,61	0,0
898,79	0,0
898,96	0,0
899,14	0,0
899,32	0,0
899,49	0,0
899,67	0,0
899,85	0,0
900,02	0,0
900,2	0,0
900,38	0,0
900,55	0,0
900,73	0,0
900,91	0,0
901,08	0,0
901,26	0,0
901,44	0,0
901,61	0,0
901,79	0,0
901,97	0,0
902,14	0,0
902,32	0,0
902,5	0,0
902,67	0,0
902,85	0,0
903,02	0,0
903,2	0,0
903,38	0,0
903,55	0,0
903,73	0,0
903,91	0,0
904,08	0,0
904,26	0,0
904,44	0,0
904,61	0,0
904,79	0,0
904,96	0,0
905,14	0,0
905,32	0,0
905,49	0,0
905,67	0,0
905,84	0,0
906,02	0,0
906,2	0,0
906,37	0,0
906,55	0,0
906,73	0,0
906,9	0,0
907,08	0,0
907,25	0,0
907,43	0,0
907,61	0,0
907,78	0,0
907,96	0,0
908,13	0,0
908,31	0,0
908,48	0,0
908,66	0,0
908,84	0,0
909,01	0,0
909,19	0,0
909,36	0,0
909,54	0,0
909,72	0,0
909,89	0,0
910,07	0,0
910,24	0,0
910,42	0,0
910,59	0,0
910,77	0,0
910,95	0,0
911,12	0,0
911,3	0,0
911,47	0,0
911,65	0,0
911,82	0,0
912,0	0,0
912,17	0,0
912,35	0,0
912,53	0,0
912,7	0,0
912,88	0,0
913,05	0,0
913,23	0,0
913,4	0,0
913,58	0,0
913,75	0,0
913,93	0,0
914,1	0,0
914,28	0,0
914,46	0,0
914,63	0,0
914,81	0,0
914,98	0,0
915,16	0,0
915,33	0,0
915,51	0,0
915,68	0,0
915,86	0,0
916,03	0,0
916,21	0,0
916,38	0,0
916,56	0,0
916,73	0,0
916,91	0,0
917,08	0,0
917,26	0,0
917,43	0,0
917,61	0,0
917,78	0,0
917,96	0,0
918,13	0,0
918,31	0,0
918,48	0,0
918,66	0,0
918,83	0,0
919,01	0,0
919,18	0,0
919,36	0,0
919,53	0,0
919,71	0,0
919,88	0,0
920,06	0,0
920,23	0,0
920,41	0,0
920,58	0,0
920,76	0,0
920,93	0,0
921,11	0,0
921,28	0,0
921,45	0,0
921,63	0,0
921,8	0,0
921,98	0,0
922,15	0,0
922,33	0,0
922,5	0,0
922,68	0,0
922,85	0,0
923,03	0,0
923,2	0,0
923,38	0,0
923,55	0,0
923,72	0,0
923,9	0,0
924,07	0,0
924,25	0,0
924,42	0,0
924,6	0,0
924,77	0,0
924,95	0,0
925,12	0,0
925,29	0,0
925,47	0,0
925,64	0,0
925,82	0,0
925,99	0,0
926,17	0,0
926,34	0,0
926,51	0,0
926,69	0,0
926,86	0,0
927,04	0,0
927,21	0,0
927,38	0,0
927,56	0,0
927,73	0,0
927,91	0,0
928,08	0,0
928,25	0,0
928,43	0,0
928,6	0,0
928,78	0,0
928,95	0,0
929,12	0,0
929,3	0,0
929,47	0,0
929,65	0,0
929,82	0,0
929,99	0,0
930,17	0,0
930,34	0,0
930,52	0,0
930,69	0,0
930,86	0,0
931,04	0,0
931,21	0,0
931,38	0,0
931,56	0,0
931,73	0,0
931,91	0,0
932,08	0,0
932,25	0,0
932,43	0,0
932,6	0,0
932,77	0,0
932,95	0,0
933,12	0,0
933,29	0,0
933,47	0,0
933,64	0,0
933,82	0,0
933,99	0,0
934,16	0,0
934,34	0,0
934,51	0,0
934,68	0,0
934,86	0,0
935,03	0,0
935,2	0,0
935,38	0,0
935,55	0,0
935,72	0,0
935,9	0,0
936,07	0,0
936,24	0,0
936,42	0,0
936,59	0,0
936,76	0,0
936,94	0,0
937,11	0,0
937,28	0,0
937,46	0,0
937,63	0,0
937,8	0,0
937,97	0,0
938,15	0,0
938,32	0,0
938,49	0,0
938,67	0,0
938,84	0,0
939,01	0,0
939,19	0,0
939,36	0,0
939,53	0,0
939,7	0,0
939,88	0,0
940,05	0,0
940,22	0,0
940,4	0,0
940,57	0,0
940,74	0,0
940,92	0,0
941,09	0,0
941,26	0,0
941,43	0,0
941,61	0,0
941,78	0,0
941,95	0,0
942,12	0,0
942,3	0,0
942,47	0,0
942,64	0,0
942,82	0,0
942,99	0,0
943,16	0,0
943,33	0,0
943,51	0,0
943,68	0,0
943,85	0,0
944,02	0,0
944,2	0,0
944,37	0,0
944,54	0,0
944,71	0,0
944,89	0,0
945,06	0,0
945,23	0,0
945,4	0,0
945,58	0,0
945,75	0,0
945,92	0,0
946,09	0,0
946,27	0,0
946,44	0,0
946,61	0,0
946,78	0,0
946,95	0,0
947,13	0,0
947,3	0,0
947,47	0,0
947,64	0,0
947,82	0,0
947,99	0,0
948,16	0,0
948,33	0,0
948,5	0,0
948,68	0,0
948,85	0,0
949,02	0,0
949,19	0,0
949,36	0,0
949,54	0,0
949,71	0,0
949,88	0,0
950,05	0,0
950,22	0,0
950,4	0,0
950,57	0,0
950,74	0,0
950,91	0,0
951,08	0,0
951,26	0,0
951,43	0,0
951,6	0,0
951,77	0,0
951,94	0,0
952,11	0,0
952,29	0,0
952,46	0,0
952,63	0,0
952,8	0,0
952,97	0,0
953,15	0,0
953,32	0,0
953,49	0,0
953,66	0,0
953,83	0,0
954,0	0,0
954,17	0,0
954,35	0,0
954,52	0,0
954,69	0,0
954,86	0,0
955,03	0,0
955,2	0,0
955,38	0,0
955,55	0,0
955,72	0,0
955,89	0,0
956,06	0,0
956,23	0,0
956,4	0,0
956,58	0,0
956,75	0,0
956,92	0,0
957,09	0,0
957,26	0,0
957,43	0,0
957,6	0,0
957,77	0,0
957,95	0,0
958,12	0,0
958,29	0,0
958,46	0,0
958,63	0,0
958,8	0,0
958,97	0,0
959,14	0,0
959,31	0,0
959,49	0,0
959,66	0,0
959,83	0,0
960,0	0,0
960,17	0,0
960,34	0,0
960,51	0,0
960,68	0,0
960,85	0,0
961,02	0,0
961,2	0,0
961,37	0,0
961,54	0,0
961,71	0,0
961,88	0,0
962,05	0,0
962,22	0,0
962,39	0,0
962,56	0,0
962,73	0,0
962,9	0,0
963,07	0,0
963,24	0,0
963,42	0,0
963,59	0,0
963,76	0,0
963,93	0,0
964,1	0,0
964,27	0,0
964,44	0,0
964,61	0,0
964,78	0,0
964,95	0,0
965,12	0,0
965,29	0,0
965,46	0,0
965,63	0,0
965,8	0,0
965,97	0,0
966,14	0,0
966,31	0,0
966,48	0,0
966,66	0,0
966,83	0,0
967,0	0,0
967,17	0,0
967,34	0,0
967,51	0,0
967,68	0,0
967,85	0,0
968,02	0,0
968,19	0,0
968,36	0,0
968,53	0,0
968,7	0,0
968,87	0,0
969,04	0,0
969,21	0,0
969,38	0,0
969,55	0,0
969,72	0,0
969,89	0,0
970,06	0,0
970,23	0,0
970,4	0,0
970,57	0,0
970,74	0,0
970,91	0,0
971,08	0,0
971,25	0,0
971,42	0,0
971,59	0,0
971,76	0,0
971,93	0,0
972,1	0,0
972,27	0,0
972,44	0,0
972,61	0,0
972,78	0,0
972,95	0,0
973,12	0,0
973,29	0,0
973,46	0,0
973,63	0,0
973,8	0,0
973,97	0,0
974,14	0,0
974,3	0,0
974,47	0,0
974,64	0,0
974,81	0,0
974,98	0,0
975,15	0,0
975,32	0,0
975,49	0,0
975,66	0,0
975,83	0,0
976,0	0,0
976,17	0,0
976,34	0,0
976,51	0,0
976,68	0,0
976,85	0,0
977,02	0,0
977,19	0,0
977,36	0,0
977,52	0,0
977,69	0,0
977,86	0,0
978,03	0,0
978,2	0,0
978,37	0,0
978,54	0,0
978,71	0,0
978,88	0,0
979,05	0,0
979,22	0,0
979,39	0,0
979,56	0,0
979,72	0,0
979,89	0,0
980,06	0,0
980,23	0,0
980,4	0,0
980,57	0,0
980,74	0,0
980,91	0,0
981,08	0,0
981,25	0,0
981,41	0,0
981,58	0,0
981,75	0,0
981,92	0,0
982,09	0,0
982,26	0,0
982,43	0,0
982,6	0,0
982,77	0,0
982,93	0,0
983,1	0,0
983,27	0,0
983,44	0,0
983,61	0,0
983,78	0,0
983,95	0,0
984,11	0,0
984,28	0,0
984,45	0,0
984,62	0,0
984,79	0,0
984,96	0,0
985,13	0,0
985,3	0,0
985,46	0,0
985,63	0,0
985,8	0,0
985,97	0,0
986,14	0,0
986,31	0,0
986,47	0,0
986,64	0,0
986,81	0,0
986,98	0,0
987,15	0,0
987,32	0,0
987,48	0,0
987,65	0,0
987,82	0,0
987,99	0,0
988,16	0,0
988,33	0,0
988,49	0,0
988,66	0,0
988,83	0,0
989,0	0,0
989,17	0,0
989,34	0,0
989,5	0,0
989,67	0,0
989,84	0,0
990,01	0,0
990,18	0,0
990,34	0,0
990,51	0,0
990,68	0,0
990,85	0,0
991,02	0,0
991,18	0,0
991,35	0,0
991,52	0,0
991,69	0,0
991,86	0,0
992,02	0,0
992,19	0,0
992,36	0,0
992,53	0,0
992,69	0,0
992,86	0,0
993,03	0,0
993,2	0,0
993,37	0,0
993,53	0,0
993,7	0,0
993,87	0,0
994,04	0,0
994,2	0,0
994,37	0,0
994,54	0,0
994,71	0,0
994,87	0,0
995,04	0,0
995,21	0,0
995,38	0,0
995,55	0,0
995,71	0,0
995,88	0,0
996,05	0,0
996,22	0,0
996,38	0,0
996,55	0,0
996,72	0,0
996,88	0,0
997,05	0,0
997,22	0,0
997,39	0,0
997,55	0,0
997,72	0,0
997,89	0,0
998,06	0,0
998,22	0,0
998,39	0,0
998,56	0,0
998,73	0,0
998,89	0,0
999,06	0,0
999,23	0,0
999,39	0,0
999,56	0,0
999,73	0,0
999,9	0,0
1000,06	0,0
1000,23	0,0
1000,4	0,0
1000,56	0,0
1000,73	0,0
1000,9	0,0
1001,06	0,0
1001,23	0,0
1001,4	0,0
1001,57	0,0
1001,73	0,0
1001,9	0,0
1002,07	0,0
1002,23	0,0
1002,4	0,0
1002,57	0,0
1002,73	0,0
1002,9	0,0
1003,07	0,0
1003,23	0,0
1003,4	0,0
1003,57	0,0
1003,73	0,0
1003,9	0,0
1004,07	0,0
1004,23	0,0
1004,4	0,0
1004,57	0,0
1004,73	0,0
1004,9	0,0
1005,07	0,0
1005,23	0,0
1005,4	0,0
1005,57	0,0
1005,73	0,0
1005,9	0,0
1006,07	0,0
1006,23	0,0
1006,4	0,0
1006,57	0,0
1006,73	0,0
1006,9	0,0
1007,06	0,0
1007,23	0,0
1007,4	0,0
1007,56	0,0
1007,73	0,0
1007,9	0,0
1008,06	0,0
1008,23	0,0
1008,4	0,0
1008,56	0,0
1008,73	0,0
1008,89	0,0
1009,06	0,0
1009,23	0,0
1009,39	0,0
1009,56	0,0
1009,72	0,0
1009,89	0,0
1010,06	0,0
1010,22	0,0
1010,39	0,0
1010,55	0,0
1010,72	0,0
1010,89	0,0
1011,05	0,0
1011,22	0,0
1011,38	0,0
1011,55	0,0
1011,72	0,0
1011,88	0,0
1012,05	0,0
1012,21	0,0
1012,38	0,0
1012,55	0,0
1012,71	0,0
1012,88	0,0
1013,04	0,0
1013,21	0,0
1013,37	0,0
1013,54	0,0
1013,71	0,0
1013,87	0,0
1014,04	0,0
1014,2	0,0
1014,37	0,0
1014,53	0,0
1014,7	0,0
1014,87	0,0
1015,03	0,0
1015,2	0,0
1015,36	0,0
1015,53	0,0
1015,69	0,0
1015,86	0,0
1016,02	0,0
1016,19	0,0
1016,36	0,0
1016,52	0,0
1016,69	0,0
1016,85	0,0
1017,02	0,0
1017,18	0,0
1017,35	0,0
1017,51	0,0
1017,68	0,0
1017,84	0,0
1018,01	0,0
1018,17	0,0
1018,34	0,0
1018,5	0,0
1018,67	0,0
1018,84	0,0
1019,0	0,0
1019,17	0,0
1019,33	0,0
1019,5	0,0
1019,66	0,0
1019,83	0,0
1019,99	0,0
1020,16	0,0
1020,32	0,0
1020,49	0,0
1020,65	0,0
1020,82	0,0
1020,98	0,0
1021,15	0,0
1021,31	0,0
1021,48	0,0
1021,64	0,0
1021,81	0,0
1021,97	0,0
1022,14	0,0
1022,3	0,0
1022,47	0,0
1022,63	0,0
1022,79	0,0
1022,96	0,0
1023,12	0,0
1023,29	0,0
1023,45	0,0
1023,62	0,0
1023,78	0,0
1023,95	0,0
1024,11	0,0
1024,28	0,0
1024,44	0,0
1024,61	0,0
1024,77	0,0
1024,94	0,0
1025,1	0,0
1025,26	0,0
1025,43	0,0
1025,59	0,0
1025,76	0,0
1025,92	0,0
1026,09	0,0
1026,25	0,0
1026,42	0,0
1026,58	0,0
1026,74	0,0
1026,91	0,0
1027,07	0,0
1027,24	0,0
1027,4	0,0
1027,57	0,0
1027,73	0,0
1027,9	0,0
1028,06	0,0
1028,22	0,0
1028,39	0,0
1028,55	0,0
1028,72	0,0
1028,88	0,0
1029,04	0,0
1029,21	0,0
1029,37	0,0
1029,54	0,0
1029,7	0,0
1029,87	0,0
1030,03	0,0
1030,19	0,0
1030,36	0,0
1030,52	0,0
1030,69	0,0
1030,85	0,0
1031,01	0,0
1031,18	0,0
1031,34	0,0
1031,5	0,0
1031,67	0,0
1031,83	0,0
1032,0	0,0
1032,16	0,0
1032,32	0,0
1032,49	0,0
1032,65	0,0
1032,82	0,0
1032,98	0,0
1033,14	0,0
1033,31	0,0
1033,47	0,0
1033,63	0,0
1033,8	0,0
1033,96	0,0
1034,13	0,0
1034,29	0,0
1034,45	0,0
1034,62	0,0
1034,78	0,0
1034,94	0,0
1035,11	0,0
1035,27	0,0
1035,43	0,0
1035,6	0,0
1035,76	0,0
1035,92	0,0
1036,09	0,0
1036,25	0,0
1036,41	0,0
1036,58	0,0
1036,74	0,0
1036,9	0,0
1037,07	0,0
1037,23	0,0
1037,39	0,0
1037,56	0,0
1037,72	0,0
1037,88	0,0
1038,05	0,0
1038,21	0,0
1038,37	0,0
1038,54	0,0
1038,7	0,0
1038,86	0,0
1039,03	0,0
1039,19	0,0
1039,35	0,0
1039,52	0,0
1039,68	0,0
1039,84	0,0
1040,0	0,0
1040,17	0,0
1040,33	0,0
1040,49	0,0
1040,66	0,0
1040,82	0,0
1040,98	0,0
1041,15	0,0
1041,31	0,0
1041,47	0,0
1041,63	0,0
1041,8	0,0
1041,96	0,0
1042,12	0,0
1042,29	0,0
1042,45	0,0
1042,61	0,0
1042,77	0,0
1042,94	0,0
1043,1	0,0
1043,26	0,0
1043,42	0,0
1043,59	0,0
1043,75	0,0
1043,91	0,0
1044,07	0,0
1044,24	0,0
1044,4	0,0
