345,22	-1432,23
345,44	-1432,23
345,66	-1432,23
345,88	-1409,16
346,10	-1339,14
346,32	-1343,59
346,54	-1326,23
346,75	-1334,24
346,97	-1374,40
347,19	-1390,62
347,41	-1339,01
347,63	-1440,08
347,85	-1377,19
348,07	-1304,70
348,29	-1369,49
348,51	-1346,53
348,73	-1331,68
348,95	-1415,34
349,16	-1347,93
349,38	-1364,64
349,60	-1357,71
349,82	-1432,71
350,04	-1377,33
350,26	-1405,91
350,48	-1391,54
350,70	-1372,27
350,92	-1316,31
351,14	-1315,64
351,35	-1297,99
351,57	-1329,67
351,79	-1315,03
352,01	-1338,91
352,23	-1424,35
352,45	-1349,84
352,67	-1387,42
352,89	-1387,66
353,10	-1382,99
353,32	-1352,02
353,54	-1284,88
353,76	-1294,85
353,98	-1293,67
354,20	-1363,50
354,42	-1312,42
354,64	-1347,20
354,85	-1253,49
355,07	-1274,62
355,29	-1307,82
355,51	-1402,73
355,73	-1344,01
355,95	-1277,89
356,17	-1374,17
356,38	-1359,64
356,60	-1379,88
356,82	-1332,49
357,04	-1433,45
357,26	-1331,07
357,48	-1354,75
357,69	-1382,34
357,91	-1327,24
358,13	-1372,35
358,35	-1360,84
358,57	-1336,60
358,79	-1332,16
359,01	-1359,27
359,22	-1403,18
359,44	-1401,98
359,66	-1319,62
359,88	-1354,23
360,10	-1342,20
360,32	-1308,28
360,53	-1306,51
360,75	-1394,41
360,97	-1328,79
361,19	-1400,28
361,41	-1390,17
361,62	-1324,41
361,84	-1414,12
362,06	-1342,37
362,28	-1408,13
362,50	-1324,89
362,72	-1362,53
362,93	-1385,69
363,15	-1348,25
363,37	-1366,12
363,59	-1268,19
363,81	-1401,42
364,02	-1402,46
364,24	-1341,13
364,46	-1384,60
364,68	-1357,27
364,90	-1299,63
365,11	-1393,91
365,33	-1303,57
365,55	-1237,60
365,77	-1375,63
365,99	-1360,55
366,20	-1334,00
366,42	-1428,65
366,64	-1286,74
366,86	-1339,25
367,07	-1350,98
367,29	-1314,67
367,51	-1299,78
367,73	-1455,90
367,95	-1438,63
368,16	-1321,89
368,38	-1310,62
368,60	-1286,43
368,82	-1348,87
369,03	-1356,63
369,25	-1282,21
369,47	-1313,60
369,69	-1383,73
369,91	-1415,60
370,12	-1399,86
370,34	-1338,43
370,56	-1402,65
370,78	-1391,12
370,99	-1340,36
371,21	-1265,07
371,43	-1363,17
371,65	-1328,92
371,86	-1300,78
372,08	-1266,58
372,30	-1386,85
372,52	-1281,63
372,73	-1369,80
372,95	-1395,44
373,17	-1292,56
373,39	-1309,59
373,60	-1343,93
373,82	-1319,81
374,04	-1320,49
374,26	-1321,17
374,47	-1296,02
374,69	-1393,89
374,91	-1342,59
375,12	-1340,63
375,34	-1433,12
375,56	-1318,49
375,78	-1289,54
375,99	-1367,09
376,21	-1361,25
376,43	-1350,99
376,65	-1318,56
376,86	-1275,40
377,08	-1347,85
377,30	-1394,50
377,51	-1395,03
377,73	-1381,35
377,95	-1402,56
378,17	-1334,58
378,38	-1329,90
378,60	-1334,23
378,82	-1364,50
379,03	-1303,26
379,25	-1377,35
379,47	-1298,29
379,68	-1385,69
379,90	-1328,51
380,12	-1319,36
380,34	-1387,74
380,55	-1353,44
380,77	-1357,52
380,99	-1347,44
381,20	-1307,27
381,42	-1414,55
381,64	-1468,26
381,85	-1405,93
382,07	-1390,80
382,29	-1315,21
382,50	-1289,16
382,72	-1284,14
382,94	-1301,41
383,15	-1331,56
383,37	-1374,63
383,59	-1338,93
383,80	-1304,11
384,02	-1363,78
384,24	-1341,76
384,45	-1378,46
384,67	-1317,37
384,89	-1374,88
385,10	-1384,87
385,32	-1325,56
385,54	-1339,90
385,75	-1365,47
385,97	-1275,83
386,19	-1326,80
386,40	-1323,83
386,62	-1371,52
386,84	-1380,12
387,05	-1386,43
387,27	-1362,59
387,49	-1418,79
387,70	-1367,61
387,92	-1315,69
388,14	-1314,75
388,35	-1245,54
388,57	-1405,12
388,79	-1391,29
389,00	-1333,10
389,22	-1431,40
389,43	-1280,37
389,65	-1247,60
389,87	-1342,33
390,08	-1384,30
390,30	-1380,81
390,52	-1371,56
390,73	-1373,59
390,95	-1290,35
391,17	-1303,06
391,38	-1299,69
391,60	-1387,51
391,81	-1389,97
392,03	-1328,19
392,25	-1310,17
392,46	-1299,02
392,68	-1375,79
392,89	-1418,13
393,11	-1349,18
393,33	-1360,96
393,54	-1338,54
393,76	-1290,49
393,98	-1441,32
394,19	-1357,85
394,41	-1347,84
394,62	-1359,98
394,84	-1369,25
395,06	-1399,37
395,27	-1318,05
395,49	-1251,20
395,70	-1339,12
395,92	-1350,79
396,13	-1400,52
396,35	-1403,07
396,57	-1324,67
396,78	-1359,97
397,00	-1372,50
397,21	-1277,91
397,43	-1343,28
397,65	-1324,28
397,86	-1331,96
398,08	-1371,61
398,29	-1321,17
398,51	-1345,71
398,72	-1261,75
398,94	-1323,31
399,16	-1359,69
399,37	-1401,20
399,59	-1364,11
399,80	-1372,77
400,02	-1350,31
400,23	-1287,64
400,45	-1402,46
400,67	-1329,84
400,88	-1333,98
401,10	-1352,11
401,31	-1393,48
401,53	-1456,80
401,74	-1354,74
401,96	-1448,36
402,17	-1365,96
402,39	-1367,76
402,61	-1291,75
402,82	-1390,61
403,04	-1296,69
403,25	-1351,96
403,47	-1322,98
403,68	-1442,05
403,90	-1322,29
404,11	-1408,05
404,33	-1347,43
404,54	-1344,75
404,76	-1327,05
404,97	-1414,70
405,19	-1287,82
405,41	-1440,34
405,62	-1397,63
405,84	-1343,67
406,05	-1331,36
406,27	-1320,01
406,48	-1353,63
406,70	-1300,87
406,91	-1347,56
407,13	-1317,63
407,34	-1354,73
407,56	-1405,43
407,77	-1364,01
407,99	-1378,26
408,20	-1401,97
408,42	-1398,39
408,63	-1425,78
408,85	-1401,67
409,06	-1332,16
409,28	-1421,59
409,49	-1316,73
409,71	-1373,24
409,92	-1281,47
410,14	-1392,91
410,35	-1351,31
410,57	-1396,64
410,78	-1336,21
411,00	-1403,82
411,21	-1417,63
411,43	-1429,32
411,64	-1446,80
411,86	-1359,26
412,07	-1363,38
412,29	-1397,43
412,50	-1376,77
412,72	-1462,11
412,93	-1406,34
413,15	-1348,72
413,36	-1370,22
413,58	-1466,42
413,79	-1348,44
414,01	-1412,40
414,22	-1385,55
414,43	-1421,59
414,65	-1458,46
414,86	-1362,38
415,08	-1349,93
415,29	-1420,64
415,51	-1472,94
415,72	-1359,60
415,94	-1417,82
416,15	-1409,18
416,37	-1381,64
416,58	-1526,67
416,80	-1454,91
417,01	-1470,90
417,22	-1400,95
417,44	-1421,67
417,65	-1398,44
417,87	-1286,69
418,08	-1383,38
418,30	-1380,20
418,51	-1426,93
418,73	-1464,60
418,94	-1337,04
419,15	-1320,96
419,37	-1411,87
419,58	-1476,54
419,80	-1415,83
420,01	-1496,65
420,23	-1450,10
420,44	-1410,15
420,65	-1482,96
420,87	-1501,43
421,08	-1410,84
421,30	-1405,39
421,51	-1468,02
421,73	-1395,29
421,94	-1386,10
422,15	-1437,89
422,37	-1439,69
422,58	-1437,13
422,80	-1496,53
423,01	-1355,97
423,22	-1430,50
423,44	-1542,75
423,65	-1440,92
423,87	-1367,84
424,08	-1410,74
424,29	-1436,41
424,51	-1378,08
424,72	-1456,10
424,94	-1546,58
425,15	-1405,62
425,36	-1425,73
425,58	-1454,38
425,79	-1486,20
426,01	-1374,94
426,22	-1459,53
426,43	-1373,08
426,65	-1535,52
426,86	-1432,66
427,08	-1433,41
427,29	-1430,33
427,50	-1463,11
427,72	-1439,30
427,93	-1505,96
428,14	-1499,39
428,36	-1512,83
428,57	-1531,95
428,79	-1415,32
429,00	-1416,18
429,21	-1518,41
429,43	-1495,57
429,64	-1557,57
429,85	-1484,43
430,07	-1457,09
430,28	-1410,78
430,49	-1523,48
430,71	-1442,22
430,92	-1465,33
431,14	-1521,04
431,35	-1543,72
431,56	-1444,25
431,78	-1429,48
431,99	-1532,94
432,20	-1542,48
432,42	-1564,94
432,63	-1450,95
432,84	-1568,70
433,06	-1428,15
433,27	-1521,06
433,48	-1500,40
433,70	-1558,07
433,91	-1525,00
434,12	-1591,30
434,34	-1410,77
434,55	-1542,53
434,76	-1560,92
434,98	-1550,54
435,19	-1594,92
435,40	-1622,76
435,62	-1529,07
435,83	-1467,15
436,04	-1652,68
436,26	-1577,60
436,47	-1499,08
436,68	-1581,31
436,90	-1570,18
437,11	-1573,22
437,32	-1569,04
437,54	-1548,12
437,75	-1602,69
437,96	-1578,59
438,17	-1579,05
438,39	-1628,91
438,60	-1660,14
438,81	-1545,53
439,03	-1610,94
439,24	-1647,50
439,45	-1598,48
439,67	-1656,76
439,88	-1651,54
440,09	-1616,95
440,30	-1693,83
440,52	-1585,57
440,73	-1643,40
440,94	-1679,14
441,16	-1631,31
441,37	-1611,82
441,58	-1642,86
441,80	-1757,61
442,01	-1599,60
442,22	-1628,18
442,43	-1721,97
442,65	-1667,05
442,86	-1633,56
443,07	-1647,55
443,28	-1669,54
443,50	-1637,72
443,71	-1732,72
443,92	-1696,49
444,14	-1712,87
444,35	-1751,23
444,56	-1742,05
444,77	-1762,35
444,99	-1754,71
445,20	-1752,12
445,41	-1714,38
445,62	-1703,96
445,84	-1732,12
446,05	-1670,61
446,26	-1719,79
446,47	-1649,68
446,69	-1742,66
446,90	-1829,94
447,11	-1744,11
447,32	-1735,08
447,54	-1767,79
447,75	-1819,14
447,96	-1772,59
448,17	-1823,39
448,39	-1763,39
448,60	-1732,12
448,81	-1749,45
449,02	-1682,74
449,23	-1910,87
449,45	-1763,06
449,66	-1750,32
449,87	-1746,40
450,08	-1871,00
450,30	-1736,28
450,51	-1777,53
450,72	-1743,32
450,93	-1911,95
451,15	-1778,32
451,36	-1725,97
451,57	-1841,79
451,78	-1838,80
451,99	-1747,65
452,21	-1766,88
452,42	-1682,44
452,63	-1815,88
452,84	-1758,60
453,05	-1798,73
453,27	-1780,96
453,48	-1779,09
453,69	-1862,78
453,90	-1728,27
454,11	-1792,36
454,33	-1777,44
454,54	-1802,25
454,75	-1879,91
454,96	-1799,96
455,17	-1852,06
455,39	-1725,64
455,60	-1856,23
455,81	-1825,91
456,02	-1726,02
456,23	-1740,31
456,45	-1828,58
456,66	-1704,21
456,87	-1858,62
457,08	-1799,54
457,29	-1802,41
457,50	-1753,75
457,72	-1749,54
457,93	-1752,20
458,14	-1710,48
458,35	-1764,88
458,56	-1739,09
458,77	-1736,87
458,99	-1755,97
459,20	-1753,47
459,41	-1799,07
459,62	-1735,89
459,83	-1801,53
460,04	-1806,92
460,26	-1814,63
460,47	-1750,20
460,68	-1792,18
460,89	-1839,69
461,10	-1720,43
461,31	-1755,34
461,52	-1722,48
461,74	-1700,31
461,95	-1786,77
462,16	-1792,60
462,37	-1857,24
462,58	-1619,87
462,79	-1730,94
463,00	-1746,91
463,22	-1704,85
463,43	-1714,53
463,64	-1747,97
463,85	-1733,87
464,06	-1685,93
464,27	-1653,28
464,48	-1695,12
464,70	-1706,66
464,91	-1685,66
465,12	-1761,22
465,33	-1778,85
465,54	-1675,04
465,75	-1695,32
465,96	-1790,22
466,17	-1764,79
466,38	-1710,30
466,60	-1713,09
466,81	-1772,52
467,02	-1686,83
467,23	-1698,96
467,44	-1733,52
467,65	-1756,89
467,86	-1667,57
468,07	-1748,61
468,28	-1694,48
468,50	-1758,83
468,71	-1822,25
468,92	-1673,53
469,13	-1748,12
469,34	-1710,05
469,55	-1770,74
469,76	-1753,84
469,97	-1809,96
470,18	-1707,98
470,39	-1747,40
470,60	-1843,87
470,82	-1729,38
471,03	-1732,05
471,24	-1726,67
471,45	-1661,06
471,66	-1790,42
471,87	-1773,30
472,08	-1772,80
472,29	-1702,09
472,50	-1802,14
472,71	-1719,69
472,92	-1657,13
473,13	-1745,40
473,34	-1706,64
473,55	-1727,93
473,77	-1774,09
473,98	-1771,00
474,19	-1770,28
474,40	-1744,34
474,61	-1797,05
474,82	-1762,93
475,03	-1845,61
475,24	-1854,76
475,45	-1796,18
475,66	-1700,43
475,87	-1755,06
476,08	-1733,01
476,29	-1719,34
476,50	-1746,96
476,71	-1844,27
476,92	-1734,95
477,13	-1795,12
477,34	-1798,67
477,55	-1748,18
477,76	-1783,37
477,97	-1823,66
478,18	-1775,61
478,40	-1925,71
478,61	-1832,79
478,82	-1851,65
479,03	-1704,33
479,24	-1815,95
479,45	-1782,12
479,66	-1805,98
479,87	-1859,85
480,08	-1877,37
480,29	-1861,72
480,50	-1899,50
480,71	-1837,49
480,92	-1861,23
481,13	-1869,19
481,34	-1898,39
481,55	-1903,17
481,76	-1869,69
481,97	-1801,56
482,18	-1871,52
482,39	-1947,65
482,60	-1902,17
482,81	-1885,17
483,02	-1806,07
483,23	-1872,59
483,44	-1821,49
483,65	-1929,74
483,86	-1940,75
484,07	-1944,55
484,28	-1828,46
484,49	-1874,25
484,70	-1912,11
484,91	-1834,94
485,12	-1910,00
485,33	-1838,07
485,54	-1951,96
485,75	-1875,01
485,96	-1989,47
486,17	-1894,39
486,38	-1848,49
486,59	-1885,14
486,80	-1930,86
487,01	-1847,34
487,21	-1909,71
487,42	-1919,97
487,63	-2036,42
487,84	-1954,40
488,05	-1917,92
488,26	-1927,62
488,47	-1930,03
488,68	-1980,27
488,89	-1911,35
489,10	-1993,69
489,31	-1957,35
489,52	-1904,27
489,73	-1960,75
489,94	-1961,60
490,15	-1970,39
490,36	-2034,09
490,57	-1958,89
490,78	-1998,70
490,99	-1976,21
491,20	-1987,12
491,41	-1979,09
491,61	-1991,48
491,82	-1969,67
492,03	-2022,93
492,24	-1943,56
492,45	-1984,20
492,66	-2052,31
492,87	-2031,24
493,08	-2017,90
493,29	-1986,49
493,50	-2030,25
493,71	-1963,54
493,92	-2013,42
494,13	-2018,72
494,34	-2053,03
494,54	-2031,91
494,75	-2059,19
494,96	-2000,04
495,17	-2064,23
495,38	-2065,68
495,59	-1997,48
495,80	-2041,99
496,01	-2027,18
496,22	-1967,98
496,43	-2020,34
496,64	-2076,53
496,84	-2082,23
497,05	-2041,82
497,26	-2017,52
497,47	-2038,16
497,68	-2085,48
497,89	-2091,10
498,10	-2114,28
498,31	-2126,53
498,52	-2042,98
498,72	-2089,13
498,93	-2064,04
499,14	-2152,25
499,35	-2102,92
499,56	-2007,85
499,77	-2048,11
499,98	-2064,72
500,19	-2070,50
500,40	-2088,03
500,60	-2176,21
500,81	-2128,48
501,02	-2189,74
501,23	-2171,62
501,44	-2097,78
501,65	-2184,01
501,86	-2222,41
502,06	-2105,97
502,27	-2049,93
502,48	-2145,00
502,69	-2098,95
502,90	-2147,98
503,11	-2180,47
503,32	-2150,76
503,53	-2195,83
503,73	-2119,60
503,94	-2149,58
504,15	-2117,84
504,36	-2128,71
504,57	-2160,19
504,78	-2186,74
504,98	-2142,35
505,19	-2226,78
505,40	-2313,43
505,61	-2154,28
505,82	-2291,19
506,03	-2127,75
506,23	-2193,25
506,44	-2161,75
506,65	-2225,64
506,86	-2154,25
507,07	-2184,03
507,28	-2164,47
507,48	-2140,10
507,69	-2125,16
507,90	-2241,70
508,11	-2164,01
508,32	-2126,76
508,53	-2287,09
508,73	-2153,10
508,94	-2154,21
509,15	-2171,21
509,36	-2214,48
509,57	-2218,65
509,77	-2255,31
509,98	-2121,58
510,19	-2282,49
510,40	-2173,54
510,61	-2272,90
510,81	-2188,01
511,02	-2174,35
511,23	-2192,84
511,44	-2138,35
511,65	-2198,75
511,85	-2219,08
512,06	-2272,47
512,27	-2176,27
512,48	-2302,54
512,69	-2232,77
512,89	-2294,71
513,10	-2318,39
513,31	-2216,16
513,52	-2277,36
513,73	-2267,17
513,93	-2201,17
514,14	-2253,00
514,35	-2173,44
514,56	-2249,77
514,76	-2339,44
514,97	-2293,61
515,18	-2298,76
515,39	-2185,59
515,60	-2227,68
515,80	-2235,97
516,01	-2236,88
516,22	-2266,09
516,43	-2248,85
516,63	-2229,48
516,84	-2326,56
517,05	-2363,86
517,26	-2266,73
517,46	-2200,87
517,67	-2318,06
517,88	-2270,76
518,09	-2384,27
518,29	-2238,12
518,50	-2192,52
518,71	-2253,13
518,92	-2197,45
519,12	-2246,41
519,33	-2266,44
519,54	-2264,43
519,75	-2319,26
519,95	-2307,55
520,16	-2348,78
520,37	-2319,90
520,57	-2320,65
520,78	-2303,98
520,99	-2388,62
521,20	-2325,44
521,40	-2293,79
521,61	-2328,03
521,82	-2415,70
522,03	-2286,90
522,23	-2326,76
522,44	-2340,68
522,65	-2307,85
522,85	-2427,50
523,06	-2387,14
523,27	-2328,04
523,48	-2237,16
523,68	-2379,02
523,89	-2243,59
524,10	-2383,42
524,30	-2477,97
524,51	-2327,57
524,72	-2394,48
524,93	-2356,72
525,13	-2383,81
525,34	-2390,50
525,55	-2274,58
525,75	-2256,36
525,96	-2367,81
526,17	-2368,78
526,37	-2313,85
526,58	-2332,42
526,79	-2461,08
526,99	-2335,40
527,20	-2267,72
527,41	-2419,17
527,62	-2431,37
527,82	-2437,81
528,03	-2381,37
528,24	-2359,28
528,44	-2331,50
528,65	-2338,04
528,86	-2334,66
529,06	-2437,91
529,27	-2416,67
529,48	-2380,42
529,68	-2332,76
529,89	-2349,62
530,10	-2381,71
530,30	-2329,06
530,51	-2439,47
530,72	-2312,36
530,92	-2363,69
531,13	-2387,01
531,34	-2481,96
531,54	-2378,56
531,75	-2440,67
531,96	-2451,27
532,16	-2429,54
532,37	-2374,99
532,57	-2425,67
532,78	-2394,09
532,99	-2403,43
533,19	-2460,27
533,40	-2463,73
533,61	-2501,11
533,81	-2325,68
534,02	-2352,55
534,23	-2405,60
534,43	-2334,11
534,64	-2455,24
534,84	-2519,30
535,05	-2396,80
535,26	-2421,73
535,46	-2442,79
535,67	-2364,16
535,88	-2401,96
536,08	-2321,29
536,29	-2469,34
536,49	-2408,32
536,70	-2334,09
536,91	-2441,66
537,11	-2401,99
537,32	-2429,54
537,53	-2412,61
537,73	-2415,09
537,94	-2435,03
538,14	-2308,88
538,35	-2419,78
538,56	-2452,87
538,76	-2466,91
538,97	-2387,40
539,17	-2454,08
539,38	-2368,83
539,59	-2283,13
539,79	-2386,64
540,00	-2492,36
540,20	-2431,89
540,41	-2309,86
540,62	-2327,04
540,82	-2403,62
541,03	-2296,78
541,23	-2398,14
541,44	-2641,90
541,64	-2368,72
541,85	-2374,79
542,06	-2386,54
542,26	-2384,96
542,47	-2413,68
542,67	-2396,55
542,88	-2426,49
543,08	-2309,70
543,29	-2510,56
543,50	-2426,65
543,70	-2373,61
543,91	-2335,90
544,11	-2273,41
544,32	-2322,70
544,52	-2377,49
544,73	-2317,11
544,94	-2510,30
545,14	-2460,90
545,35	-2401,35
545,55	-2502,37
545,76	-2462,52
545,96	-2369,25
546,17	-2287,54
546,37	-2446,81
546,58	-2438,68
546,78	-2430,40
546,99	-2338,60
547,20	-2319,96
547,40	-2415,41
547,61	-2383,00
547,81	-2422,29
548,02	-2369,27
548,22	-2289,87
548,43	-2383,70
548,63	-2404,98
548,84	-2335,39
549,04	-2476,27
549,25	-2336,53
549,45	-2355,87
549,66	-2278,14
549,86	-2254,10
550,07	-2315,11
550,27	-2305,19
550,48	-2289,00
550,69	-2320,68
550,89	-2337,00
551,10	-2246,70
551,30	-2308,67
551,51	-2390,53
551,71	-2151,78
551,92	-2181,75
552,12	-2214,84
552,33	-2253,02
552,53	-2371,65
552,74	-2250,70
552,94	-2186,79
553,15	-2251,44
553,35	-2155,92
553,56	-2122,54
553,76	-2204,27
553,97	-2085,86
554,17	-2109,88
554,38	-1975,49
554,58	-2091,42
554,79	-2204,79
554,99	-2077,28
555,19	-2206,36
555,40	-2001,51
555,60	-2038,91
555,81	-2046,67
556,01	-2086,94
556,22	-2063,17
556,42	-1973,69
556,63	-1885,90
556,83	-1928,26
557,04	-1940,39
557,24	-1813,27
557,45	-1947,70
557,65	-1930,73
557,86	-1723,76
558,06	-1813,01
558,27	-1775,23
558,47	-1782,73
558,67	-1762,24
558,88	-1767,71
559,08	-1750,38
559,29	-1664,29
559,49	-1728,21
559,70	-1565,93
559,90	-1591,85
560,11	-1603,26
560,31	-1520,40
560,52	-1447,45
560,72	-1363,24
560,92	-1279,75
561,13	-1461,12
561,33	-1266,62
561,54	-1214,33
561,74	-1247,72
561,95	-1091,35
562,15	-1053,28
562,35	-1030,79
562,56	-1009,10
562,76	-829,17
562,97	-792,41
563,17	-781,87
563,38	-769,01
563,58	-598,68
563,78	-526,35
563,99	-398,61
564,19	-389,17
564,40	-303,65
564,60	-160,83
564,80	6,83
565,01	76,41
565,21	131,41
565,42	223,99
565,62	188,74
565,83	263,51
566,03	624,10
566,23	717,19
566,44	739,28
566,64	828,59
566,85	1046,67
567,05	1125,66
567,25	1324,69
567,46	1468,71
567,66	1661,89
567,86	1664,41
568,07	1893,11
568,27	2085,19
568,48	2323,80
568,68	2478,89
568,88	2586,76
569,09	2596,65
569,29	2903,08
569,50	3039,69
569,70	3343,88
569,90	3466,32
570,11	3556,81
570,31	3835,97
570,51	4047,99
570,72	4325,13
570,92	4304,38
571,13	4674,96
571,33	4915,89
571,53	5177,49
571,74	5332,69
571,94	5608,99
572,14	5710,79
572,35	6063,01
572,55	6070,51
572,75	6439,02
572,96	6688,19
573,16	6923,93
573,36	7338,98
573,57	7433,81
573,77	7584,56
573,97	8205,27
574,18	8189,62
574,38	8433,31
574,59	8808,38
574,79	9144,15
574,99	9411,66
575,20	9657,16
575,40	10157,37
575,60	10235,57
575,81	10544,54
576,01	11030,30
576,21	11233,43
576,42	11670,47
576,62	11870,44
576,82	12101,96
577,02	12552,13
577,23	12860,61
577,43	13367,73
577,63	13789,56
577,84	14029,71
578,04	14399,40
578,24	14681,97
578,45	15382,41
578,65	15428,13
578,85	15919,13
579,06	16233,25
579,26	16818,05
579,46	17393,76
579,67	17762,06
579,87	18464,52
580,07	18878,18
580,27	19031,15
580,48	19768,81
580,68	19963,52
580,88	20580,41
581,09	21529,99
581,29	21788,42
581,49	22362,23
581,69	23048,92
581,90	23620,23
582,10	24254,32
582,30	24609,23
582,51	25544,86
582,71	25991,88
582,91	27066,29
583,11	27688,81
583,32	28354,79
583,52	29038,38
583,72	29856,07
583,93	30447,60
584,13	31648,06
584,33	32145,00
584,53	33063,33
584,74	33901,11
584,94	34724,28
585,14	35540,36
585,34	36397,98
585,55	37054,53
585,75	38276,38
585,95	39099,07
586,15	39913,88
586,36	41300,24
586,56	41859,22
586,76	43060,59
586,96	43755,80
587,17	44730,48
587,37	46026,42
587,57	46585,14
587,77	47642,78
587,98	48977,72
588,18	49436,82
588,38	50668,50
588,58	51228,01
588,79	51879,97
588,99	52361,91
589,19	53600,13
589,39	54188,78
589,60	54779,86
589,80	55805,23
590,00	56081,13
590,20	56940,75
590,40	57172,77
590,61	57250,45
590,81	58126,00
591,01	58848,17
591,21	58917,91
591,42	58882,83
591,62	59239,29
591,82	59372,37
592,02	59124,38
592,22	59610,90
592,43	59204,01
592,63	59251,54
592,83	58688,55
593,03	58976,01
593,23	58682,98
593,44	58512,30
593,64	57435,77
593,84	57061,49
594,04	56486,42
594,24	55728,56
594,45	55251,70
594,65	54509,58
594,85	54000,47
595,05	52759,70
595,25	52336,82
595,46	51358,71
595,66	50261,02
595,86	49451,28
596,06	48436,57
596,26	47547,30
596,46	46619,09
596,67	45155,67
596,87	44243,94
597,07	43072,70
597,27	41831,34
597,47	40836,85
597,67	39864,42
597,88	38726,07
598,08	37578,57
598,28	36302,01
598,48	35402,50
598,68	34326,52
598,88	33028,67
599,09	31971,91
599,29	30912,53
599,49	29940,21
599,69	29124,86
599,89	28170,84
600,09	27160,52
600,30	25981,70
600,50	25332,97
600,70	24504,25
600,90	23521,68
601,10	22888,95
601,30	21641,55
601,50	21297,96
601,71	20174,15
601,91	19478,28
602,11	18878,02
602,31	18270,48
602,51	17512,80
602,71	16914,35
602,91	16446,54
603,11	15847,22
603,32	15138,62
603,52	14634,70
603,72	14252,25
603,92	13567,29
604,12	12955,33
604,32	12563,13
604,52	12235,94
604,72	11967,99
604,93	11309,70
605,13	10918,26
605,33	10652,82
605,53	10179,72
605,73	9749,90
605,93	9473,98
606,13	9006,27
606,33	8795,70
606,53	8431,96
606,74	8067,13
606,94	7906,34
607,14	7362,26
607,34	7222,32
607,54	6966,11
607,74	6718,34
607,94	6321,96
608,14	6309,97
608,34	6002,64
608,54	5684,11
608,74	5529,65
608,95	5347,21
609,15	4963,89
609,35	4900,51
609,55	4681,98
609,75	4411,20
609,95	4350,09
610,15	4010,52
610,35	3852,03
610,55	3633,65
610,75	3411,85
610,95	3348,69
611,15	3256,97
611,35	2973,12
611,55	3042,17
611,76	2844,45
611,96	2625,45
612,16	2444,18
612,36	2360,75
612,56	2193,66
612,76	2104,37
612,96	1869,34
613,16	1826,54
613,36	1743,76
613,56	1555,03
613,76	1424,88
613,96	1299,27
614,16	1320,57
614,36	1223,85
614,56	1142,64
614,76	1047,39
614,96	907,49
615,16	686,11
615,36	746,40
615,56	616,31
615,76	539,87
615,97	572,68
616,17	393,45
616,37	364,88
616,57	320,15
616,77	124,85
616,97	102,24
617,17	150,29
617,37	35,97
617,57	-41,76
617,77	-20,37
617,97	-172,49
618,17	-152,38
618,37	-147,60
618,57	-343,27
618,77	-381,84
618,97	-466,25
619,17	-440,11
619,37	-432,63
619,57	-556,28
619,77	-562,52
619,97	-668,17
620,17	-826,05
620,37	-682,19
620,57	-763,65
620,77	-767,94
620,97	-892,08
621,17	-911,57
621,37	-916,06
621,57	-959,81
621,77	-984,84
621,97	-933,98
622,17	-1152,00
622,37	-987,89
622,57	-1184,26
622,77	-1154,75
622,97	-1163,58
623,17	-1134,82
623,37	-1107,64
623,57	-1194,85
623,77	-1267,24
623,97	-1256,93
624,16	-1290,06
624,36	-1308,94
624,56	-1351,03
624,76	-1272,26
624,96	-1328,26
625,16	-1356,06
625,36	-1344,32
625,56	-1477,03
625,76	-1431,96
625,96	-1480,05
626,16	-1519,69
626,36	-1381,22
626,56	-1462,05
626,76	-1460,90
626,96	-1523,62
627,16	-1544,55
627,36	-1637,63
627,56	-1522,60
627,76	-1555,38
627,96	-1589,32
628,16	-1590,04
628,35	-1615,05
628,55	-1638,53
628,75	-1618,02
628,95	-1661,10
629,15	-1730,81
629,35	-1645,97
629,55	-1664,67
629,75	-1691,45
629,95	-1643,75
630,15	-1792,21
630,35	-1671,63
630,55	-1749,06
630,75	-1756,05
630,95	-1712,03
631,14	-1741,90
631,34	-1675,56
631,54	-1747,18
631,74	-1699,12
631,94	-1747,52
632,14	-1790,30
632,34	-1749,59
632,54	-1796,88
632,74	-1813,95
632,94	-1888,76
633,14	-1788,51
633,33	-1788,63
633,53	-1713,65
633,73	-1905,30
633,93	-1801,97
634,13	-1777,08
634,33	-1784,23
634,53	-1752,61
634,73	-1787,10
634,93	-1878,52
635,12	-1900,06
635,32	-1814,99
635,52	-1895,12
635,72	-1863,08
635,92	-1908,51
636,12	-1876,16
636,32	-1939,46
636,52	-1946,01
636,71	-1909,14
636,91	-1894,63
637,11	-1867,36
637,31	-1881,48
637,51	-1927,58
637,71	-1870,86
637,91	-1931,30
638,11	-1929,31
638,30	-1951,20
638,50	-1866,72
638,70	-1814,52
638,90	-1859,73
639,10	-1848,48
639,30	-1991,98
639,50	-1899,05
639,69	-1857,15
639,89	-2011,92
640,09	-1919,64
640,29	-1866,23
640,49	-1912,61
640,69	-1941,26
640,88	-1875,56
641,08	-1936,49
641,28	-1854,52
641,48	-1899,43
641,68	-1967,86
641,88	-1958,45
642,07	-1990,51
642,27	-1777,25
642,47	-1972,46
642,67	-1882,78
642,87	-1934,24
643,07	-1866,42
643,26	-1867,92
643,46	-1931,87
643,66	-1945,59
643,86	-1903,99
644,06	-1916,86
644,26	-1848,60
644,45	-1897,13
644,65	-1939,76
644,85	-1959,85
645,05	-1868,75
645,25	-1810,00
645,44	-1854,69
645,64	-1882,09
645,84	-1911,82
646,04	-1848,17
646,24	-1924,59
646,43	-1832,47
646,63	-1865,97
646,83	-1839,40
647,03	-1979,99
647,23	-1859,98
647,42	-1840,69
647,62	-2015,18
647,82	-1873,07
648,02	-1949,65
648,22	-1981,40
648,41	-1829,55
648,61	-1883,47
648,81	-1907,46
649,01	-1859,12
649,20	-1849,64
649,40	-1946,47
649,60	-1832,10
649,80	-1944,36
650,00	-1828,52
650,19	-1885,99
650,39	-1965,10
650,59	-1887,77
650,79	-1966,14
650,98	-1828,43
651,18	-1904,61
651,38	-1866,93
651,58	-1925,87
651,77	-1942,46
651,97	-1896,94
652,17	-1916,50
652,37	-1757,33
652,56	-1888,62
652,76	-1885,61
652,96	-1870,65
653,16	-1878,81
653,35	-1951,55
653,55	-1865,29
653,75	-1892,11
653,95	-1777,66
654,14	-1942,99
654,34	-1762,35
654,54	-1916,99
654,74	-1795,53
654,93	-1931,14
655,13	-1907,85
655,33	-1896,58
655,52	-1831,85
655,72	-1798,13
655,92	-1894,09
656,12	-1843,31
656,31	-1808,63
656,51	-1871,72
656,71	-1898,86
656,91	-1802,44
657,10	-1939,24
657,30	-1834,98
657,50	-1901,71
657,69	-1890,35
657,89	-1851,53
658,09	-1783,90
658,29	-1853,61
658,48	-1787,63
658,68	-1818,36
658,88	-1907,56
659,07	-1889,97
659,27	-1819,85
659,47	-1801,98
659,66	-1765,23
659,86	-1851,52
660,06	-1851,91
660,26	-1781,29
660,45	-1847,79
660,65	-1794,51
660,85	-1819,89
661,04	-1731,13
661,24	-1810,67
661,44	-1824,83
661,63	-1754,44
661,83	-1737,49
662,03	-1897,61
662,22	-1832,75
662,42	-1824,20
662,62	-1765,99
662,81	-1900,24
663,01	-1768,20
663,21	-1880,24
663,40	-1843,01
663,60	-1855,50
663,80	-1798,20
663,99	-1760,60
664,19	-1824,85
664,39	-1767,54
664,58	-1826,38
664,78	-1805,29
664,98	-1937,90
665,17	-1773,71
665,37	-1863,06
665,57	-1822,18
665,76	-1824,23
665,96	-1878,95
666,16	-1819,37
666,35	-1811,02
666,55	-1825,87
666,74	-1742,09
666,94	-1686,23
667,14	-1882,45
667,33	-1756,44
667,53	-1779,89
667,73	-1821,68
667,92	-1794,26
668,12	-1781,87
668,32	-1695,78
668,51	-1802,74
668,71	-1710,67
668,90	-1838,88
669,10	-1879,26
669,30	-1756,40
669,49	-1865,00
669,69	-1848,02
669,89	-1799,23
670,08	-1819,51
670,28	-1748,57
670,47	-1810,42
670,67	-1754,96
670,87	-1789,62
671,06	-1767,42
671,26	-1746,44
671,45	-1872,80
671,65	-1777,82
671,85	-1677,46
672,04	-1754,64
672,24	-1786,63
672,43	-1748,62
672,63	-1806,57
672,83	-1749,37
673,02	-1768,36
673,22	-1769,17
673,41	-1846,86
673,61	-1739,53
673,81	-1784,35
674,00	-1830,54
674,20	-1847,50
674,39	-1684,85
674,59	-1735,38
674,78	-1759,67
674,98	-1782,01
675,18	-1796,85
675,37	-1705,88
675,57	-1738,96
675,76	-1715,32
675,96	-1784,08
676,15	-1659,92
676,35	-1761,02
676,55	-1817,12
676,74	-1808,01
676,94	-1782,20
677,13	-1747,81
677,33	-1677,33
677,52	-1750,92
677,72	-1776,92
677,91	-1749,82
678,11	-1757,21
678,31	-1663,96
678,50	-1770,48
678,70	-1732,76
678,89	-1739,34
679,09	-1714,83
679,28	-1797,20
679,48	-1729,52
679,67	-1725,05
679,87	-1685,55
680,06	-1582,65
680,26	-1759,09
680,46	-1710,86
680,65	-1766,86
680,85	-1749,21
681,04	-1757,31
681,24	-1796,39
681,43	-1760,16
681,63	-1694,77
681,82	-1721,74
682,02	-1721,10
682,21	-1645,10
682,41	-1657,70
682,60	-1695,02
682,80	-1722,48
682,99	-1676,24
683,19	-1740,05
683,38	-1663,09
683,58	-1678,64
683,77	-1704,48
683,97	-1688,08
684,16	-1669,69
684,36	-1720,27
684,55	-1652,72
684,75	-1721,60
684,94	-1784,97
685,14	-1630,16
685,33	-1693,11
685,53	-1621,97
685,72	-1673,26
685,92	-1679,12
686,11	-1697,42
686,31	-1648,30
686,50	-1605,11
686,70	-1579,73
686,89	-1726,42
687,09	-1766,62
687,28	-1661,29
687,48	-1700,48
687,67	-1685,80
687,87	-1759,76
688,06	-1633,22
688,26	-1627,60
688,45	-1620,70
688,65	-1662,30
688,84	-1670,74
689,03	-1612,22
689,23	-1669,25
689,42	-1711,85
689,62	-1642,77
689,81	-1632,11
690,01	-1661,43
690,20	-1660,58
690,40	-1747,37
690,59	-1611,81
690,79	-1661,21
690,98	-1569,94
691,17	-1681,56
691,37	-1616,59
691,56	-1631,79
691,76	-1645,54
691,95	-1647,86
692,15	-1692,00
692,34	-1641,98
692,54	-1629,69
692,73	-1670,77
692,92	-1738,26
693,12	-1622,61
693,31	-1727,98
693,51	-1681,17
693,70	-1675,79
693,90	-1657,42
694,09	-1699,88
694,28	-1700,18
694,48	-1681,77
694,67	-1684,40
694,87	-1651,36
695,06	-1728,17
695,26	-1784,88
695,45	-1711,73
695,64	-1703,22
695,84	-1696,52
696,03	-1726,76
696,23	-1670,52
696,42	-1699,07
696,61	-1690,57
696,81	-1737,30
697,00	-1732,24
697,20	-1628,78
697,39	-1805,80
697,58	-1694,29
697,78	-1786,19
697,97	-1685,04
698,17	-1672,47
698,36	-1746,38
698,55	-1663,58
698,75	-1672,26
698,94	-1712,72
699,14	-1694,15
699,33	-1760,50
699,52	-1680,78
699,72	-1756,67
699,91	-1758,48
700,10	-1697,26
700,30	-1750,67
700,49	-1806,30
700,69	-1657,87
700,88	-1741,71
701,07	-1769,34
701,27	-1804,78
701,46	-1808,52
701,65	-1708,14
701,85	-1799,72
702,04	-1652,46
702,23	-1669,02
702,43	-1738,45
702,62	-1705,97
702,82	-1670,83
703,01	-1767,04
703,20	-1731,66
703,40	-1750,34
703,59	-1656,05
703,78	-1710,38
703,98	-1757,59
704,17	-1702,57
704,36	-1713,30
704,56	-1746,70
704,75	-1686,55
704,94	-1793,23
705,14	-1677,94
705,33	-1812,40
705,52	-1728,27
705,72	-1739,69
705,91	-1753,32
706,10	-1803,57
706,30	-1731,41
706,49	-1792,43
706,68	-1718,29
706,88	-1742,38
707,07	-1748,65
707,26	-1750,48
707,46	-1719,58
707,65	-1641,68
707,84	-1769,37
708,04	-1757,29
708,23	-1723,68
708,42	-1714,03
708,62	-1816,37
708,81	-1815,65
709,00	-1737,53
709,19	-1704,11
709,39	-1740,46
709,58	-1824,37
709,77	-1848,74
709,97	-1736,49
710,16	-1755,54
710,35	-1800,43
710,55	-1756,54
710,74	-1749,13
710,93	-1698,89
711,12	-1667,82
711,32	-1766,64
711,51	-1735,29
711,70	-1787,80
711,90	-1786,26
712,09	-1683,24
712,28	-1815,53
712,47	-1747,60
712,67	-1663,37
712,86	-1772,17
713,05	-1756,91
713,24	-1813,87
713,44	-1753,23
713,63	-1721,45
713,82	-1767,83
714,02	-1775,83
714,21	-1699,06
714,40	-1804,78
714,59	-1756,82
714,79	-1641,07
714,98	-1671,99
715,17	-1707,65
715,36	-1768,89
715,56	-1717,58
715,75	-1666,03
715,94	-1686,51
716,13	-1610,30
716,33	-1688,21
716,52	-1714,54
716,71	-1682,89
716,90	-1758,79
717,10	-1675,31
717,29	-1748,69
717,48	-1654,32
717,67	-1702,70
717,87	-1760,52
718,06	-1677,90
718,25	-1679,47
718,44	-1682,77
718,63	-1659,57
718,83	-1727,73
719,02	-1706,69
719,21	-1673,42
719,40	-1698,89
719,60	-1667,06
719,79	-1683,12
719,98	-1745,74
720,17	-1713,91
720,36	-1602,19
720,56	-1690,99
720,75	-1757,53
720,94	-1756,91
721,13	-1773,61
721,33	-1668,75
721,52	-1703,40
721,71	-1628,95
721,90	-1692,00
722,09	-1725,77
722,29	-1718,90
722,48	-1785,79
722,67	-1643,57
722,86	-1749,92
723,05	-1660,24
723,24	-1747,83
723,44	-1731,95
723,63	-1661,90
723,82	-1802,19
724,01	-1683,92
724,20	-1762,09
724,40	-1711,15
724,59	-1696,78
724,78	-1653,65
724,97	-1736,65
725,16	-1688,30
725,35	-1846,67
725,55	-1662,61
725,74	-1696,53
725,93	-1757,28
726,12	-1749,87
726,31	-1701,78
726,51	-1747,52
726,70	-1742,29
726,89	-1804,11
727,08	-1853,59
727,27	-1722,98
727,46	-1698,29
727,65	-1724,63
727,85	-1665,84
728,04	-1738,48
728,23	-1810,86
728,42	-1694,16
728,61	-1690,71
728,80	-1735,69
729,00	-1815,95
729,19	-1662,61
729,38	-1655,56
729,57	-1749,52
729,76	-1872,88
729,95	-1749,40
730,14	-1760,98
730,33	-1747,95
730,53	-1820,98
730,72	-1790,15
730,91	-1688,76
731,10	-1662,34
731,29	-1800,23
731,48	-1739,60
731,67	-1765,44
731,86	-1900,46
732,06	-1738,41
732,25	-1806,00
732,44	-1846,60
732,63	-1744,24
732,82	-1719,67
733,01	-1749,82
733,20	-1766,41
733,39	-1684,98
733,59	-1744,20
733,78	-1846,32
733,97	-1713,80
734,16	-1822,73
734,35	-1658,03
734,54	-1725,11
734,73	-1752,78
734,92	-1712,48
735,11	-1812,40
735,30	-1677,26
735,49	-1816,24
735,69	-1727,60
735,88	-1824,07
736,07	-1803,91
736,26	-1852,95
736,45	-1783,56
736,64	-1838,77
736,83	-1795,63
737,02	-1755,01
737,21	-1829,00
737,40	-1884,15
737,59	-1891,14
737,78	-1730,51
737,98	-1712,43
738,17	-1746,04
738,36	-1808,63
738,55	-1825,42
738,74	-1750,99
738,93	-1671,74
739,12	-1747,21
739,31	-1832,59
739,50	-1746,38
739,69	-1787,52
739,88	-1831,92
740,07	-1750,40
740,26	-1838,20
740,45	-1809,68
740,64	-1838,46
740,83	-1755,73
741,02	-1776,11
741,22	-1811,22
741,41	-1889,52
741,60	-1788,33
741,79	-1729,92
741,98	-1737,54
742,17	-1796,65
742,36	-1764,78
742,55	-1782,41
742,74	-1790,96
742,93	-1724,04
743,12	-1841,30
743,31	-1824,27
743,50	-1815,42
743,69	-1873,14
743,88	-1783,63
744,07	-1814,80
744,26	-1807,48
744,45	-1734,39
744,64	-1637,81
744,83	-1795,09
745,02	-1881,78
745,21	-1795,44
745,40	-1798,10
745,59	-1823,91
745,78	-1744,46
745,97	-1793,21
746,16	-1797,39
746,35	-1766,36
746,54	-1739,76
746,73	-1836,56
746,92	-1708,59
747,11	-1778,93
747,30	-1693,17
747,49	-1781,14
747,68	-1809,65
747,87	-1819,02
748,06	-1887,99
748,25	-1780,12
748,44	-1754,60
748,63	-1668,48
748,82	-1787,98
749,01	-1786,03
749,20	-1784,01
749,39	-1790,38
749,58	-1789,63
749,77	-1742,03
749,96	-1750,32
750,15	-1834,76
750,34	-1755,63
750,53	-1806,85
750,72	-1770,16
750,91	-1799,50
751,10	-1738,63
751,29	-1790,31
751,48	-1694,58
751,67	-1764,46
751,86	-1716,37
752,04	-1732,86
752,23	-1722,60
752,42	-1810,23
752,61	-1740,15
752,80	-1739,48
752,99	-1786,31
753,18	-1849,71
753,37	-1711,55
753,56	-1799,70
753,75	-1796,69
753,94	-1867,28
754,13	-1762,69
754,32	-1781,20
754,51	-1756,24
754,70	-1757,64
754,89	-1803,53
755,08	-1797,77
755,27	-1642,13
755,45	-1734,19
755,64	-1735,63
755,83	-1702,72
756,02	-1743,02
756,21	-1654,83
756,40	-1702,96
756,59	-1722,68
756,78	-1716,91
756,97	-1702,11
757,16	-1676,01
757,35	-1600,26
757,54	-1668,98
757,72	-1605,79
757,91	-1634,51
758,10	-1625,65
758,29	-1652,44
758,48	-1572,18
758,67	-1532,31
758,86	-1529,40
759,05	-1540,09
759,24	-1633,61
759,43	-1552,56
759,61	-1572,91
759,80	-1517,17
759,99	-1527,51
760,18	-1578,25
760,37	-1549,07
760,56	-1539,33
760,75	-1539,25
760,94	-1601,65
761,13	-1465,71
761,31	-1584,56
761,50	-1513,17
761,69	-1471,13
761,88	-1494,01
762,07	-1499,90
762,26	-1535,54
762,45	-1531,48
762,64	-1535,60
762,82	-1522,61
763,01	-1428,63
763,20	-1432,07
763,39	-1467,44
763,58	-1506,33
763,77	-1529,60
763,96	-1516,62
764,14	-1499,48
764,33	-1537,68
764,52	-1567,89
764,71	-1563,63
764,90	-1519,86
765,09	-1586,41
765,27	-1607,01
765,46	-1522,67
765,65	-1609,45
765,84	-1510,95
766,03	-1607,92
766,22	-1669,67
766,41	-1718,46
766,59	-1607,25
766,78	-1565,61
766,97	-1643,12
767,16	-1542,29
767,35	-1700,96
767,54	-1689,27
767,72	-1617,84
767,91	-1681,64
768,10	-1674,32
768,29	-1614,29
768,48	-1680,75
768,66	-1661,71
768,85	-1613,14
769,04	-1670,16
769,23	-1731,06
769,42	-1787,68
769,61	-1620,50
769,79	-1637,07
769,98	-1583,64
770,17	-1755,73
770,36	-1684,02
770,55	-1715,60
770,73	-1750,00
770,92	-1730,35
771,11	-1756,76
771,30	-1769,14
771,49	-1786,31
771,67	-1709,43
771,86	-1761,46
772,05	-1729,20
772,24	-1706,04
772,42	-1723,49
772,61	-1700,93
772,80	-1668,56
772,99	-1743,53
773,18	-1663,25
773,36	-1608,40
773,55	-1703,08
773,74	-1606,48
773,93	-1735,25
774,11	-1645,32
774,30	-1675,16
774,49	-1673,74
774,68	-1698,10
774,87	-1690,96
775,05	-1705,75
775,24	-1689,02
775,43	-1601,94
775,62	-1741,58
775,80	-1728,75
775,99	-1678,64
776,18	-1697,83
776,37	-1728,81
776,55	-1672,10
776,74	-1689,40
776,93	-1655,86
777,12	-1794,67
777,30	-1620,53
777,49	-1691,69
777,68	-1624,84
777,87	-1671,95
778,05	-1695,37
778,24	-1588,05
778,43	-1677,93
778,62	-1789,65
778,80	-1754,51
778,99	-1712,52
779,18	-1675,79
779,36	-1761,84
779,55	-1611,86
779,74	-1660,51
779,93	-1622,43
780,11	-1723,72
780,30	-1660,41
780,49	-1665,44
780,68	-1631,08
780,86	-1617,64
781,05	-1726,20
781,24	-1616,03
781,42	-1654,72
781,61	-1609,87
781,80	-1601,20
781,98	-1611,67
782,17	-1664,07
782,36	-1710,61
782,55	-1606,29
782,73	-1639,53
782,92	-1626,20
783,11	-1761,41
783,29	-1666,07
783,48	-1693,10
783,67	-1679,61
783,85	-1617,72
784,04	-1607,84
784,23	-1685,48
784,42	-1646,35
784,60	-1685,64
784,79	-1603,20
784,98	-1639,19
785,16	-1644,52
785,35	-1623,28
785,54	-1581,75
785,72	-1631,14
785,91	-1672,89
786,10	-1670,61
786,28	-1684,39
786,47	-1647,22
786,66	-1536,31
786,84	-1642,12
787,03	-1637,97
787,22	-1529,62
787,40	-1709,10
787,59	-1663,57
787,78	-1661,94
787,96	-1593,34
788,15	-1575,70
788,34	-1635,61
788,52	-1580,84
788,71	-1653,89
788,89	-1587,63
789,08	-1667,73
789,27	-1567,50
789,45	-1643,37
789,64	-1630,32
789,83	-1696,20
790,01	-1659,60
790,20	-1690,85
790,39	-1632,33
790,57	-1672,24
790,76	-1649,19
790,95	-1581,65
791,13	-1645,90
791,32	-1558,64
791,50	-1651,99
791,69	-1599,98
791,88	-1540,03
792,06	-1601,00
792,25	-1629,57
792,43	-1675,56
792,62	-1613,82
792,81	-1562,23
792,99	-1684,31
793,18	-1598,64
793,37	-1612,77
793,55	-1657,01
793,74	-1622,61
793,92	-1536,99
794,11	-1615,95
794,30	-1658,44
794,48	-1647,02
794,67	-1536,69
794,85	-1635,86
795,04	-1565,20
795,23	-1589,84
795,41	-1554,73
795,60	-1546,74
795,78	-1629,17
795,97	-1600,42
796,15	-1658,08
796,34	-1658,04
796,53	-1623,07
796,71	-1700,69
796,90	-1581,69
797,08	-1669,72
797,27	-1642,87
797,46	-1609,11
797,64	-1619,55
797,83	-1615,28
798,01	-1648,98
798,20	-1673,81
798,38	-1579,05
798,57	-1684,74
798,76	-1649,94
798,94	-1683,73
799,13	-1667,09
799,31	-1576,78
799,50	-1637,43
799,68	-1664,60
799,87	-1525,62
800,05	-1654,84
800,24	-1543,54
800,43	-1561,13
800,61	-1624,95
800,80	-1572,39
800,98	-1598,38
801,17	-1639,77
801,35	-1632,73
801,54	-1644,94
801,72	-1598,80
801,91	-1581,95
802,09	-1610,53
802,28	-1583,79
802,46	-1624,91
802,65	-1603,86
802,84	-1577,85
803,02	-1622,19
803,21	-1587,73
803,39	-1621,42
803,58	-1653,47
803,76	-1587,03
803,95	-1610,30
804,13	-1538,62
804,32	-1586,93
804,50	-1541,66
804,69	-1679,57
804,87	-1577,58
805,06	-1612,94
805,24	-1616,01
805,43	-1611,18
805,61	-1566,00
805,80	-1543,93
805,98	-1627,76
806,17	-1661,61
806,35	-1633,29
806,54	-1585,68
806,72	-1643,73
806,91	-1695,28
807,09	-1614,77
807,28	-1618,41
807,46	-1573,10
807,65	-1742,21
807,83	-1602,70
808,02	-1577,49
808,20	-1531,43
808,39	-1556,40
808,57	-1620,85
808,76	-1612,31
808,94	-1585,31
809,13	-1556,02
809,31	-1568,72
809,49	-1638,48
809,68	-1578,61
809,86	-1600,31
810,05	-1595,37
810,23	-1641,62
810,42	-1568,29
810,60	-1558,03
810,79	-1602,70
810,97	-1575,80
811,16	-1636,11
811,34	-1610,96
811,53	-1548,76
811,71	-1624,61
811,89	-1511,58
812,08	-1454,26
812,26	-1649,33
812,45	-1538,10
812,63	-1604,40
812,82	-1580,50
813,00	-1592,92
813,19	-1560,88
813,37	-1507,03
813,55	-1508,82
813,74	-1588,44
813,92	-1540,53
814,11	-1545,11
814,29	-1667,41
814,48	-1612,79
814,66	-1600,69
814,84	-1547,02
815,03	-1566,16
815,21	-1516,50
815,40	-1528,88
815,58	-1511,92
815,77	-1476,03
815,95	-1511,54
816,13	-1517,59
816,32	-1451,29
816,50	-1530,95
816,69	-1548,33
816,87	-1520,87
817,05	-1448,40
817,24	-1494,29
817,42	-1501,46
817,61	-1468,02
817,79	-1480,53
817,97	-1524,72
818,16	-1589,40
818,34	-1544,41
818,53	-1481,65
818,71	-1476,21
818,89	-1586,16
819,08	-1559,28
819,26	-1431,44
819,45	-1444,18
819,63	-1543,54
819,81	-1479,15
820,00	-1487,47
820,18	-1587,49
820,36	-1432,15
820,55	-1467,10
820,73	-1545,44
820,92	-1632,96
821,10	-1516,97
821,28	-1551,73
821,47	-1604,28
821,65	-1595,55
821,83	-1544,34
822,02	-1513,77
822,20	-1520,37
822,39	-1549,82
822,57	-1589,96
822,75	-1593,71
822,94	-1544,14
823,12	-1474,97
823,30	-1573,94
823,49	-1498,97
823,67	-1586,58
823,85	-1478,48
824,04	-1547,94
824,22	-1491,25
824,40	-1498,87
824,59	-1562,51
824,77	-1549,71
824,95	-1445,04
825,14	-1540,76
825,32	-1546,99
825,50	-1503,23
825,69	-1601,69
825,87	-1481,90
826,05	-1515,38
826,24	-1492,66
826,42	-1408,45
826,60	-1478,22
826,79	-1502,38
826,97	-1517,63
827,15	-1562,13
827,34	-1552,84
827,52	-1596,73
827,70	-1500,72
827,89	-1598,31
828,07	-1459,48
828,25	-1541,55
828,44	-1558,53
828,62	-1537,37
828,80	-1551,59
828,98	-1553,65
829,17	-1494,50
829,35	-1483,82
829,53	-1507,89
829,72	-1467,60
829,90	-1534,41
830,08	-1520,09
830,27	-1525,68
830,45	-1573,60
830,63	-1538,52
830,81	-1492,88
831,00	-1532,56
831,18	-1545,66
831,36	-1653,44
831,55	-1539,79
831,73	-1443,25
831,91	-1521,03
832,09	-1488,85
832,28	-1499,73
832,46	-1576,45
832,64	-1475,86
832,82	-1463,09
833,01	-1616,91
833,19	-1531,79
833,37	-1579,29
833,55	-1586,51
833,74	-1460,76
833,92	-1454,54
834,10	-1531,90
834,29	-1551,16
834,47	-1504,34
834,65	-1511,15
834,83	-1549,78
835,02	-1550,06
835,20	-1580,45
835,38	-1526,40
835,56	-1468,40
835,75	-1456,85
835,93	-1520,11
836,11	-1478,14
836,29	-1576,52
836,47	-1549,23
836,66	-1548,79
836,84	-1636,60
837,02	-1575,96
837,20	-1486,45
837,39	-1460,66
837,57	-1516,46
837,75	-1463,40
837,93	-1570,16
838,12	-1634,91
838,30	-1552,03
838,48	-1518,42
838,66	-1516,14
838,84	-1474,74
839,03	-1507,13
839,21	-1490,07
839,39	-1532,94
839,57	-1545,52
839,75	-1567,02
839,94	-1556,38
840,12	-1493,87
840,30	-1511,40
840,48	-1474,67
840,66	-1500,63
840,85	-1579,70
841,03	-1454,33
841,21	-1445,65
841,39	-1516,21
841,57	-1562,71
841,76	-1525,14
841,94	-1523,83
842,12	-1528,86
842,30	-1515,25
842,48	-1523,45
842,67	-1527,09
842,85	-1452,92
843,03	-1446,16
843,21	-1563,50
843,39	-1502,83
843,57	-1573,56
843,76	-1529,25
843,94	-1551,68
844,12	-1468,85
844,30	-1593,29
844,48	-1590,60
844,66	-1460,86
844,85	-1610,02
845,03	-1586,00
845,21	-1566,67
845,39	-1493,53
845,57	-1512,64
845,75	-1571,48
845,94	-1484,94
846,12	-1505,58
846,30	-1488,54
846,48	-1512,31
846,66	-1509,87
846,84	-1457,96
847,02	-1539,51
847,21	-1480,88
847,39	-1570,92
847,57	-1559,95
847,75	-1572,72
847,93	-1447,98
848,11	-1525,07
848,29	-1511,88
848,48	-1591,43
848,66	-1532,89
848,84	-1471,52
849,02	-1560,69
849,20	-1555,12
849,38	-1514,90
849,56	-1523,38
849,74	-1514,23
849,93	-1424,77
850,11	-1542,21
850,29	-1543,03
850,47	-1468,34
850,65	-1461,24
850,83	-1557,97
851,01	-1580,61
851,19	-1599,50
851,37	-1505,04
851,56	-1475,18
851,74	-1548,28
851,92	-1568,22
852,10	-1459,83
852,28	-1447,38
852,46	-1516,14
852,64	-1466,74
852,82	-1511,76
853,00	-1408,82
853,18	-1394,20
853,37	-1460,59
853,55	-1486,01
853,73	-1568,30
853,91	-1522,49
854,09	-1506,47
854,27	-1544,99
854,45	-1510,83
854,63	-1527,99
854,81	-1401,91
854,99	-1425,94
855,17	-1567,16
855,35	-1401,31
855,53	-1480,12
855,72	-1493,45
855,90	-1488,37
856,08	-1532,05
856,26	-1512,10
856,44	-1525,72
856,62	-1457,79
856,80	-1544,95
856,98	-1471,93
857,16	-1456,26
857,34	-1458,90
857,52	-1476,63
857,70	-1407,50
857,88	-1519,77
858,06	-1512,91
858,24	-1502,19
858,42	-1378,78
858,60	-1457,46
858,78	-1441,99
858,96	-1597,22
859,15	-1503,34
859,33	-1540,32
859,51	-1470,90
859,69	-1427,04
859,87	-1498,62
860,05	-1476,51
860,23	-1487,95
860,41	-1439,22
860,59	-1500,82
860,77	-1428,59
860,95	-1489,49
861,13	-1565,20
861,31	-1582,22
861,49	-1428,10
861,67	-1613,31
861,85	-1456,56
862,03	-1518,42
862,21	-1460,89
862,39	-1456,27
862,57	-1484,72
862,75	-1423,08
862,93	-1446,04
863,11	-1545,87
863,29	-1517,25
863,47	-1553,74
863,65	-1530,96
863,83	-1464,33
864,01	-1478,65
864,19	-1544,13
864,37	-1404,76
864,55	-1440,38
864,73	-1535,38
864,91	-1573,34
865,09	-1439,26
865,27	-1504,22
865,45	-1451,29
865,63	-1476,53
865,81	-1478,31
865,99	-1488,37
866,17	-1484,24
866,35	-1536,80
866,53	-1427,06
866,71	-1511,56
866,89	-1408,85
867,07	-1418,07
867,24	-1549,23
867,42	-1485,55
867,60	-1515,84
867,78	-1411,73
867,96	-1493,04
868,14	-1501,94
868,32	-1444,06
868,50	-1493,63
868,68	-1469,52
868,86	-1398,68
869,04	-1477,85
869,22	-1444,10
869,40	-1504,99
869,58	-1377,46
869,76	-1451,50
869,94	-1445,16
870,12	-1465,91
870,30	-1458,49
870,48	-1530,73
870,66	-1540,21
870,83	-1556,26
871,01	-1411,48
871,19	-1438,64
871,37	-1507,12
871,55	-1428,87
871,73	-1512,29
871,91	-1500,63
872,09	-1382,10
872,27	-1463,58
872,45	-1462,50
872,63	-1552,64
872,81	-1464,03
872,98	-1417,81
873,16	-1347,00
873,34	-1445,75
873,52	-1551,21
873,70	-1366,82
873,88	-1535,97
874,06	-1494,97
874,24	-1490,36
874,42	-1480,96
874,60	-1485,91
874,78	-1460,90
874,95	-1451,11
875,13	-1429,12
875,31	-1422,53
875,49	-1490,42
875,67	-1521,40
875,85	-1483,80
876,03	-1513,24
876,21	-1445,68
876,39	-1403,09
876,56	-1497,96
876,74	-1470,07
876,92	-1425,96
877,10	-1408,05
877,28	-1553,16
877,46	-1550,18
877,64	-1461,39
877,82	-1469,14
877,99	-1494,15
878,17	-1454,54
878,35	-1479,44
878,53	-1458,75
878,71	-1374,26
878,89	-1439,19
879,07	-1487,86
879,24	-1492,60
879,42	-1478,54
879,60	-1534,23
879,78	-1532,08
879,96	-1534,21
880,14	-1386,68
880,32	-1283,13
880,49	-1449,28
880,67	-1480,38
880,85	-1429,68
881,03	-1449,83
881,21	-1390,26
881,39	-1455,09
881,56	-1486,14
881,74	-1394,87
881,92	-1391,92
882,10	-1486,72
882,28	-1451,59
882,46	-1520,07
882,63	-1414,86
882,81	-1514,64
882,99	-1444,76
883,17	-1438,01
883,35	-1490,96
883,52	-1475,44
883,70	-1518,03
883,88	-1513,09
884,06	-1405,46
884,24	-1447,07
884,42	-1443,42
884,59	-1433,85
884,77	-1418,32
884,95	-1382,10
885,13	-1421,52
885,31	-1443,10
885,48	-1449,62
885,66	-1435,61
885,84	-1401,73
886,02	-1491,65
886,20	-1437,81
886,37	-1427,52
886,55	-1420,66
886,73	-1442,41
886,91	-1408,98
887,08	-1450,23
887,26	-1491,03
887,44	-1436,24
887,62	-1491,71
887,80	-1462,00
887,97	-1530,45
888,15	-1601,99
888,33	-1475,15
888,51	-1554,87
888,68	-1476,55
888,86	-1421,49
889,04	-1426,25
889,22	-1430,67
889,40	-1473,26
889,57	-1457,04
889,75	-1368,63
889,93	-1365,23
890,11	-1467,49
890,28	-1428,95
890,46	-1440,89
890,64	-1486,52
890,82	-1436,40
890,99	-1455,79
891,17	-1533,08
891,35	-1452,79
891,53	-1525,38
891,70	-1413,14
891,88	-1440,78
892,06	-1524,46
892,24	-1412,77
892,41	-1465,75
892,59	-1514,59
892,77	-1489,89
892,94	-1400,05
893,12	-1462,47
893,30	-1486,05
893,48	-1443,35
893,65	-1516,88
893,83	-1465,53
894,01	-1460,73
894,19	-1435,95
894,36	-1343,71
894,54	-1431,27
894,72	-1443,61
894,89	-1445,01
895,07	-1462,70
895,25	-1443,55
895,43	-1437,39
895,60	-1413,37
895,78	-1440,41
895,96	-1437,65
896,13	-1425,01
896,31	-1485,82
896,49	-1409,71
896,66	-1430,36
896,84	-1385,30
897,02	-1471,25
897,20	-1440,38
897,37	-1547,32
897,55	-1490,38
897,73	-1425,01
897,90	-1423,42
898,08	-1401,62
898,26	-1414,43
898,43	-1405,21
898,61	-1387,55
898,79	-1393,17
898,96	-1454,45
899,14	-1403,00
899,32	-1343,09
899,49	-1396,61
899,67	-1401,72
899,85	-1413,58
900,02	-1391,41
900,20	-1370,78
900,38	-1427,59
900,55	-1441,59
900,73	-1440,66
900,91	-1387,74
901,08	-1453,64
901,26	-1386,17
901,44	-1396,94
901,61	-1334,07
901,79	-1515,64
901,97	-1432,77
902,14	-1506,77
902,32	-1514,18
902,50	-1350,67
902,67	-1402,68
902,85	-1502,33
903,02	-1395,22
903,20	-1451,32
903,38	-1472,88
903,55	-1467,04
903,73	-1367,55
903,91	-1470,02
904,08	-1368,82
904,26	-1488,18
904,44	-1335,24
904,61	-1492,93
904,79	-1406,07
904,96	-1351,19
905,14	-1335,94
905,32	-1395,83
905,49	-1384,73
905,67	-1424,53
905,84	-1399,71
906,02	-1444,23
906,20	-1414,45
906,37	-1337,18
906,55	-1437,26
906,73	-1484,59
906,90	-1350,99
907,08	-1359,00
907,25	-1437,40
907,43	-1328,02
907,61	-1425,59
907,78	-1353,56
907,96	-1444,59
908,13	-1386,10
908,31	-1338,14
908,48	-1398,15
908,66	-1444,05
908,84	-1476,80
909,01	-1415,73
909,19	-1479,73
909,36	-1406,35
909,54	-1375,06
909,72	-1382,26
909,89	-1368,73
910,07	-1406,83
910,24	-1413,18
910,42	-1447,96
910,59	-1437,71
910,77	-1440,99
910,95	-1491,69
911,12	-1432,98
911,30	-1479,98
911,47	-1356,72
911,65	-1498,99
911,82	-1393,72
912,00	-1513,37
912,17	-1464,17
912,35	-1386,54
912,53	-1449,15
912,70	-1402,58
912,88	-1429,45
913,05	-1476,01
913,23	-1425,20
913,40	-1429,41
913,58	-1434,85
913,75	-1400,47
913,93	-1459,42
914,10	-1405,37
914,28	-1390,55
914,46	-1491,86
914,63	-1501,85
914,81	-1395,58
914,98	-1385,29
915,16	-1460,86
915,33	-1339,91
915,51	-1325,93
915,68	-1424,02
915,86	-1429,66
916,03	-1375,96
916,21	-1468,18
916,38	-1485,05
916,56	-1530,44
916,73	-1451,43
916,91	-1420,86
917,08	-1476,05
917,26	-1460,52
917,43	-1420,71
917,61	-1446,56
917,78	-1335,09
917,96	-1370,86
918,13	-1375,13
918,31	-1436,67
918,48	-1388,89
918,66	-1428,94
918,83	-1411,09
919,01	-1445,17
919,18	-1447,87
919,36	-1498,50
919,53	-1402,07
919,71	-1391,79
919,88	-1259,60
920,06	-1449,04
920,23	-1457,04
920,41	-1451,15
920,58	-1368,92
920,76	-1403,81
920,93	-1391,07
921,11	-1402,26
921,28	-1481,37
921,45	-1414,66
921,63	-1293,49
921,80	-1392,94
921,98	-1454,92
922,15	-1381,87
922,33	-1458,53
922,50	-1372,62
922,68	-1468,05
922,85	-1390,96
923,03	-1372,80
923,20	-1487,67
923,38	-1463,93
923,55	-1379,13
923,72	-1412,72
923,90	-1470,68
924,07	-1413,22
924,25	-1466,23
924,42	-1372,80
924,60	-1448,93
924,77	-1397,32
924,95	-1415,83
925,12	-1396,06
925,29	-1352,28
925,47	-1384,21
925,64	-1389,87
925,82	-1476,46
925,99	-1426,99
926,17	-1338,40
926,34	-1389,42
926,51	-1433,61
926,69	-1389,88
926,86	-1446,35
927,04	-1400,03
927,21	-1354,98
927,38	-1387,16
927,56	-1374,07
927,73	-1476,49
927,91	-1344,08
928,08	-1386,40
928,25	-1326,49
928,43	-1357,05
928,60	-1396,69
928,78	-1396,16
928,95	-1448,60
929,12	-1410,22
929,30	-1430,63
929,47	-1324,55
929,65	-1469,41
929,82	-1392,82
929,99	-1376,38
930,17	-1394,47
930,34	-1403,34
930,52	-1380,86
930,69	-1423,06
930,86	-1332,09
931,04	-1343,12
931,21	-1393,39
931,38	-1379,82
931,56	-1388,59
931,73	-1297,88
931,91	-1428,47
932,08	-1391,72
932,25	-1391,47
932,43	-1305,02
932,60	-1476,13
932,77	-1434,35
932,95	-1363,75
933,12	-1322,91
933,29	-1384,96
933,47	-1378,55
933,64	-1380,12
933,82	-1314,85
933,99	-1365,09
934,16	-1291,75
934,34	-1332,28
934,51	-1391,18
934,68	-1261,34
934,86	-1339,35
935,03	-1334,00
935,20	-1385,36
935,38	-1342,27
935,55	-1362,78
935,72	-1384,23
935,90	-1373,82
936,07	-1335,25
936,24	-1358,90
936,42	-1432,07
936,59	-1351,54
936,76	-1391,83
936,94	-1325,81
937,11	-1351,57
937,28	-1314,77
937,46	-1375,32
937,63	-1307,54
937,80	-1390,21
937,97	-1345,27
938,15	-1343,70
938,32	-1344,08
938,49	-1301,75
938,67	-1340,64
938,84	-1269,69
939,01	-1352,35
939,19	-1414,69
939,36	-1415,83
939,53	-1320,29
939,70	-1372,85
939,88	-1387,09
940,05	-1347,72
940,22	-1326,59
940,40	-1398,44
940,57	-1360,12
940,74	-1364,56
940,92	-1366,87
941,09	-1362,18
941,26	-1338,83
941,43	-1338,63
941,61	-1356,00
941,78	-1495,95
941,95	-1444,48
942,12	-1365,24
942,30	-1399,54
942,47	-1368,63
942,64	-1305,99
942,82	-1350,36
942,99	-1358,97
943,16	-1403,30
943,33	-1350,43
943,51	-1380,20
943,68	-1356,45
943,85	-1432,14
944,02	-1355,09
944,20	-1403,52
944,37	-1357,51
944,54	-1378,81
944,71	-1331,59
944,89	-1334,42
945,06	-1397,49
945,23	-1295,27
945,40	-1334,81
945,58	-1353,27
945,75	-1308,56
945,92	-1294,68
946,09	-1392,11
946,27	-1285,29
946,44	-1347,11
946,61	-1382,81
946,78	-1356,38
946,95	-1324,41
947,13	-1335,02
947,30	-1285,22
947,47	-1370,86
947,64	-1362,92
947,82	-1348,91
947,99	-1463,11
948,16	-1328,60
948,33	-1374,58
948,50	-1303,77
948,68	-1401,45
948,85	-1351,48
949,02	-1375,15
949,19	-1366,86
949,36	-1361,22
949,54	-1356,55
949,71	-1404,98
949,88	-1333,61
950,05	-1385,61
950,22	-1403,00
950,40	-1375,24
950,57	-1353,00
950,74	-1261,69
950,91	-1319,58
951,08	-1343,60
951,26	-1276,69
951,43	-1433,39
951,60	-1355,06
951,77	-1419,56
951,94	-1345,72
952,11	-1341,81
952,29	-1401,71
952,46	-1296,40
952,63	-1227,06
952,80	-1361,87
952,97	-1402,05
953,15	-1290,74
953,32	-1363,25
953,49	-1414,69
953,66	-1390,52
953,83	-1354,64
954,00	-1328,19
954,17	-1280,27
954,35	-1353,59
954,52	-1388,07
954,69	-1407,85
954,86	-1309,66
955,03	-1429,12
955,20	-1329,70
955,38	-1428,62
955,55	-1304,52
955,72	-1421,76
955,89	-1320,73
956,06	-1386,18
956,23	-1371,28
956,40	-1382,92
956,58	-1370,62
956,75	-1309,57
956,92	-1392,58
957,09	-1325,72
957,26	-1397,42
957,43	-1404,86
957,60	-1344,82
957,77	-1403,46
957,95	-1370,72
958,12	-1335,25
958,29	-1435,37
958,46	-1330,76
958,63	-1425,26
958,80	-1490,30
958,97	-1305,63
959,14	-1348,02
959,31	-1357,62
959,49	-1369,66
959,66	-1402,57
959,83	-1395,28
960,00	-1437,79
960,17	-1299,42
960,34	-1332,92
960,51	-1371,93
960,68	-1404,00
960,85	-1318,98
961,02	-1423,54
961,20	-1306,42
961,37	-1306,98
961,54	-1343,28
961,71	-1403,63
961,88	-1354,76
962,05	-1400,52
962,22	-1372,87
962,39	-1336,39
962,56	-1350,38
962,73	-1329,27
962,90	-1466,95
963,07	-1387,02
963,24	-1424,60
963,42	-1349,32
963,59	-1408,57
963,76	-1302,11
963,93	-1384,11
964,10	-1263,18
964,27	-1436,41
964,44	-1329,17
964,61	-1326,83
964,78	-1371,40
964,95	-1414,53
965,12	-1280,10
965,29	-1405,55
965,46	-1359,08
965,63	-1427,13
965,80	-1414,06
965,97	-1450,33
966,14	-1366,12
966,31	-1392,82
966,48	-1308,50
966,66	-1316,66
966,83	-1384,97
967,00	-1399,29
967,17	-1322,30
967,34	-1346,57
967,51	-1360,70
967,68	-1304,28
967,85	-1318,03
968,02	-1439,16
968,19	-1296,42
968,36	-1454,14
968,53	-1277,59
968,70	-1323,88
968,87	-1388,68
969,04	-1396,44
969,21	-1433,28
969,38	-1348,42
969,55	-1415,18
969,72	-1366,80
969,89	-1375,96
970,06	-1406,85
970,23	-1336,63
970,40	-1337,00
970,57	-1348,84
970,74	-1349,50
970,91	-1398,63
971,08	-1357,13
971,25	-1389,21
971,42	-1376,64
971,59	-1423,86
971,76	-1352,29
971,93	-1351,71
972,10	-1361,69
972,27	-1297,08
972,44	-1347,76
972,61	-1343,54
972,78	-1386,85
972,95	-1421,76
973,12	-1343,03
973,29	-1314,40
973,46	-1345,57
973,63	-1365,30
973,80	-1345,01
973,97	-1360,13
974,14	-1277,24
974,30	-1359,02
974,47	-1291,73
974,64	-1299,31
974,81	-1344,00
974,98	-1353,81
975,15	-1300,84
975,32	-1378,28
975,49	-1426,82
975,66	-1406,83
975,83	-1422,53
976,00	-1395,31
976,17	-1328,44
976,34	-1337,61
976,51	-1405,93
976,68	-1345,30
976,85	-1341,80
977,02	-1326,59
977,19	-1286,53
977,36	-1374,63
977,52	-1373,88
977,69	-1300,87
977,86	-1386,26
978,03	-1397,91
978,20	-1406,86
978,37	-1438,37
978,54	-1414,33
978,71	-1399,84
978,88	-1342,55
979,05	-1363,91
979,22	-1316,97
979,39	-1446,57
979,56	-1280,64
979,72	-1308,77
979,89	-1328,92
980,06	-1305,33
980,23	-1294,48
980,40	-1369,51
980,57	-1340,99
980,74	-1272,74
980,91	-1343,60
981,08	-1363,43
981,25	-1347,81
981,41	-1379,48
981,58	-1322,22
981,75	-1334,25
981,92	-1353,70
982,09	-1385,63
982,26	-1441,31
982,43	-1392,74
982,60	-1376,14
982,77	-1394,87
982,93	-1316,65
983,10	-1314,67
983,27	-1344,83
983,44	-1337,11
983,61	-1311,68
983,78	-1298,23
983,95	-1369,40
984,11	-1360,95
984,28	-1348,25
984,45	-1401,17
984,62	-1403,23
984,79	-1402,41
984,96	-1386,78
985,13	-1498,98
985,30	-1363,68
985,46	-1405,35
985,63	-1464,18
985,80	-1312,05
985,97	-1508,08
986,14	-1367,18
986,31	-1377,33
986,47	-1356,61
986,64	-1321,06
986,81	-1410,77
986,98	-1455,57
987,15	-1397,73
987,32	-1360,03
987,48	-1285,84
987,65	-1396,53
987,82	-1360,38
987,99	-1377,78
988,16	-1319,04
988,33	-1422,71
988,49	-1329,76
988,66	-1330,03
988,83	-1374,97
989,00	-1288,47
989,17	-1381,76
989,34	-1386,52
989,50	-1345,48
989,67	-1440,66
989,84	-1343,17
990,01	-1386,96
990,18	-1335,87
990,34	-1339,03
990,51	-1289,45
990,68	-1355,09
990,85	-1340,95
991,02	-1411,27
991,18	-1324,75
991,35	-1337,85
991,52	-1432,75
991,69	-1329,49
991,86	-1358,27
992,02	-1367,02
992,19	-1356,20
992,36	-1417,15
992,53	-1293,30
992,69	-1363,83
992,86	-1331,96
993,03	-1408,31
993,20	-1429,21
993,37	-1286,07
993,53	-1337,92
993,70	-1292,09
993,87	-1382,74
994,04	-1446,08
994,20	-1431,15
994,37	-1362,03
994,54	-1339,60
994,71	-1434,27
994,87	-1392,29
995,04	-1339,85
995,21	-1284,07
995,38	-1361,45
995,55	-1352,37
995,71	-1394,62
995,88	-1366,96
996,05	-1319,48
996,22	-1406,05
996,38	-1354,12
996,55	-1395,04
996,72	-1303,29
996,88	-1337,20
997,05	-1200,09
997,22	-1369,00
997,39	-1371,52
997,55	-1374,25
997,72	-1354,12
997,89	-1386,84
998,06	-1366,77
998,22	-1312,49
998,39	-1366,68
998,56	-1341,55
998,73	-1408,46
998,89	-1321,08
999,06	-1363,98
999,23	-1356,86
999,39	-1382,50
999,56	-1313,38
999,73	-1382,02
999,90	-1422,48
1000,06	-1351,58
1000,23	-1404,13
1000,40	-1281,40
1000,56	-1352,37
1000,73	-1373,34
1000,90	-1390,39
1001,06	-1355,23
1001,23	-1387,41
1001,40	-1317,97
1001,57	-1372,42
1001,73	-1383,15
1001,90	-1357,92
1002,07	-1385,94
1002,23	-1365,33
1002,40	-1400,19
1002,57	-1370,29
1002,73	-1390,48
1002,90	-1411,90
1003,07	-1396,44
1003,23	-1358,82
1003,40	-1406,45
1003,57	-1368,98
1003,73	-1363,41
1003,90	-1341,37
1004,07	-1400,35
1004,23	-1342,30
1004,40	-1333,31
1004,57	-1294,37
1004,73	-1368,25
1004,90	-1373,24
1005,07	-1369,01
1005,23	-1366,60
1005,40	-1321,79
1005,57	-1395,19
1005,73	-1389,97
1005,90	-1379,95
1006,07	-1307,09
1006,23	-1335,45
1006,40	-1292,47
1006,57	-1347,60
1006,73	-1320,61
1006,90	-1268,73
1007,06	-1337,37
1007,23	-1329,49
1007,40	-1404,95
1007,56	-1399,38
1007,73	-1347,74
1007,90	-1441,74
1008,06	-1333,68
1008,23	-1305,68
1008,40	-1363,78
1008,56	-1309,51
1008,73	-1394,55
1008,89	-1321,16
1009,06	-1271,51
1009,23	-1359,64
1009,39	-1297,51
1009,56	-1364,15
1009,72	-1383,08
1009,89	-1412,66
1010,06	-1405,76
1010,22	-1438,04
1010,39	-1289,53
1010,55	-1381,35
1010,72	-1329,45
1010,89	-1338,68
1011,05	-1385,81
1011,22	-1341,29
1011,38	-1416,10
1011,55	-1356,61
1011,72	-1372,18
1011,88	-1333,61
1012,05	-1357,98
1012,21	-1333,12
1012,38	-1322,04
1012,55	-1331,82
1012,71	-1358,33
1012,88	-1309,11
1013,04	-1311,36
1013,21	-1350,05
1013,37	-1366,80
1013,54	-1388,65
1013,71	-1318,87
1013,87	-1375,08
1014,04	-1343,45
1014,20	-1336,12
1014,37	-1283,23
1014,53	-1434,96
1014,70	-1309,59
1014,87	-1315,26
1015,03	-1337,04
1015,20	-1265,21
1015,36	-1340,01
1015,53	-1359,89
1015,69	-1394,15
1015,86	-1323,31
1016,02	-1357,31
1016,19	-1313,69
1016,36	-1379,79
1016,52	-1426,58
1016,69	-1346,84
1016,85	-1385,47
1017,02	-1382,93
1017,18	-1354,98
1017,35	-1379,97
1017,51	-1310,57
1017,68	-1313,23
1017,84	-1376,60
1018,01	-1375,61
1018,17	-1246,01
1018,34	-1276,70
1018,50	-1436,64
1018,67	-1398,31
1018,84	-1313,36
1019,00	-1331,13
1019,17	-1290,54
1019,33	-1319,17
1019,50	-1379,34
1019,66	-1379,36
1019,83	-1401,17
1019,99	-1427,09
1020,16	-1332,52
1020,32	-1333,67
1020,49	-1352,39
1020,65	-1412,72
1020,82	-1284,42
1020,98	-1377,87
1021,15	-1287,68
1021,31	-1308,92
1021,48	-1468,92
1021,64	-1329,18
1021,81	-1322,39
1021,97	-1333,43
1022,14	-1378,75
1022,30	-1427,48
1022,47	-1398,31
1022,63	-1350,80
1022,79	-1376,54
1022,96	-1375,30
1023,12	-1316,15
1023,29	-1373,82
1023,45	-1337,75
1023,62	-1241,18
1023,78	-1415,77
1023,95	-1255,84
1024,11	-1391,60
1024,28	-1361,11
1024,44	-1361,55
1024,61	-1355,55
1024,77	-1382,59
1024,94	-1263,61
1025,10	-1344,98
1025,26	-1357,84
1025,43	-1390,23
1025,59	-1346,94
1025,76	-1288,58
1025,92	-1420,11
1026,09	-1401,34
1026,25	-1386,64
1026,42	-1377,01
1026,58	-1354,40
1026,74	-1360,58
1026,91	-1399,88
1027,07	-1364,06
1027,24	-1326,48
1027,40	-1362,35
1027,57	-1384,24
1027,73	-1400,68
1027,90	-1294,01
1028,06	-1395,27
1028,22	-1293,22
1028,39	-1436,07
1028,55	-1368,27
1028,72	-1330,21
1028,88	-1408,37
1029,04	-1400,19
1029,21	-1297,88
1029,37	-1382,00
1029,54	-1292,15
1029,70	-1362,43
1029,87	-1373,32
1030,03	-1358,66
1030,19	-1263,62
1030,36	-1353,99
1030,52	-1378,65
1030,69	-1409,62
1030,85	-1332,77
1031,01	-1358,01
1031,18	-1355,68
1031,34	-1261,69
1031,50	-1383,16
1031,67	-1415,67
1031,83	-1349,61
1032,00	-1387,82
1032,16	-1257,74
1032,32	-1394,54
1032,49	-1380,90
1032,65	-1332,19
1032,82	-1345,01
1032,98	-1367,02
1033,14	-1405,52
1033,31	-1230,71
1033,47	-1275,77
1033,63	-1285,27
1033,80	-1320,27
1033,96	-1364,07
1034,13	-1338,08
1034,29	-1359,83
1034,45	-1375,95
1034,62	-1375,48
1034,78	-1333,78
1034,94	-1397,57
1035,11	-1306,81
1035,27	-1333,26
1035,43	-1370,63
1035,60	-1377,11
1035,76	-1346,37
1035,92	-1324,09
1036,09	-1319,68
1036,25	-1307,41
1036,41	-1291,53
1036,58	-1349,38
1036,74	-1336,12
1036,90	-1315,16
1037,07	-1331,38
1037,23	-1334,05
1037,39	-1343,38
1037,56	-1375,94
1037,72	-1349,86
1037,88	-1317,99
1038,05	-1424,11
1038,21	-1360,24
1038,37	-1393,12
1038,54	-1312,73
1038,70	-1369,30
1038,86	-1368,33
1039,03	-1402,76
1039,19	-1326,89
1039,35	-1351,20
1039,52	-1375,37
1039,68	-1368,41
1039,84	-1418,05
1040,00	-1349,88
1040,17	-1364,24
1040,33	-1354,01
1040,49	-1358,84
1040,66	-1381,86
1040,82	-1412,89
1040,98	-1402,74
1041,15	-1300,93
1041,31	-1379,00
1041,47	-1411,58
1041,63	-1234,39
1041,80	-1389,79
1041,96	-1334,05
1042,12	-1393,39
1042,29	-1362,70
1042,45	-1273,97
1042,61	-1353,01
1042,77	-1308,72
1042,94	-1374,40
1043,10	-1344,64
1043,26	-1359,98
1043,42	-1288,48
1043,59	-1372,73
1043,75	-1403,57
1043,91	-1359,07
1044,07	-1432,71
1044,24	-1323,62
1044,40	-1325,01
