345,22	-1457,71
345,44	-1457,71
345,66	-1457,71
345,88	-1371,88
346,10	-1358,71
346,32	-1312,28
346,54	-1268,41
346,75	-1329,46
346,97	-1441,85
347,19	-1382,16
347,41	-1305,50
347,63	-1432,35
347,85	-1430,63
348,07	-1332,33
348,29	-1390,48
348,51	-1297,53
348,73	-1341,63
348,95	-1381,81
349,16	-1329,87
349,38	-1341,42
349,60	-1375,03
349,82	-1361,59
350,04	-1379,92
350,26	-1399,66
350,48	-1372,76
350,70	-1371,17
350,92	-1308,58
351,14	-1341,05
351,35	-1257,13
351,57	-1312,37
351,79	-1309,51
352,01	-1356,98
352,23	-1404,83
352,45	-1325,91
352,67	-1320,76
352,89	-1369,61
353,10	-1325,15
353,32	-1367,88
353,54	-1324,31
353,76	-1265,75
353,98	-1338,24
354,20	-1343,25
354,42	-1343,00
354,64	-1376,32
354,85	-1288,47
355,07	-1258,78
355,29	-1344,30
355,51	-1397,94
355,73	-1351,01
355,95	-1240,69
356,17	-1365,70
356,38	-1376,97
356,60	-1409,74
356,82	-1351,28
357,04	-1376,33
357,26	-1386,72
357,48	-1340,39
357,69	-1346,61
357,91	-1330,56
358,13	-1352,84
358,35	-1371,52
358,57	-1341,40
358,79	-1352,43
359,01	-1344,92
359,22	-1382,93
359,44	-1427,39
359,66	-1344,31
359,88	-1364,93
360,10	-1323,42
360,32	-1279,91
360,53	-1370,25
360,75	-1391,84
360,97	-1318,85
361,19	-1344,67
361,41	-1375,09
361,62	-1318,89
361,84	-1365,86
362,06	-1357,48
362,28	-1392,29
362,50	-1309,80
362,72	-1365,85
362,93	-1393,44
363,15	-1311,03
363,37	-1337,77
363,59	-1314,24
363,81	-1389,26
364,02	-1380,75
364,24	-1301,69
364,46	-1397,50
364,68	-1373,12
364,90	-1289,71
365,11	-1383,23
365,33	-1308,36
365,55	-1254,19
365,77	-1359,06
365,99	-1369,76
366,20	-1343,94
366,42	-1443,76
366,64	-1333,55
366,86	-1343,31
367,07	-1320,41
367,29	-1362,24
367,51	-1342,89
367,73	-1400,24
367,95	-1367,56
368,16	-1295,01
368,38	-1294,80
368,60	-1336,91
368,82	-1346,30
369,03	-1310,64
369,25	-1302,47
369,47	-1346,42
369,69	-1386,31
369,91	-1357,78
370,12	-1328,01
370,34	-1349,12
370,56	-1377,96
370,78	-1394,45
370,99	-1282,57
371,21	-1281,65
371,43	-1351,75
371,65	-1296,12
371,86	-1337,25
372,08	-1281,68
372,30	-1374,70
372,52	-1276,85
372,73	-1365,01
372,95	-1335,39
373,17	-1320,20
373,39	-1325,44
373,60	-1367,15
373,82	-1359,22
374,04	-1331,92
374,26	-1325,96
374,47	-1337,66
374,69	-1381,73
374,91	-1299,53
375,12	-1380,04
375,34	-1412,12
375,56	-1371,17
375,78	-1303,17
375,99	-1332,09
376,21	-1315,98
376,43	-1385,99
376,65	-1324,83
376,86	-1300,08
377,08	-1277,45
377,30	-1352,17
377,51	-1408,68
377,73	-1386,15
377,95	-1380,09
378,17	-1292,23
378,38	-1328,81
378,60	-1386,17
378,82	-1378,12
379,03	-1281,55
379,25	-1365,20
379,47	-1286,15
379,68	-1394,17
379,90	-1383,45
380,12	-1302,05
380,34	-1355,68
380,55	-1367,07
380,77	-1331,37
380,99	-1305,81
381,20	-1351,84
381,42	-1418,61
381,64	-1409,67
381,85	-1401,14
382,07	-1341,84
382,29	-1323,68
382,50	-1281,43
382,72	-1285,99
382,94	-1326,84
383,15	-1307,62
383,37	-1378,69
383,59	-1300,26
383,80	-1331,75
384,02	-1322,92
384,24	-1339,92
384,45	-1395,04
384,67	-1328,05
384,89	-1403,27
385,10	-1362,39
385,32	-1381,17
385,54	-1286,48
385,75	-1394,59
385,97	-1287,25
386,19	-1345,58
386,40	-1317,58
386,62	-1401,38
386,84	-1323,04
387,05	-1383,86
387,27	-1305,46
387,49	-1404,42
387,70	-1388,61
387,92	-1335,95
388,14	-1329,87
388,35	-1251,81
388,57	-1432,76
388,79	-1334,96
389,00	-1288,53
389,22	-1438,41
389,43	-1255,70
389,65	-1286,26
389,87	-1387,64
390,08	-1385,41
390,30	-1366,46
390,52	-1393,30
390,73	-1315,05
390,95	-1288,51
391,17	-1315,96
391,38	-1288,28
391,60	-1360,65
391,81	-1331,44
392,03	-1367,63
392,25	-1320,86
392,46	-1359,86
392,68	-1329,80
392,89	-1381,65
393,11	-1387,87
393,33	-1312,71
393,54	-1281,48
393,76	-1360,11
393,98	-1404,13
394,19	-1359,69
394,41	-1323,15
394,62	-1319,79
394,84	-1362,99
395,06	-1378,36
395,27	-1312,53
395,49	-1271,47
395,70	-1337,29
395,92	-1339,38
396,13	-1414,90
396,35	-1395,34
396,57	-1318,41
396,78	-1349,29
397,00	-1333,08
397,21	-1297,42
397,43	-1376,79
397,65	-1346,76
397,86	-1328,65
398,08	-1372,72
398,29	-1341,42
398,51	-1360,83
398,72	-1312,17
398,94	-1289,10
399,16	-1338,70
399,37	-1418,52
399,59	-1377,00
399,80	-1368,72
400,02	-1304,26
400,23	-1342,51
400,45	-1453,66
400,67	-1366,29
400,88	-1368,97
401,10	-1358,38
401,31	-1412,28
401,53	-1435,05
401,74	-1398,60
401,96	-1425,15
402,17	-1422,35
402,39	-1343,82
402,61	-1298,02
402,82	-1388,03
403,04	-1308,84
403,25	-1330,24
403,47	-1334,41
403,68	-1482,97
403,90	-1339,60
404,11	-1347,98
404,33	-1308,01
404,54	-1391,52
404,76	-1361,33
404,97	-1415,81
405,19	-1396,37
405,41	-1396,51
405,62	-1362,66
405,84	-1351,41
406,05	-1313,32
406,27	-1312,28
406,48	-1374,63
406,70	-1329,97
406,91	-1349,41
407,13	-1352,64
407,34	-1400,07
407,56	-1380,05
407,77	-1391,65
407,99	-1455,96
408,20	-1389,83
408,42	-1387,71
408,63	-1462,26
408,85	-1393,94
409,06	-1311,18
409,28	-1356,47
409,49	-1340,69
409,71	-1396,44
409,92	-1295,10
410,14	-1368,23
410,35	-1320,78
410,57	-1399,96
410,78	-1370,50
411,00	-1370,32
411,21	-1383,40
411,43	-1428,95
411,64	-1397,81
411,86	-1379,52
412,07	-1380,68
412,29	-1422,86
412,50	-1352,82
412,72	-1392,56
412,93	-1426,58
413,15	-1389,58
413,36	-1392,70
413,58	-1435,15
413,79	-1384,19
414,01	-1434,13
414,22	-1401,39
414,43	-1449,20
414,65	-1428,63
414,86	-1379,70
415,08	-1376,83
415,29	-1412,18
415,51	-1429,84
415,72	-1381,33
415,94	-1409,36
416,15	-1385,99
416,37	-1337,10
416,58	-1485,02
416,80	-1434,66
417,01	-1446,96
417,22	-1402,80
417,44	-1390,37
417,65	-1417,22
417,87	-1339,38
418,08	-1383,02
418,30	-1359,94
418,51	-1359,56
418,73	-1405,32
418,94	-1347,73
419,15	-1341,22
419,37	-1387,95
419,58	-1434,17
419,80	-1474,39
420,01	-1496,29
420,23	-1446,79
420,44	-1444,41
420,65	-1481,12
420,87	-1488,55
421,08	-1424,47
421,30	-1374,12
421,51	-1435,97
421,73	-1421,46
421,94	-1365,10
422,15	-1438,26
422,37	-1435,64
422,58	-1423,50
422,80	-1468,90
423,01	-1362,24
423,22	-1456,68
423,44	-1472,32
423,65	-1405,94
423,87	-1411,70
424,08	-1451,60
424,29	-1465,53
424,51	-1329,09
424,72	-1461,63
424,94	-1560,23
425,15	-1422,94
425,36	-1404,75
425,58	-1459,17
425,79	-1474,79
426,01	-1337,77
426,22	-1435,60
426,43	-1394,81
426,65	-1548,43
426,86	-1472,08
427,08	-1379,30
427,29	-1463,15
427,50	-1474,54
427,72	-1471,36
427,93	-1497,49
428,14	-1458,49
428,36	-1471,21
428,57	-1547,06
428,79	-1400,97
429,00	-1494,62
429,21	-1503,31
429,43	-1432,62
429,64	-1502,70
429,85	-1461,97
430,07	-1466,30
430,28	-1414,84
430,49	-1481,11
430,71	-1461,76
430,92	-1411,19
431,14	-1466,92
431,35	-1502,84
431,56	-1468,93
431,78	-1458,58
431,99	-1475,14
432,20	-1560,53
432,42	-1564,58
432,63	-1448,38
432,84	-1571,28
433,06	-1433,68
433,27	-1519,23
433,48	-1480,17
433,70	-1548,87
433,91	-1464,26
434,12	-1586,52
434,34	-1420,72
434,55	-1494,31
434,76	-1529,61
434,98	-1536,19
435,19	-1573,19
435,40	-1623,14
435,62	-1527,98
435,83	-1492,56
436,04	-1646,42
436,26	-1519,08
436,47	-1523,77
436,68	-1551,46
436,90	-1558,03
437,11	-1566,96
437,32	-1605,52
437,54	-1561,01
437,75	-1547,78
437,96	-1576,75
438,17	-1615,50
438,39	-1581,39
438,60	-1578,05
438,81	-1517,92
439,03	-1544,33
439,24	-1649,35
439,45	-1559,12
439,67	-1647,56
439,88	-1581,22
440,09	-1546,61
440,30	-1643,40
440,52	-1585,95
440,73	-1627,56
440,94	-1682,46
441,16	-1659,68
441,37	-1621,77
441,58	-1601,26
441,80	-1727,78
442,01	-1625,77
442,22	-1644,75
442,43	-1681,82
442,65	-1634,32
442,86	-1611,85
443,07	-1612,58
443,28	-1628,63
443,50	-1651,36
443,71	-1677,86
443,92	-1642,31
444,14	-1599,79
444,35	-1666,18
444,56	-1725,48
444,77	-1775,26
444,99	-1754,35
445,20	-1732,60
445,41	-1675,72
445,62	-1662,35
445,84	-1763,42
446,05	-1715,17
446,26	-1715,01
446,47	-1663,30
446,69	-1723,15
446,90	-1768,43
447,11	-1688,56
447,32	-1697,89
447,54	-1746,80
447,75	-1779,00
447,96	-1712,54
448,17	-1768,52
448,39	-1749,77
448,60	-1683,11
448,81	-1726,99
449,02	-1683,85
449,23	-1841,26
449,45	-1778,91
449,66	-1755,11
449,87	-1709,20
450,08	-1819,82
450,30	-1709,41
450,51	-1780,85
450,72	-1708,36
450,93	-1857,81
451,15	-1752,93
451,36	-1727,08
451,57	-1825,22
451,78	-1792,78
451,99	-1746,55
452,21	-1742,20
452,42	-1714,47
452,63	-1780,90
452,84	-1713,30
453,05	-1749,73
453,27	-1750,40
453,48	-1758,86
453,69	-1799,03
453,90	-1713,19
454,11	-1759,60
454,33	-1772,66
454,54	-1751,77
454,75	-1833,86
454,96	-1754,65
455,17	-1820,01
455,39	-1757,67
455,60	-1798,37
455,81	-1760,77
456,02	-1678,53
456,23	-1745,84
456,45	-1791,40
456,66	-1709,73
456,87	-1793,45
457,08	-1808,75
457,29	-1753,48
457,50	-1676,74
457,72	-1697,63
457,93	-1688,49
458,14	-1693,19
458,35	-1801,34
458,56	-1709,28
458,77	-1689,34
458,99	-1667,97
459,20	-1744,27
459,41	-1783,24
459,62	-1715,65
459,83	-1736,36
460,04	-1767,52
460,26	-1747,24
460,47	-1721,86
460,68	-1774,13
460,89	-1777,45
461,10	-1697,24
461,31	-1643,08
461,52	-1687,50
461,74	-1671,27
461,95	-1783,46
462,16	-1778,98
462,37	-1763,36
462,58	-1555,46
462,79	-1696,71
463,00	-1754,65
463,22	-1658,14
463,43	-1636,10
463,64	-1682,08
463,85	-1723,20
464,06	-1720,18
464,27	-1647,03
464,48	-1692,55
464,70	-1652,53
464,91	-1690,45
465,12	-1718,13
465,33	-1744,62
465,54	-1651,15
465,75	-1675,08
465,96	-1793,54
466,17	-1694,50
466,38	-1701,84
466,60	-1694,31
466,81	-1762,59
467,02	-1650,40
467,23	-1689,76
467,44	-1691,94
467,65	-1716,01
467,86	-1637,04
468,07	-1707,73
468,28	-1651,43
468,50	-1706,15
468,71	-1745,37
468,92	-1631,94
469,13	-1710,93
469,34	-1638,28
469,55	-1708,52
469,76	-1727,69
469,97	-1741,90
470,18	-1642,82
470,39	-1669,73
470,60	-1752,19
470,82	-1678,21
471,03	-1708,85
471,24	-1751,34
471,45	-1605,48
471,66	-1730,43
471,87	-1722,15
472,08	-1772,44
472,29	-1674,48
472,50	-1761,28
472,71	-1683,96
472,92	-1634,69
473,13	-1691,26
473,34	-1745,29
473,55	-1705,48
473,77	-1753,12
473,98	-1724,26
474,19	-1764,04
474,40	-1722,61
474,61	-1790,06
474,82	-1710,25
475,03	-1805,48
475,24	-1792,48
475,45	-1789,93
475,66	-1702,28
475,87	-1784,15
476,08	-1734,12
476,29	-1659,40
476,50	-1661,98
476,71	-1776,20
476,92	-1689,67
477,13	-1764,58
477,34	-1728,35
477,55	-1708,80
477,76	-1800,67
477,97	-1779,11
478,18	-1736,96
478,40	-1873,78
478,61	-1790,47
478,82	-1771,75
479,03	-1740,77
479,24	-1783,94
479,45	-1709,60
479,66	-1720,97
479,87	-1825,63
480,08	-1890,28
480,29	-1734,69
480,50	-1802,02
480,71	-1754,66
480,92	-1813,76
481,13	-1796,65
481,34	-1870,79
481,55	-1784,96
481,76	-1819,98
481,97	-1726,12
482,18	-1771,05
482,39	-1866,97
482,60	-1858,37
482,81	-1844,30
483,02	-1757,86
483,23	-1818,52
483,44	-1726,93
483,65	-1868,26
483,86	-1822,66
484,07	-1853,69
484,28	-1731,71
484,49	-1815,01
484,70	-1838,89
484,91	-1720,42
485,12	-1805,83
485,33	-1791,31
485,54	-1841,94
485,75	-1764,19
485,96	-1887,53
486,17	-1866,05
486,38	-1742,12
486,59	-1762,63
486,80	-1834,84
487,01	-1848,45
487,21	-1847,52
487,42	-1841,54
487,63	-1924,27
487,84	-1889,98
488,05	-1757,77
488,26	-1872,14
488,47	-1901,70
488,68	-1911,40
488,89	-1887,46
489,10	-1849,73
489,31	-1874,53
489,52	-1828,80
489,73	-1932,42
489,94	-1895,08
490,15	-1874,35
490,36	-1991,07
490,57	-1879,80
490,78	-1918,79
490,99	-1878,70
491,20	-1960,99
491,41	-1890,41
491,61	-1948,48
491,82	-1938,41
492,03	-1927,64
492,24	-1847,55
492,45	-1864,55
492,66	-1976,86
492,87	-1955,04
493,08	-1985,89
493,29	-1918,35
493,50	-1905,48
493,71	-1908,71
493,92	-1976,27
494,13	-1949,15
494,34	-2029,10
494,54	-1990,34
494,75	-1984,48
494,96	-1905,60
495,17	-1950,57
495,38	-2042,50
495,59	-1923,49
495,80	-1979,09
496,01	-1920,17
496,22	-1941,13
496,43	-1986,83
496,64	-1933,36
496,84	-2058,30
497,05	-1940,62
497,26	-2000,99
497,47	-1961,25
497,68	-2018,16
497,89	-1986,88
498,10	-2019,74
498,31	-2001,15
498,52	-1919,07
498,72	-2015,91
498,93	-1994,53
499,14	-2094,46
499,35	-2037,02
499,56	-1997,19
499,77	-1931,43
499,98	-1978,99
500,19	-2039,24
500,40	-2025,09
500,60	-2066,82
500,81	-2076,66
501,02	-2094,40
501,23	-2107,97
501,44	-2040,73
501,65	-2100,44
501,86	-2139,55
502,06	-2101,93
502,27	-2017,92
502,48	-2079,88
502,69	-2034,60
502,90	-2052,04
503,11	-2085,09
503,32	-2107,71
503,53	-2113,02
503,73	-2038,28
503,94	-2081,51
504,15	-2025,57
504,36	-2056,24
504,57	-2053,83
504,78	-2151,77
504,98	-2072,80
505,19	-2135,87
505,40	-2147,45
505,61	-2074,40
505,82	-2184,84
506,03	-2039,85
506,23	-2081,66
506,44	-2048,78
506,65	-2172,33
506,86	-2074,41
507,07	-2133,60
507,28	-2092,70
507,48	-2073,52
507,69	-2026,20
507,90	-2152,99
508,11	-2123,17
508,32	-2076,36
508,53	-2176,33
508,73	-2117,40
508,94	-2042,70
509,15	-2119,33
509,36	-2091,17
509,57	-2107,10
509,77	-2163,69
509,98	-2118,27
510,19	-2186,43
510,40	-2073,14
510,61	-2157,70
510,81	-2132,45
511,02	-2105,59
511,23	-2127,75
511,44	-2061,45
511,65	-2094,56
511,85	-2147,34
512,06	-2146,17
512,27	-2111,87
512,48	-2141,72
512,69	-2130,90
512,89	-2202,34
513,10	-2166,45
513,31	-2197,41
513,52	-2169,56
513,73	-2123,29
513,93	-2169,92
514,14	-2168,82
514,35	-2176,02
514,56	-2209,68
514,76	-2248,55
514,97	-2261,61
515,18	-2211,61
515,39	-2105,73
515,60	-2118,46
515,80	-2134,84
516,01	-2175,48
516,22	-2201,74
516,43	-2209,47
516,63	-2182,05
516,84	-2210,82
517,05	-2235,45
517,26	-2221,49
517,46	-2161,52
517,67	-2247,85
517,88	-2157,10
518,09	-2319,87
518,29	-2176,70
518,50	-2059,09
518,71	-2176,97
518,92	-2114,73
519,12	-2212,20
519,33	-2163,83
519,54	-2180,17
519,75	-2270,37
519,95	-2243,18
520,16	-2251,27
520,37	-2220,12
520,57	-2123,08
520,78	-2213,95
520,99	-2312,45
521,20	-2255,20
521,40	-2180,07
521,61	-2279,14
521,82	-2300,52
522,03	-2168,00
522,23	-2228,53
522,44	-2251,27
522,65	-2264,79
522,85	-2316,75
523,06	-2355,13
523,27	-2312,23
523,48	-2108,06
523,68	-2278,57
523,89	-2182,16
524,10	-2300,60
524,30	-2415,03
524,51	-2194,76
524,72	-2296,23
524,93	-2269,50
525,13	-2248,75
525,34	-2337,15
525,55	-2230,83
525,75	-2217,76
525,96	-2259,29
526,17	-2285,99
526,37	-2235,57
526,58	-2220,23
526,79	-2366,49
526,99	-2257,78
527,20	-2120,33
527,41	-2309,18
527,62	-2359,61
527,82	-2296,16
528,03	-2315,48
528,24	-2226,47
528,44	-2228,96
528,65	-2274,36
528,86	-2294,56
529,06	-2317,59
529,27	-2363,29
529,48	-2299,11
529,68	-2297,10
529,89	-2308,81
530,10	-2322,52
530,30	-2260,26
530,51	-2354,46
530,72	-2225,90
530,92	-2263,24
531,13	-2326,31
531,34	-2454,38
531,54	-2308,30
531,75	-2335,12
531,96	-2339,99
532,16	-2380,61
532,37	-2283,46
532,57	-2277,47
532,78	-2214,98
532,99	-2311,08
533,19	-2381,96
533,40	-2411,16
533,61	-2355,72
533,81	-2253,99
534,02	-2252,15
534,23	-2311,07
534,43	-2248,42
534,64	-2363,69
534,84	-2438,78
535,05	-2344,21
535,26	-2314,69
535,46	-2367,42
535,67	-2325,56
535,88	-2312,55
536,08	-2227,48
536,29	-2341,74
536,49	-2343,21
536,70	-2301,36
536,91	-2375,77
537,11	-2288,33
537,32	-2337,96
537,53	-2259,32
537,73	-2324,34
537,94	-2332,35
538,14	-2261,45
538,35	-2410,60
538,56	-2365,00
538,76	-2454,04
538,97	-2341,43
539,17	-2375,72
539,38	-2294,25
539,59	-2181,34
539,79	-2330,39
540,00	-2344,98
540,20	-2394,78
540,41	-2232,32
540,62	-2142,46
540,82	-2256,88
541,03	-2249,39
541,23	-2266,96
541,44	-2490,71
541,64	-2294,90
541,85	-2277,36
542,06	-2295,01
542,26	-2275,73
542,47	-2356,70
542,67	-2338,86
542,88	-2348,21
543,08	-2241,73
543,29	-2373,53
543,50	-2360,16
543,70	-2286,59
543,91	-2220,90
544,11	-2266,44
544,32	-2272,41
544,52	-2262,51
544,73	-2282,92
544,94	-2454,80
545,14	-2392,15
545,35	-2317,90
545,55	-2369,74
545,76	-2382,02
545,96	-2340,21
546,17	-2237,20
546,37	-2417,04
546,58	-2400,12
546,78	-2383,70
546,99	-2323,54
547,20	-2287,28
547,40	-2383,45
547,61	-2348,83
547,81	-2332,25
548,02	-2349,08
548,22	-2329,19
548,43	-2326,82
548,63	-2475,17
548,84	-2322,54
549,04	-2436,95
549,25	-2352,35
549,45	-2340,82
549,66	-2318,24
549,86	-2285,32
550,07	-2327,25
550,27	-2362,17
550,48	-2334,19
550,69	-2362,92
550,89	-2400,50
551,10	-2303,67
551,30	-2375,85
551,51	-2442,35
551,71	-2217,51
551,92	-2338,54
552,12	-2349,67
552,33	-2437,85
552,53	-2535,22
552,74	-2309,83
552,94	-2358,97
553,15	-2439,96
553,35	-2337,52
553,56	-2269,80
553,76	-2372,09
553,97	-2306,41
554,17	-2264,45
554,38	-2213,57
554,58	-2230,54
554,79	-2413,73
554,99	-2405,27
555,19	-2438,78
555,40	-2288,07
555,60	-2353,29
555,81	-2331,19
556,01	-2380,86
556,22	-2372,32
556,42	-2304,30
556,63	-2289,98
556,83	-2293,07
557,04	-2337,49
557,24	-2187,36
557,45	-2388,05
557,65	-2374,77
557,86	-2248,27
558,06	-2296,23
558,27	-2294,06
558,47	-2396,06
558,67	-2353,62
558,88	-2372,67
559,08	-2367,52
559,29	-2359,86
559,49	-2397,63
559,70	-2301,25
559,90	-2363,11
560,11	-2534,53
560,31	-2348,46
560,52	-2336,97
560,72	-2319,85
560,92	-2308,39
561,13	-2451,38
561,33	-2372,83
561,54	-2362,06
561,74	-2396,62
561,95	-2324,78
562,15	-2272,14
562,35	-2321,10
562,56	-2387,79
562,76	-2318,46
562,97	-2269,17
563,17	-2357,33
563,38	-2460,94
563,58	-2265,29
563,78	-2339,11
563,99	-2371,58
564,19	-2352,09
564,40	-2394,04
564,60	-2288,35
564,80	-2289,91
565,01	-2292,64
565,21	-2336,49
565,42	-2343,58
565,62	-2460,38
565,83	-2548,53
566,03	-2442,89
566,23	-2326,35
566,44	-2442,73
566,64	-2444,35
566,85	-2391,53
567,05	-2413,36
567,25	-2326,15
567,46	-2395,93
567,66	-2305,14
567,86	-2365,39
568,07	-2316,64
568,27	-2432,22
568,48	-2280,64
568,68	-2304,98
568,88	-2386,06
569,09	-2437,21
569,29	-2370,30
569,50	-2430,66
569,70	-2292,38
569,90	-2293,29
570,11	-2425,23
570,31	-2337,39
570,51	-2365,11
570,72	-2299,62
570,92	-2426,91
571,13	-2385,64
571,33	-2338,54
571,53	-2316,38
571,74	-2291,49
571,94	-2345,45
572,14	-2438,94
572,35	-2347,59
572,55	-2398,35
572,75	-2307,09
572,96	-2363,38
573,16	-2361,18
573,36	-2342,59
573,57	-2370,62
573,77	-2423,56
573,97	-2266,96
574,18	-2371,21
574,38	-2339,03
574,59	-2245,28
574,79	-2339,69
574,99	-2316,06
575,20	-2396,88
575,40	-2268,61
575,60	-2392,46
575,81	-2265,98
576,01	-2275,94
576,21	-2395,05
576,42	-2331,09
576,62	-2410,22
576,82	-2322,73
577,02	-2285,76
577,23	-2406,70
577,43	-2314,08
577,63	-2267,01
577,84	-2300,06
578,04	-2301,25
578,24	-2330,05
578,45	-2320,10
578,65	-2346,89
578,85	-2364,17
579,06	-2309,01
579,26	-2256,89
579,46	-2337,85
579,67	-2306,19
579,87	-2211,28
580,07	-2301,25
580,27	-2316,74
580,48	-2342,84
580,68	-2306,31
580,88	-2316,35
581,09	-2214,14
581,29	-2337,96
581,49	-2266,11
581,69	-2386,96
581,90	-2355,50
582,10	-2357,15
582,30	-2290,80
582,51	-2355,71
582,71	-2430,38
582,91	-2316,48
583,11	-2332,44
583,32	-2339,32
583,52	-2230,05
583,72	-2243,54
583,93	-2263,99
584,13	-2260,87
584,33	-2360,23
584,53	-2356,23
584,74	-2320,12
584,94	-2422,09
585,14	-2246,96
585,34	-2361,48
585,55	-2313,03
585,75	-2303,80
585,95	-2310,13
586,15	-2273,00
586,36	-2264,76
586,56	-2235,95
586,76	-2300,55
586,96	-2325,15
587,17	-2301,99
587,37	-2272,63
587,57	-2312,17
587,77	-2320,63
587,98	-2245,23
588,18	-2189,88
588,38	-2260,03
588,58	-2181,73
588,79	-2287,02
588,99	-2378,46
589,19	-2268,43
589,39	-2357,60
589,60	-2236,77
589,80	-2220,88
590,00	-2347,62
590,20	-2198,85
590,40	-2311,55
590,61	-2313,01
590,81	-2378,44
591,01	-2251,01
591,21	-2296,26
591,42	-2353,89
591,62	-2210,43
591,82	-2239,72
592,02	-2263,62
592,22	-2199,71
592,43	-2313,64
592,63	-2246,61
592,83	-2188,31
593,03	-2345,78
593,23	-2260,09
593,44	-2121,84
593,64	-2259,03
593,84	-2143,19
594,04	-2300,15
594,24	-2278,10
594,45	-2217,86
594,65	-2328,68
594,85	-2202,47
595,05	-2287,29
595,25	-2293,17
595,46	-2164,89
595,66	-2285,83
595,86	-2306,88
596,06	-2243,02
596,26	-2234,20
596,46	-2226,84
596,67	-2216,46
596,87	-2197,05
597,07	-2205,99
597,27	-2246,08
597,47	-2297,38
597,67	-2203,79
597,88	-2196,93
598,08	-2269,33
598,28	-2193,82
598,48	-2216,40
598,68	-2196,59
598,88	-2379,65
599,09	-2209,95
599,29	-2321,15
599,49	-2207,20
599,69	-2262,45
599,89	-2201,64
600,09	-2250,24
600,30	-2217,28
600,50	-2231,93
600,70	-2164,78
600,90	-2212,77
601,10	-2250,97
601,30	-2175,61
601,50	-2233,19
601,71	-2198,10
601,91	-2089,81
602,11	-2140,80
602,31	-2114,15
602,51	-2198,85
602,71	-2185,00
602,91	-2106,17
603,11	-2116,36
603,32	-2178,53
603,52	-2092,57
603,72	-2091,78
603,92	-2154,28
604,12	-2332,87
604,32	-2167,03
604,52	-2176,02
604,72	-2112,73
604,93	-2231,46
605,13	-2199,55
605,33	-2100,09
605,53	-2150,66
605,73	-2239,03
605,93	-2127,14
606,13	-2175,59
606,33	-2171,07
606,53	-2082,38
606,74	-2130,23
606,94	-2103,30
607,14	-2241,76
607,34	-2166,20
607,54	-2211,13
607,74	-2191,97
607,94	-2174,34
608,14	-2046,12
608,34	-2148,28
608,54	-2187,15
608,74	-2151,64
608,95	-2165,46
609,15	-2173,24
609,35	-2052,97
609,55	-2040,22
609,75	-2152,91
609,95	-2049,14
610,15	-2142,77
610,35	-2148,20
610,55	-2173,54
610,75	-2241,18
610,95	-2106,33
611,15	-2115,73
611,35	-2181,68
611,55	-2075,81
611,76	-2141,65
611,96	-2101,14
612,16	-2147,31
612,36	-2065,83
612,56	-2107,06
612,76	-2093,94
612,96	-2149,29
613,16	-2066,99
613,36	-2084,31
613,56	-2190,00
613,76	-2108,50
613,96	-2112,38
614,16	-2084,22
614,36	-2060,85
614,56	-2103,59
614,76	-2018,39
614,96	-2014,37
615,16	-2137,74
615,36	-2089,01
615,56	-2135,94
615,76	-2025,67
615,97	-2114,42
616,17	-2159,42
616,37	-2063,34
616,57	-2032,03
616,77	-2142,62
616,97	-2163,47
617,17	-2043,15
617,37	-2087,21
617,57	-2088,37
617,77	-2026,36
617,97	-2156,48
618,17	-2037,96
618,37	-1996,90
618,57	-2056,26
618,77	-2083,06
618,97	-2078,61
619,17	-2016,41
619,37	-2050,72
619,57	-2098,30
619,77	-2009,39
619,97	-2064,28
620,17	-2210,25
620,37	-2053,04
620,57	-2006,45
620,77	-2032,04
620,97	-2130,22
621,17	-2085,69
621,37	-2021,68
621,57	-2070,77
621,77	-2073,51
621,97	-2033,07
622,17	-2104,65
622,37	-2012,43
622,57	-2082,11
622,77	-2101,29
622,97	-2111,65
623,17	-1978,67
623,37	-2012,30
623,57	-1996,27
623,77	-2053,24
623,97	-1984,29
624,16	-2035,07
624,36	-2016,63
624,56	-2032,87
624,76	-1928,84
624,96	-2112,93
625,16	-2009,76
625,36	-2000,36
625,56	-2104,14
625,76	-2018,69
625,96	-2016,32
626,16	-2064,06
626,36	-1973,73
626,56	-2003,55
626,76	-1986,76
626,96	-2042,60
627,16	-2018,42
627,36	-2062,98
627,56	-1962,03
627,76	-1941,49
627,96	-2043,11
628,16	-1998,79
628,35	-1993,71
628,55	-2010,97
628,75	-2002,14
628,95	-2015,28
629,15	-1996,63
629,35	-1960,62
629,55	-1946,90
629,75	-2014,55
629,95	-1956,15
630,15	-1937,90
630,35	-1909,88
630,55	-1976,90
630,75	-2017,85
630,95	-1974,37
631,14	-1916,98
631,34	-1876,43
631,54	-1973,00
631,74	-1851,38
631,94	-1979,25
632,14	-1980,26
632,34	-1937,97
632,54	-1973,52
632,74	-1970,79
632,94	-1999,36
633,14	-1901,93
633,33	-2004,41
633,53	-1949,86
633,73	-1965,87
633,93	-1884,59
634,13	-1903,84
634,33	-1891,87
634,53	-1850,76
634,73	-1940,97
634,93	-1936,98
635,12	-1962,92
635,32	-1886,59
635,52	-1961,66
635,72	-1882,57
635,92	-1969,92
636,12	-1924,26
636,32	-1995,68
636,52	-1947,85
636,71	-1937,45
636,91	-1932,47
637,11	-1881,69
637,31	-1948,00
637,51	-1922,07
637,71	-1917,49
637,91	-1940,49
638,11	-1871,66
638,30	-1980,98
638,50	-1828,85
638,70	-1818,57
638,90	-1877,74
639,10	-1851,80
639,30	-1882,05
639,50	-1881,79
639,69	-1850,18
639,89	-1943,17
640,09	-1897,22
640,29	-1805,61
640,49	-1885,05
640,69	-1898,23
640,88	-1811,94
641,08	-1872,86
641,28	-1793,90
641,48	-1888,04
641,68	-1942,49
641,88	-1886,06
642,07	-1848,91
642,27	-1799,67
642,47	-1911,77
642,67	-1797,15
642,87	-1872,86
643,07	-1785,90
643,26	-1774,95
643,46	-1869,05
643,66	-1879,06
643,86	-1787,54
644,06	-1816,54
644,26	-1776,92
644,45	-1787,22
644,65	-1860,00
644,85	-1899,90
645,05	-1791,96
645,25	-1739,86
645,44	-1794,78
645,64	-1748,62
645,84	-1802,60
646,04	-1702,21
646,24	-1828,65
646,43	-1733,67
646,63	-1773,78
646,83	-1650,10
647,03	-1850,26
647,23	-1747,83
647,42	-1730,77
647,62	-1856,05
647,82	-1673,47
648,02	-1750,61
648,22	-1819,38
648,41	-1726,25
648,61	-1718,39
648,81	-1792,45
649,01	-1685,30
649,20	-1718,53
649,40	-1800,51
649,60	-1629,81
649,80	-1755,08
650,00	-1634,83
650,19	-1756,18
650,39	-1737,54
650,59	-1718,41
650,79	-1702,53
650,98	-1661,89
651,18	-1674,76
651,38	-1708,56
651,58	-1688,77
651,77	-1708,95
651,97	-1646,01
652,17	-1657,32
652,37	-1603,42
652,56	-1605,12
652,76	-1660,33
652,96	-1669,73
653,16	-1583,63
653,35	-1685,72
653,55	-1598,91
653,75	-1649,13
653,95	-1497,50
654,14	-1668,45
654,34	-1553,88
654,54	-1654,85
654,74	-1579,85
654,93	-1677,96
655,13	-1615,72
655,33	-1583,75
655,52	-1517,02
655,72	-1573,78
655,92	-1645,26
656,12	-1571,00
656,31	-1536,99
656,51	-1545,11
656,71	-1602,87
656,91	-1436,29
657,10	-1671,16
657,30	-1478,87
657,50	-1569,96
657,69	-1535,93
657,89	-1521,34
658,09	-1432,68
658,29	-1470,73
658,48	-1405,38
658,68	-1413,91
658,88	-1438,17
659,07	-1448,93
659,27	-1420,83
659,47	-1369,68
659,66	-1391,16
659,86	-1399,37
660,06	-1421,26
660,26	-1365,27
660,45	-1365,29
660,65	-1382,57
660,85	-1385,07
661,04	-1329,65
661,24	-1303,99
661,44	-1357,34
661,63	-1263,78
661,83	-1230,99
662,03	-1422,24
662,22	-1293,02
662,42	-1324,91
662,62	-1220,46
662,81	-1329,32
663,01	-1227,77
663,21	-1288,48
663,40	-1289,08
663,60	-1258,64
663,80	-1161,66
663,99	-1115,23
664,19	-1254,98
664,39	-1177,62
664,58	-1237,72
664,78	-1207,73
664,98	-1213,74
665,17	-1168,25
665,37	-1108,63
665,57	-1141,23
665,76	-1117,15
665,96	-1158,19
666,16	-1158,18
666,35	-1092,50
666,55	-1059,62
666,74	-996,41
666,94	-916,86
667,14	-1088,31
667,33	-927,16
667,53	-968,99
667,73	-1002,82
667,92	-950,41
668,12	-947,72
668,32	-859,04
668,51	-977,21
668,71	-852,39
668,90	-933,95
669,10	-910,88
669,30	-840,63
669,49	-888,66
669,69	-822,67
669,89	-811,92
670,08	-885,92
670,28	-732,16
670,47	-756,69
670,67	-691,07
670,87	-746,13
671,06	-691,50
671,26	-663,51
671,45	-745,69
671,65	-608,13
671,85	-553,85
672,04	-602,63
672,24	-615,41
672,43	-570,20
672,63	-602,25
672,83	-496,93
673,02	-445,24
673,22	-497,46
673,41	-611,18
673,61	-351,11
673,81	-395,39
674,00	-352,14
674,20	-418,43
674,39	-267,27
674,59	-344,49
674,78	-314,45
674,98	-241,27
675,18	-233,04
675,37	-153,96
675,57	-203,67
675,76	-147,77
675,96	-123,42
676,15	-35,01
676,35	-29,67
676,55	-62,44
676,74	-30,41
676,94	100,16
677,13	105,22
677,33	114,84
677,52	93,00
677,72	41,02
677,91	215,90
678,11	254,42
678,31	293,21
678,50	341,25
678,70	350,01
678,89	381,13
679,09	400,82
679,28	338,86
679,48	485,89
679,67	472,38
679,87	645,44
680,06	593,98
680,26	531,54
680,46	689,00
680,65	660,76
680,85	741,61
681,04	773,19
681,24	731,31
681,43	888,78
681,63	945,32
681,82	965,99
682,02	993,96
682,21	1016,27
682,41	1181,75
682,60	1187,03
682,80	1142,11
682,99	1299,14
683,19	1267,56
683,38	1313,10
683,58	1390,58
683,77	1447,94
683,97	1539,24
684,16	1546,32
684,36	1561,21
684,55	1673,86
684,75	1725,32
684,94	1698,39
685,14	1910,59
685,33	1797,42
685,53	2009,09
685,72	2035,14
685,92	2039,69
686,11	2141,82
686,31	2202,82
686,50	2303,05
686,70	2433,25
686,89	2347,79
687,09	2452,80
687,28	2563,94
687,48	2576,60
687,67	2663,27
687,87	2635,07
688,06	2893,57
688,26	2854,37
688,45	3107,39
688,65	3080,97
688,84	3146,30
689,03	3284,76
689,23	3250,68
689,42	3361,59
689,62	3522,11
689,81	3636,20
690,01	3705,65
690,20	3645,90
690,40	3739,91
690,59	3918,93
690,79	3944,11
690,98	4170,18
691,17	4168,42
691,37	4255,47
691,56	4499,98
691,76	4552,96
691,95	4552,50
692,15	4726,48
692,34	4883,85
692,54	5014,58
692,73	4984,61
692,92	5154,16
693,12	5232,91
693,31	5208,22
693,51	5425,09
693,70	5439,77
693,90	5665,56
694,09	5627,30
694,28	5754,21
694,48	6063,12
694,67	6095,01
694,87	6234,51
695,06	6386,13
695,26	6378,75
695,45	6620,94
695,64	6778,86
695,84	6756,90
696,03	7063,96
696,23	7193,87
696,42	7341,82
696,61	7453,64
696,81	7562,56
697,00	7704,79
697,20	7896,11
697,39	7855,79
697,58	8210,69
697,78	8268,12
697,97	8482,24
698,17	8605,20
698,36	8748,24
698,55	8939,44
698,75	9215,96
698,94	9268,52
699,14	9605,41
699,33	9567,83
699,52	9906,34
699,72	10022,59
699,91	10034,61
700,10	10169,54
700,30	10467,65
700,49	10572,21
700,69	10986,01
700,88	11174,80
701,07	11293,63
701,27	11414,86
701,46	11593,73
701,65	11890,03
701,85	11966,30
702,04	12150,05
702,23	12673,44
702,43	12716,27
702,62	12978,04
702,82	13226,76
703,01	13348,90
703,20	13400,21
703,40	13855,55
703,59	14111,26
703,78	14246,97
703,98	14676,75
704,17	14839,27
704,36	15005,89
704,56	15109,02
704,75	15438,89
704,94	15676,63
705,14	15890,93
705,33	15991,21
705,52	16401,33
705,72	16756,51
705,91	16825,04
706,10	17103,77
706,30	17529,40
706,49	17681,06
706,68	17959,32
706,88	18425,93
707,07	18566,26
707,26	18905,95
707,46	19493,43
707,65	19655,02
707,84	19753,73
708,04	20026,91
708,23	20387,93
708,42	20874,67
708,62	21079,57
708,81	21348,69
709,00	21599,70
709,19	22113,59
709,39	22264,72
709,58	22585,17
709,77	22865,10
709,97	23456,68
710,16	23622,61
710,35	23935,95
710,55	24484,63
710,74	24796,94
710,93	25238,02
711,12	25842,59
711,32	25705,10
711,51	26268,65
711,70	26775,56
711,90	27162,79
712,09	27509,49
712,28	27688,05
712,47	28099,14
712,67	28431,49
712,86	28701,57
713,05	29112,54
713,24	29597,51
713,44	30083,28
713,63	30516,57
713,82	30840,18
714,02	31546,21
714,21	31981,41
714,40	32317,00
714,59	32320,27
714,79	32960,67
714,98	33437,60
715,17	33738,80
715,36	34165,61
715,56	34597,22
715,75	35054,41
715,94	35472,14
716,13	35868,47
716,33	36223,36
716,52	36547,06
716,71	37138,93
716,90	37677,51
717,10	37679,32
717,29	38513,90
717,48	38904,63
717,67	39184,13
717,87	39811,05
718,06	40292,08
718,25	40345,15
718,44	40818,43
718,63	41287,65
718,83	41638,48
719,02	41777,93
719,21	42258,55
719,40	42326,46
719,60	43232,47
719,79	43730,70
719,98	43810,60
720,17	44617,49
720,36	44746,11
720,56	44839,38
720,75	45562,86
720,94	45726,87
721,13	46163,89
721,33	46549,03
721,52	46646,38
721,71	47221,25
721,90	47117,69
722,09	47521,99
722,29	47772,06
722,48	48089,83
722,67	48543,01
722,86	48991,31
723,05	49392,39
723,24	49041,68
723,44	50087,14
723,63	49950,65
723,82	50134,50
724,01	50256,76
724,20	50704,93
724,40	50738,88
724,59	51042,43
724,78	51079,67
724,97	51337,23
725,16	51682,45
725,35	51563,06
725,55	51663,05
725,74	52102,55
725,93	51745,22
726,12	52455,56
726,31	52481,33
726,51	52411,50
726,70	52455,49
726,89	51979,52
727,08	52361,88
727,27	52558,00
727,46	52385,51
727,65	52461,45
727,85	52317,19
728,04	52484,43
728,23	52339,33
728,42	51938,19
728,61	52112,06
728,80	52064,72
729,00	51535,83
729,19	51862,68
729,38	51724,77
729,57	51461,47
729,76	51161,36
729,95	50750,42
730,14	51093,61
730,33	50601,99
730,53	50329,45
730,72	50294,73
730,91	49764,84
731,10	49591,55
731,29	48831,83
731,48	48890,44
731,67	48531,54
731,86	48024,30
732,06	47876,91
732,25	47405,02
732,44	47042,88
732,63	46196,58
732,82	46071,71
733,01	45855,06
733,20	44846,32
733,39	44985,69
733,59	44150,24
733,78	44026,48
733,97	43394,26
734,16	43308,99
734,35	42572,95
734,54	42256,32
734,73	41676,61
734,92	41220,27
735,11	40391,86
735,30	40264,93
735,49	39556,95
735,69	38838,18
735,88	38600,02
736,07	37941,51
736,26	37406,63
736,45	37164,41
736,64	36250,69
736,83	35568,88
737,02	35294,01
737,21	34676,62
737,40	34081,54
737,59	33979,54
737,78	33276,86
737,98	32220,33
738,17	31987,77
738,36	31625,47
738,55	30897,24
738,74	30612,23
738,93	30139,71
739,12	29456,74
739,31	28752,53
739,50	28335,10
739,69	27749,30
739,88	26984,11
740,07	27044,05
740,26	26309,48
740,45	25453,12
740,64	25324,29
740,83	24555,09
741,02	24239,90
741,22	23665,35
741,41	23207,69
741,60	22753,90
741,79	22286,13
741,98	21948,70
742,17	21321,07
742,36	20946,30
742,55	20401,63
742,74	19703,67
742,93	19644,53
743,12	18961,20
743,31	18694,17
743,50	18337,12
743,69	17547,41
743,88	17339,63
744,07	16948,56
744,26	16534,06
744,45	16272,57
744,64	16047,62
744,83	15451,78
745,02	14994,87
745,21	14774,25
745,40	14267,45
745,59	14091,15
745,78	13769,13
745,97	13336,72
746,16	12922,90
746,35	12665,46
746,54	12324,48
746,73	11972,21
746,92	11668,59
747,11	11178,15
747,30	11209,91
747,49	10813,41
747,68	10538,40
747,87	10310,99
748,06	9918,35
748,25	9677,14
748,44	9404,72
748,63	9179,09
748,82	8886,30
749,01	8732,57
749,20	8390,69
749,39	8119,55
749,58	7999,24
749,77	7848,06
749,96	7461,68
750,15	7289,72
750,34	7252,72
750,53	7004,45
750,72	6729,75
750,91	6557,27
751,10	6353,15
751,29	6146,44
751,48	6024,04
751,67	5809,07
751,86	5661,83
752,04	5471,06
752,23	5403,47
752,42	5092,15
752,61	4958,18
752,80	4862,92
752,99	4680,97
753,18	4462,13
753,37	4424,46
753,56	4182,76
753,75	4118,67
753,94	3950,07
754,13	3863,03
754,32	3694,29
754,51	3587,45
754,70	3495,23
754,89	3327,27
755,08	3223,27
755,27	3185,31
755,45	3152,13
755,64	2911,25
755,83	2853,25
756,02	2775,69
756,21	2641,67
756,40	2536,05
756,59	2489,82
756,78	2361,23
756,97	2283,28
757,16	2234,92
757,35	2100,12
757,54	1967,34
757,72	1893,02
757,91	1812,11
758,10	1831,26
758,29	1653,48
758,48	1602,10
758,67	1621,62
758,86	1518,25
759,05	1415,49
759,24	1295,73
759,43	1320,18
759,61	1172,94
759,80	1213,88
759,99	1116,11
760,18	860,10
760,37	1130,87
760,56	959,52
760,75	911,51
760,94	693,53
761,13	772,70
761,31	628,91
761,50	610,12
761,69	626,52
761,88	561,50
762,07	490,82
762,26	461,61
762,45	368,14
762,64	308,07
762,82	232,35
763,01	319,43
763,20	226,45
763,39	204,88
763,58	125,18
763,77	32,43
763,96	-1,96
764,14	-80,52
764,33	-25,54
764,52	-112,07
764,71	-112,93
764,90	-105,84
765,09	-230,78
765,27	-244,28
765,46	-245,26
765,65	-337,99
765,84	-329,75
766,03	-332,44
766,22	-466,61
766,41	-518,62
766,59	-550,37
766,78	-440,26
766,97	-568,00
767,16	-445,43
767,35	-676,90
767,54	-682,80
767,72	-593,14
767,91	-652,53
768,10	-720,69
768,29	-702,27
768,48	-693,15
768,66	-740,18
768,85	-789,73
769,04	-796,78
769,23	-850,83
769,42	-960,83
769,61	-818,90
769,79	-840,97
769,98	-765,26
770,17	-1018,58
770,36	-1023,60
770,55	-974,86
770,73	-1002,32
770,92	-1040,39
771,11	-1068,35
771,30	-1095,42
771,49	-1117,98
771,67	-1042,50
771,86	-1090,02
772,05	-1147,02
772,24	-1127,15
772,42	-1073,74
772,61	-1133,89
772,80	-1136,34
772,99	-1209,64
773,18	-1128,15
773,36	-1110,47
773,55	-1186,82
773,74	-1153,34
773,93	-1226,46
774,11	-1154,29
774,30	-1151,12
774,49	-1177,18
774,68	-1230,41
774,87	-1207,62
775,05	-1260,35
775,24	-1258,21
775,43	-1197,37
775,62	-1253,84
775,80	-1246,22
775,99	-1325,08
776,18	-1278,69
776,37	-1285,77
776,55	-1341,42
776,74	-1301,45
776,93	-1278,62
777,12	-1399,95
777,30	-1295,03
777,49	-1351,21
777,68	-1300,03
777,87	-1351,99
778,05	-1324,08
778,24	-1274,09
778,43	-1303,73
778,62	-1446,66
778,80	-1411,24
778,99	-1366,23
779,18	-1436,66
779,36	-1408,20
779,55	-1270,53
779,74	-1328,29
779,93	-1329,82
780,11	-1397,91
780,30	-1348,36
780,49	-1429,29
780,68	-1347,83
780,86	-1372,83
781,05	-1446,75
781,24	-1357,86
781,42	-1399,53
781,61	-1325,89
781,80	-1352,45
781,98	-1327,09
782,17	-1459,49
782,36	-1476,61
782,55	-1414,81
782,73	-1423,08
782,92	-1412,22
783,11	-1538,90
783,29	-1413,50
783,48	-1453,88
783,67	-1475,76
783,85	-1427,75
784,04	-1392,95
784,23	-1440,40
784,42	-1407,17
784,60	-1535,27
784,79	-1390,70
784,98	-1455,11
785,16	-1475,79
785,35	-1484,64
785,54	-1352,14
785,72	-1468,45
785,91	-1538,04
786,10	-1479,78
786,28	-1488,63
786,47	-1493,99
786,66	-1415,40
786,84	-1408,20
787,03	-1466,44
787,22	-1331,54
787,40	-1531,49
787,59	-1406,06
787,78	-1496,92
787,96	-1430,39
788,15	-1439,35
788,34	-1439,60
788,52	-1456,27
788,71	-1507,28
788,89	-1446,12
789,08	-1468,07
789,27	-1474,59
789,45	-1415,16
789,64	-1407,77
789,83	-1520,71
790,01	-1549,65
790,20	-1556,00
790,39	-1506,23
790,57	-1510,06
790,76	-1492,83
790,95	-1467,32
791,13	-1481,56
791,32	-1391,34
791,50	-1515,70
791,69	-1498,13
791,88	-1422,11
792,06	-1484,56
792,25	-1519,69
792,43	-1505,22
792,62	-1444,45
792,81	-1425,77
792,99	-1463,96
793,18	-1524,77
793,37	-1524,19
793,55	-1537,46
793,74	-1514,15
793,92	-1412,42
794,11	-1476,62
794,30	-1504,28
794,48	-1508,45
794,67	-1416,42
794,85	-1507,48
795,04	-1446,41
795,23	-1445,39
795,41	-1458,75
795,60	-1390,51
795,78	-1530,27
795,97	-1510,41
796,15	-1530,58
796,34	-1567,25
796,53	-1457,91
796,71	-1555,51
796,90	-1449,75
797,08	-1527,29
797,27	-1505,78
797,46	-1523,44
797,64	-1452,92
797,83	-1437,73
798,01	-1466,22
798,20	-1532,29
798,38	-1449,98
798,57	-1512,94
798,76	-1554,64
798,94	-1543,51
799,13	-1500,51
799,31	-1461,69
799,50	-1572,30
799,68	-1542,82
799,87	-1421,52
800,05	-1543,47
800,24	-1435,07
800,43	-1546,06
800,61	-1499,75
800,80	-1462,50
800,98	-1521,50
801,17	-1489,31
801,35	-1515,36
801,54	-1515,89
801,72	-1468,26
801,91	-1513,94
802,09	-1463,00
802,28	-1467,20
802,46	-1472,30
802,65	-1519,66
802,84	-1460,61
803,02	-1510,79
803,21	-1485,11
803,39	-1532,79
803,58	-1562,68
803,76	-1501,42
803,95	-1551,85
804,13	-1458,03
804,32	-1498,29
804,50	-1468,54
804,69	-1585,83
804,87	-1469,09
805,06	-1486,86
805,24	-1552,46
805,43	-1522,55
805,61	-1478,13
805,80	-1450,93
805,98	-1511,15
806,17	-1543,55
806,35	-1581,38
806,54	-1522,81
806,72	-1529,32
806,91	-1609,57
807,09	-1492,30
807,28	-1507,75
807,46	-1434,50
807,65	-1672,74
807,83	-1506,69
808,02	-1503,55
808,20	-1453,87
808,39	-1480,28
808,57	-1541,77
808,76	-1597,23
808,94	-1510,69
809,13	-1457,07
809,31	-1533,06
809,49	-1518,25
809,68	-1494,36
809,86	-1496,19
810,05	-1548,66
810,23	-1534,58
810,42	-1462,82
810,60	-1502,49
810,79	-1535,38
810,97	-1497,42
811,16	-1560,69
811,34	-1517,88
811,53	-1445,37
811,71	-1521,20
811,89	-1432,55
812,08	-1367,85
812,26	-1553,25
812,45	-1539,21
812,63	-1518,68
812,82	-1519,08
813,00	-1496,88
813,19	-1536,23
813,37	-1463,27
813,55	-1433,40
813,74	-1560,84
813,92	-1433,55
814,11	-1466,74
814,29	-1550,66
814,48	-1516,83
814,66	-1567,21
814,84	-1540,77
815,03	-1505,45
815,21	-1536,73
815,40	-1437,32
815,58	-1437,97
815,77	-1421,99
815,95	-1463,37
816,13	-1451,73
816,32	-1430,34
816,50	-1481,33
816,69	-1455,94
816,87	-1446,86
817,05	-1450,98
817,24	-1393,16
817,42	-1428,98
817,61	-1430,86
817,79	-1433,81
817,97	-1410,33
818,16	-1489,69
818,34	-1478,60
818,53	-1429,04
818,71	-1426,56
818,89	-1475,33
819,08	-1497,13
819,26	-1397,23
819,45	-1401,15
819,63	-1455,65
819,81	-1459,66
820,00	-1412,92
820,18	-1453,19
820,36	-1381,03
820,55	-1410,06
820,73	-1470,67
820,92	-1580,32
821,10	-1501,90
821,28	-1485,13
821,47	-1458,36
821,65	-1504,66
821,83	-1510,17
822,02	-1455,24
822,20	-1422,15
822,39	-1481,73
822,57	-1491,69
822,75	-1530,07
822,94	-1529,06
823,12	-1392,91
823,30	-1469,71
823,49	-1425,11
823,67	-1544,26
823,85	-1372,21
824,04	-1502,66
824,22	-1454,09
824,40	-1455,12
824,59	-1465,05
824,77	-1466,94
824,95	-1390,97
825,14	-1454,29
825,32	-1526,03
825,50	-1388,80
825,69	-1508,59
825,87	-1454,34
826,05	-1458,35
826,24	-1457,71
826,42	-1374,99
826,60	-1416,80
826,79	-1443,16
826,97	-1445,86
827,15	-1508,04
827,34	-1467,82
827,52	-1495,49
827,70	-1445,17
827,89	-1519,17
828,07	-1384,05
828,25	-1493,36
828,44	-1553,75
828,62	-1442,07
828,80	-1525,49
828,98	-1539,31
829,17	-1368,24
829,35	-1409,18
829,53	-1495,02
829,72	-1392,21
829,90	-1448,65
830,08	-1441,71
830,27	-1455,44
830,45	-1521,76
830,63	-1478,60
830,81	-1444,65
831,00	-1439,48
831,18	-1507,01
831,36	-1570,63
831,55	-1512,20
831,73	-1487,06
831,91	-1432,30
832,09	-1391,43
832,28	-1403,04
832,46	-1486,29
832,64	-1412,96
832,82	-1438,44
833,01	-1581,23
833,19	-1492,43
833,37	-1505,29
833,55	-1475,73
833,74	-1444,95
833,92	-1390,12
834,10	-1509,45
834,29	-1481,61
834,47	-1386,19
834,65	-1457,81
834,83	-1473,55
835,02	-1452,52
835,20	-1507,94
835,38	-1487,01
835,56	-1428,31
835,75	-1365,28
835,93	-1443,99
836,11	-1404,90
836,29	-1517,25
836,47	-1482,65
836,66	-1575,67
836,84	-1500,13
837,02	-1482,13
837,20	-1440,48
837,39	-1410,99
837,57	-1442,53
837,75	-1395,30
837,93	-1491,79
838,12	-1588,14
838,30	-1486,15
838,48	-1451,83
838,66	-1473,84
838,84	-1422,86
839,03	-1423,67
839,21	-1467,62
839,39	-1473,67
839,57	-1517,20
839,75	-1483,53
839,94	-1481,67
840,12	-1461,13
840,30	-1474,22
840,48	-1401,47
840,66	-1481,13
840,85	-1508,65
841,03	-1330,36
841,21	-1404,09
841,39	-1417,26
841,57	-1510,09
841,76	-1413,69
841,94	-1469,04
842,12	-1445,33
842,30	-1486,92
842,48	-1573,12
842,67	-1477,42
842,85	-1396,62
843,03	-1388,40
843,21	-1509,43
843,39	-1398,05
843,57	-1554,78
843,76	-1447,91
843,94	-1527,01
844,12	-1448,63
844,30	-1567,14
844,48	-1504,84
844,66	-1443,58
844,85	-1533,09
845,03	-1511,32
845,21	-1423,52
845,39	-1437,27
845,57	-1431,31
845,75	-1542,41
845,94	-1411,75
846,12	-1460,30
846,30	-1487,44
846,48	-1447,91
846,66	-1488,91
846,84	-1382,47
847,02	-1457,45
847,21	-1454,76
847,39	-1455,69
847,57	-1502,19
847,75	-1468,52
847,93	-1365,90
848,11	-1461,38
848,29	-1392,28
848,48	-1557,93
848,66	-1539,89
848,84	-1452,77
849,02	-1501,42
849,20	-1481,13
849,38	-1516,01
849,56	-1452,36
849,74	-1438,11
849,93	-1445,74
850,11	-1479,27
850,29	-1493,35
850,47	-1428,23
850,65	-1401,96
850,83	-1525,18
851,01	-1527,24
851,19	-1594,73
851,37	-1503,95
851,56	-1499,11
851,74	-1486,09
851,92	-1483,91
852,10	-1446,22
852,28	-1398,44
852,46	-1455,40
852,64	-1375,15
852,82	-1465,77
853,00	-1415,82
853,18	-1357,77
853,37	-1458,02
853,55	-1428,23
853,73	-1506,06
853,91	-1480,90
854,09	-1507,59
854,27	-1441,59
854,45	-1450,14
854,63	-1442,27
854,81	-1390,51
854,99	-1384,36
855,17	-1510,09
855,35	-1392,85
855,53	-1412,78
855,72	-1409,16
855,90	-1411,49
856,08	-1508,14
856,26	-1460,18
856,44	-1453,29
856,62	-1455,22
856,80	-1420,14
856,98	-1448,74
857,16	-1422,76
857,34	-1429,84
857,52	-1437,26
857,70	-1431,41
857,88	-1478,92
858,06	-1491,21
858,24	-1416,48
858,42	-1395,34
858,60	-1433,54
858,78	-1328,97
858,96	-1506,28
859,15	-1431,53
859,33	-1475,17
859,51	-1435,94
859,69	-1377,35
859,87	-1473,96
860,05	-1395,18
860,23	-1446,38
860,41	-1392,50
860,59	-1426,82
860,77	-1384,82
860,95	-1424,37
861,13	-1527,28
861,31	-1514,07
861,49	-1426,26
861,67	-1524,62
861,85	-1453,26
862,03	-1449,62
862,21	-1439,91
862,39	-1407,35
862,57	-1435,07
862,75	-1419,77
862,93	-1422,12
863,11	-1444,73
863,29	-1416,69
863,47	-1487,11
863,65	-1497,48
863,83	-1381,46
864,01	-1448,10
864,19	-1543,77
864,37	-1357,29
864,55	-1364,94
864,73	-1464,33
864,91	-1586,23
865,09	-1357,94
865,27	-1419,22
865,45	-1430,31
865,63	-1429,06
865,81	-1455,12
865,99	-1415,11
866,17	-1431,63
866,35	-1476,81
866,53	-1417,87
866,71	-1489,10
866,89	-1400,39
867,07	-1349,96
867,24	-1485,54
867,42	-1477,83
867,60	-1433,77
867,78	-1369,42
867,96	-1471,32
868,14	-1447,12
868,32	-1350,32
868,50	-1482,22
868,68	-1421,29
868,86	-1452,77
869,04	-1425,23
869,22	-1357,55
869,40	-1444,23
869,58	-1391,82
869,76	-1411,37
869,94	-1393,22
870,12	-1453,03
870,30	-1412,49
870,48	-1506,06
870,66	-1469,16
870,83	-1483,72
871,01	-1427,32
871,19	-1419,86
871,37	-1475,09
871,55	-1394,62
871,73	-1489,10
871,91	-1442,12
872,09	-1384,68
872,27	-1424,20
872,45	-1501,91
872,63	-1462,37
872,81	-1454,09
872,98	-1453,51
873,16	-1270,10
873,34	-1375,48
873,52	-1560,42
873,70	-1331,85
873,88	-1487,01
874,06	-1509,35
874,24	-1439,94
874,42	-1472,50
874,60	-1495,12
874,78	-1425,90
874,95	-1407,30
875,13	-1345,54
875,31	-1404,49
875,49	-1483,43
875,67	-1482,02
875,85	-1471,66
876,03	-1449,51
876,21	-1458,57
876,39	-1390,94
876,56	-1443,85
876,74	-1417,39
876,92	-1431,49
877,10	-1375,32
877,28	-1538,07
877,46	-1412,78
877,64	-1436,74
877,82	-1457,74
877,99	-1425,27
878,17	-1441,66
878,35	-1440,04
878,53	-1412,74
878,71	-1309,15
878,89	-1439,56
879,07	-1486,02
879,24	-1460,58
879,42	-1417,11
879,60	-1488,94
879,78	-1452,25
879,96	-1437,33
880,14	-1314,20
880,32	-1301,17
880,49	-1413,56
880,67	-1452,77
880,85	-1398,41
881,03	-1368,43
881,21	-1436,27
881,39	-1396,53
881,56	-1449,69
881,74	-1411,44
881,92	-1396,72
882,10	-1466,46
882,28	-1417,36
882,46	-1410,77
882,63	-1382,82
882,81	-1509,12
882,99	-1407,56
883,17	-1427,34
883,35	-1464,10
883,52	-1488,33
883,70	-1491,15
883,88	-1467,06
884,06	-1406,57
884,24	-1377,48
884,42	-1398,94
884,59	-1443,80
884,77	-1378,22
884,95	-1422,22
885,13	-1451,34
885,31	-1414,76
885,48	-1398,44
885,66	-1429,36
885,84	-1451,40
886,02	-1459,63
886,20	-1427,89
886,37	-1371,94
886,55	-1400,43
886,73	-1361,80
886,91	-1388,01
887,08	-1427,05
887,26	-1455,33
887,44	-1438,09
887,62	-1439,79
887,80	-1483,72
887,97	-1474,10
888,15	-1480,18
888,33	-1404,08
888,51	-1517,68
888,68	-1384,14
888,86	-1376,97
889,04	-1379,48
889,22	-1411,17
889,40	-1428,69
889,57	-1455,21
889,75	-1319,71
889,93	-1366,34
890,11	-1417,06
890,28	-1413,13
890,46	-1450,10
890,64	-1425,07
890,82	-1451,49
890,99	-1440,71
891,17	-1506,94
891,35	-1372,14
891,53	-1435,91
891,70	-1362,68
891,88	-1457,36
892,06	-1460,73
892,24	-1426,40
892,41	-1432,98
892,59	-1514,23
892,77	-1395,24
892,94	-1442,39
893,12	-1424,54
893,30	-1440,00
893,48	-1456,98
893,65	-1549,65
893,83	-1472,54
894,01	-1411,78
894,19	-1435,58
894,36	-1313,92
894,54	-1419,86
894,72	-1440,30
894,89	-1468,23
895,07	-1407,07
895,25	-1398,26
895,43	-1442,19
895,60	-1439,52
895,78	-1411,34
895,96	-1433,61
896,13	-1395,94
896,31	-1408,14
896,49	-1438,80
896,66	-1385,07
896,84	-1362,12
897,02	-1417,86
897,20	-1415,72
897,37	-1506,44
897,55	-1469,38
897,73	-1365,77
897,90	-1396,56
898,08	-1402,73
898,26	-1394,19
898,43	-1375,38
898,61	-1308,43
898,79	-1336,11
898,96	-1418,00
899,14	-1382,01
899,32	-1407,54
899,49	-1398,45
899,67	-1372,65
899,85	-1379,37
900,02	-1329,99
900,20	-1362,32
900,38	-1429,44
900,55	-1389,75
900,73	-1352,04
900,91	-1382,22
901,08	-1437,08
901,26	-1406,43
901,44	-1359,02
901,61	-1330,03
901,79	-1462,25
901,97	-1426,51
902,14	-1468,84
902,32	-1432,10
902,50	-1389,35
902,67	-1420,73
902,85	-1506,38
903,02	-1345,52
903,20	-1420,01
903,38	-1445,27
903,55	-1453,41
903,73	-1394,45
903,91	-1453,46
904,08	-1298,55
904,26	-1442,14
904,44	-1356,94
904,61	-1432,10
904,79	-1418,97
904,96	-1352,30
905,14	-1351,78
905,32	-1348,36
905,49	-1324,72
905,67	-1449,23
905,84	-1385,36
906,02	-1433,56
906,20	-1366,20
906,37	-1358,88
906,55	-1426,58
906,73	-1479,81
906,90	-1332,95
907,08	-1379,25
907,25	-1482,73
907,43	-1354,15
907,61	-1409,02
907,78	-1332,59
907,96	-1436,86
908,13	-1343,05
908,31	-1369,42
908,48	-1371,27
908,66	-1449,58
908,84	-1388,07
909,01	-1446,28
909,19	-1444,77
909,36	-1336,75
909,54	-1359,97
909,72	-1390,73
909,89	-1355,10
910,07	-1427,85
910,24	-1311,99
910,42	-1399,02
910,59	-1380,60
910,77	-1408,94
910,95	-1466,27
911,12	-1416,42
911,30	-1375,75
911,47	-1363,73
911,65	-1424,24
911,82	-1403,68
912,00	-1468,84
912,17	-1390,85
912,35	-1352,30
912,53	-1414,92
912,70	-1366,89
912,88	-1379,00
913,05	-1454,29
913,23	-1446,94
913,40	-1395,91
913,58	-1427,11
913,75	-1406,00
913,93	-1412,62
914,10	-1407,96
914,28	-1399,03
914,46	-1444,33
914,63	-1429,28
914,81	-1334,86
914,98	-1343,68
915,16	-1472,29
915,33	-1334,39
915,51	-1265,19
915,68	-1389,80
915,86	-1410,15
916,03	-1394,76
916,21	-1404,44
916,38	-1486,89
916,56	-1472,61
916,73	-1412,04
916,91	-1363,79
917,08	-1432,96
917,26	-1401,26
917,43	-1368,07
917,61	-1420,41
917,78	-1352,40
917,96	-1354,29
918,13	-1314,36
918,31	-1422,31
918,48	-1392,21
918,66	-1376,25
918,83	-1441,64
919,01	-1424,18
919,18	-1351,02
919,36	-1453,19
919,53	-1373,00
919,71	-1413,49
919,88	-1289,42
920,06	-1422,90
920,23	-1435,30
920,41	-1364,59
920,58	-1317,01
920,76	-1435,14
920,93	-1390,71
921,11	-1393,80
921,28	-1402,15
921,45	-1335,53
921,63	-1384,44
921,80	-1381,53
921,98	-1412,57
922,15	-1381,51
922,33	-1475,85
922,50	-1370,06
922,68	-1390,38
922,85	-1404,60
923,03	-1382,75
923,20	-1432,84
923,38	-1386,96
923,55	-1412,64
923,72	-1346,78
923,90	-1449,72
924,07	-1437,92
924,25	-1412,09
924,42	-1351,10
924,60	-1385,21
924,77	-1357,91
924,95	-1391,18
925,12	-1343,43
925,29	-1330,58
925,47	-1400,79
925,64	-1346,01
925,82	-1438,51
925,99	-1397,16
926,17	-1321,10
926,34	-1390,53
926,51	-1377,99
926,69	-1382,15
926,86	-1412,85
927,04	-1326,00
927,21	-1289,07
927,38	-1397,12
927,56	-1301,52
927,73	-1427,53
927,91	-1396,74
928,08	-1322,06
928,25	-1336,44
928,43	-1347,11
928,60	-1421,38
928,78	-1387,69
928,95	-1384,13
929,12	-1382,61
929,30	-1466,36
929,47	-1327,13
929,65	-1435,87
929,82	-1347,49
929,99	-1362,75
930,17	-1411,08
930,34	-1415,50
930,52	-1329,66
930,69	-1392,49
930,86	-1352,35
931,04	-1365,60
931,21	-1388,60
931,38	-1349,27
931,56	-1366,87
931,73	-1334,31
931,91	-1427,38
932,08	-1409,77
932,25	-1355,06
932,43	-1336,34
932,60	-1425,65
932,77	-1432,51
932,95	-1349,39
933,12	-1395,49
933,29	-1390,49
933,47	-1363,47
933,64	-1374,60
933,82	-1343,23
933,99	-1379,46
934,16	-1286,23
934,34	-1399,68
934,51	-1313,43
934,68	-1296,32
934,86	-1361,07
935,03	-1341,75
935,20	-1345,20
935,38	-1330,85
935,55	-1407,37
935,72	-1337,46
935,90	-1338,83
936,07	-1361,42
936,24	-1323,89
936,42	-1419,92
936,59	-1258,38
936,76	-1370,12
936,94	-1264,99
937,11	-1374,04
937,28	-1356,41
937,46	-1444,23
937,63	-1363,15
937,80	-1386,90
937,97	-1330,92
938,15	-1333,76
938,32	-1347,40
938,49	-1327,89
938,67	-1323,33
938,84	-1256,08
939,01	-1352,73
939,19	-1445,29
939,36	-1411,79
939,53	-1366,34
939,70	-1349,66
939,88	-1363,15
940,05	-1340,73
940,22	-1332,13
940,40	-1400,28
940,57	-1371,54
940,74	-1333,99
940,92	-1355,46
941,09	-1314,66
941,26	-1339,94
941,43	-1385,42
941,61	-1387,32
941,78	-1449,15
941,95	-1399,21
942,12	-1384,03
942,30	-1362,34
942,47	-1372,69
942,64	-1310,78
942,82	-1330,12
942,99	-1332,11
943,16	-1410,31
943,33	-1363,33
943,51	-1400,48
943,68	-1295,68
943,85	-1366,91
944,02	-1329,68
944,20	-1409,79
944,37	-1355,67
944,54	-1410,11
944,71	-1314,29
944,89	-1291,33
945,06	-1337,42
945,23	-1308,17
945,40	-1315,31
945,58	-1319,03
945,75	-1353,88
945,92	-1300,20
946,09	-1363,76
946,27	-1288,61
946,44	-1351,17
946,61	-1372,88
946,78	-1378,86
946,95	-1287,20
947,13	-1370,76
947,30	-1295,17
947,47	-1342,50
947,64	-1334,55
947,82	-1384,67
947,99	-1390,50
948,16	-1361,37
948,33	-1341,81
948,50	-1301,20
948,68	-1358,38
948,85	-1424,07
949,02	-1315,15
949,19	-1376,82
949,36	-1317,40
949,54	-1376,82
949,71	-1428,91
949,88	-1335,45
950,05	-1343,25
950,22	-1417,37
950,40	-1313,77
950,57	-1345,27
950,74	-1342,29
950,91	-1375,93
951,08	-1348,39
951,26	-1316,85
951,43	-1429,35
951,60	-1347,33
951,77	-1375,02
951,94	-1341,67
952,11	-1335,56
952,29	-1410,92
952,46	-1296,78
952,63	-1242,15
952,80	-1339,40
952,97	-1375,18
953,15	-1313,95
953,32	-1309,11
953,49	-1415,80
953,66	-1343,73
953,83	-1368,29
954,00	-1271,84
954,17	-1302,02
954,35	-1334,09
954,52	-1431,20
954,69	-1361,10
954,86	-1325,50
955,03	-1419,92
955,20	-1299,15
955,38	-1346,48
955,55	-1328,48
955,72	-1411,82
955,89	-1321,84
956,06	-1307,00
956,23	-1334,82
956,40	-1347,93
956,58	-1368,04
956,75	-1384,35
956,92	-1387,79
957,09	-1302,51
957,26	-1382,32
957,43	-1381,65
957,60	-1335,62
957,77	-1375,09
957,95	-1368,88
958,12	-1361,42
958,29	-1424,70
958,46	-1266,35
958,63	-1396,88
958,80	-1421,41
958,97	-1320,00
959,14	-1341,76
959,31	-1369,05
959,49	-1390,66
959,66	-1414,00
959,83	-1389,76
960,00	-1422,69
960,17	-1263,72
960,34	-1341,40
960,51	-1325,86
960,68	-1377,13
960,85	-1310,52
961,02	-1391,49
961,20	-1295,01
961,37	-1288,20
961,54	-1316,41
961,71	-1359,79
961,88	-1327,15
962,05	-1383,20
962,22	-1347,47
962,39	-1300,67
962,56	-1271,93
962,73	-1386,39
962,90	-1432,68
963,07	-1358,66
963,24	-1331,39
963,42	-1382,13
963,59	-1392,00
963,76	-1334,89
963,93	-1323,43
964,10	-1286,39
964,27	-1437,52
964,44	-1326,60
964,61	-1360,33
964,78	-1413,76
964,95	-1369,22
965,12	-1251,74
965,29	-1398,56
965,46	-1389,67
965,63	-1417,93
965,80	-1407,81
965,97	-1407,94
966,14	-1337,01
966,31	-1343,10
966,48	-1298,57
966,66	-1388,46
966,83	-1361,77
967,00	-1335,58
967,17	-1265,97
967,34	-1321,17
967,51	-1366,96
967,68	-1330,42
967,85	-1322,09
968,02	-1420,39
968,19	-1301,21
968,36	-1502,40
968,53	-1309,64
968,70	-1344,88
968,87	-1408,21
969,04	-1395,34
969,21	-1433,66
969,38	-1367,92
969,55	-1387,54
969,72	-1331,82
969,89	-1284,30
970,06	-1370,39
970,23	-1345,11
970,40	-1309,39
970,57	-1335,22
970,74	-1347,67
970,91	-1366,59
971,08	-1406,14
971,25	-1356,41
971,42	-1360,08
971,59	-1388,13
971,76	-1373,29
971,93	-1293,90
972,10	-1299,41
972,27	-1364,52
972,44	-1302,45
972,61	-1349,80
972,78	-1415,23
972,95	-1410,34
973,12	-1299,24
973,29	-1373,70
973,46	-1375,42
973,63	-1314,84
973,80	-1403,55
973,97	-1280,19
974,14	-1287,92
974,30	-1340,25
974,47	-1316,41
974,64	-1339,44
974,81	-1356,17
974,98	-1398,35
975,15	-1315,21
975,32	-1386,02
975,49	-1377,83
975,66	-1403,52
975,83	-1380,20
976,00	-1361,07
976,17	-1333,97
976,34	-1380,74
976,51	-1381,26
976,68	-1310,30
976,85	-1336,28
977,02	-1298,25
977,19	-1312,69
977,36	-1351,42
977,52	-1374,26
977,69	-1259,27
977,86	-1413,88
978,03	-1400,49
978,20	-1393,24
978,37	-1387,17
978,54	-1405,87
978,71	-1396,53
978,88	-1309,80
979,05	-1381,24
979,22	-1334,30
979,39	-1402,01
979,56	-1314,16
979,72	-1354,85
979,89	-1379,37
980,06	-1329,27
980,23	-1251,45
980,40	-1433,99
980,57	-1350,20
980,74	-1291,54
980,91	-1378,61
981,08	-1342,44
981,25	-1332,72
981,41	-1382,07
981,58	-1376,40
981,75	-1335,36
981,92	-1360,71
982,09	-1385,27
982,26	-1440,95
982,43	-1359,20
982,60	-1388,30
982,77	-1357,66
982,93	-1301,55
983,10	-1299,57
983,27	-1349,63
983,44	-1288,11
983,61	-1276,72
983,78	-1286,82
983,95	-1397,04
984,11	-1360,59
984,28	-1351,57
984,45	-1362,49
984,62	-1408,76
984,79	-1415,32
984,96	-1383,47
985,13	-1462,50
985,30	-1350,79
985,46	-1371,07
985,63	-1460,13
985,80	-1368,40
985,97	-1552,69
986,14	-1355,02
986,31	-1325,39
986,47	-1357,72
986,64	-1266,88
986,81	-1406,72
986,98	-1401,39
987,15	-1350,95
987,32	-1395,76
987,48	-1270,74
987,65	-1364,50
987,82	-1343,81
987,99	-1334,70
988,16	-1356,15
988,33	-1413,51
988,49	-1338,98
988,66	-1281,80
988,83	-1353,24
989,00	-1323,45
989,17	-1405,72
989,34	-1319,86
989,50	-1345,86
989,67	-1439,56
989,84	-1354,61
990,01	-1448,49
990,18	-1336,24
990,34	-1337,93
990,51	-1317,09
990,68	-1367,25
990,85	-1334,70
991,02	-1385,86
991,18	-1255,89
991,35	-1312,44
991,52	-1390,41
991,69	-1318,81
991,86	-1346,12
992,02	-1328,34
992,19	-1363,21
992,36	-1374,05
992,53	-1345,22
992,69	-1367,89
992,86	-1315,39
993,03	-1393,22
993,20	-1389,75
993,37	-1287,18
993,53	-1358,17
993,70	-1300,56
993,87	-1428,09
994,04	-1428,04
994,20	-1413,84
994,37	-1348,40
994,54	-1338,50
994,71	-1378,64
994,87	-1402,24
995,04	-1312,24
995,21	-1242,48
995,38	-1353,71
995,55	-1388,85
995,71	-1372,16
995,88	-1355,55
996,05	-1350,79
996,22	-1369,61
996,38	-1364,07
996,55	-1427,11
996,72	-1327,98
996,88	-1285,33
997,05	-1276,36
997,22	-1420,96
997,39	-1367,47
997,55	-1376,10
997,72	-1326,51
997,89	-1387,21
998,06	-1345,03
998,22	-1348,97
998,39	-1378,12
998,56	-1369,19
998,73	-1336,60
998,89	-1391,47
999,06	-1365,83
999,23	-1282,83
999,39	-1346,77
999,56	-1302,70
999,73	-1373,55
999,90	-1369,76
1000,06	-1335,76
1000,23	-1333,78
1000,40	-1305,34
1000,56	-1345,38
1000,73	-1409,82
1000,90	-1364,98
1001,06	-1362,24
1001,23	-1367,15
1001,40	-1374,31
1001,57	-1305,02
1001,73	-1359,21
1001,90	-1390,00
1002,07	-1366,41
1002,23	-1335,51
1002,40	-1388,78
1002,57	-1313,93
1002,73	-1401,90
1002,90	-1370,26
1003,07	-1354,84
1003,23	-1348,14
1003,40	-1465,04
1003,57	-1339,13
1003,73	-1338,73
1003,90	-1381,51
1004,07	-1403,68
1004,23	-1364,04
1004,40	-1324,85
1004,57	-1281,48
1004,73	-1370,84
1004,90	-1341,19
1005,07	-1416,54
1005,23	-1306,56
1005,40	-1347,24
1005,57	-1377,14
1005,73	-1377,83
1005,90	-1347,16
1006,07	-1287,59
1006,23	-1367,50
1006,40	-1275,90
1006,57	-1303,74
1006,73	-1292,27
1006,90	-1283,84
1007,06	-1353,22
1007,23	-1332,08
1007,40	-1389,11
1007,56	-1343,77
1007,73	-1354,01
1007,90	-1431,06
1008,06	-1345,85
1008,23	-1336,27
1008,40	-1336,17
1008,56	-1302,51
1008,73	-1386,08
1008,89	-1353,95
1009,06	-1294,70
1009,23	-1342,33
1009,39	-1322,93
1009,56	-1356,42
1009,72	-1367,25
1009,89	-1382,84
1010,06	-1370,03
1010,22	-1411,14
1010,39	-1305,38
1010,55	-1380,99
1010,72	-1304,05
1010,89	-1335,37
1011,05	-1389,86
1011,22	-1304,81
1011,38	-1415,00
1011,55	-1338,56
1011,72	-1404,99
1011,88	-1398,84
1012,05	-1381,92
1012,21	-1348,23
1012,38	-1335,69
1012,55	-1260,78
1012,71	-1335,85
1012,88	-1301,38
1013,04	-1304,37
1013,21	-1398,36
1013,37	-1361,28
1013,54	-1364,71
1013,71	-1331,03
1013,87	-1392,40
1014,04	-1304,79
1014,20	-1331,34
1014,37	-1293,18
1014,53	-1472,17
1014,70	-1246,58
1014,87	-1351,01
1015,03	-1310,92
1015,20	-1295,80
1015,36	-1333,02
1015,53	-1353,64
1015,69	-1401,89
1015,86	-1350,20
1016,02	-1366,53
1016,19	-1325,11
1016,36	-1316,77
1016,52	-1432,11
1016,69	-1350,90
1016,85	-1384,37
1017,02	-1356,79
1017,18	-1427,60
1017,35	-1344,25
1017,51	-1309,47
1017,68	-1268,68
1017,84	-1416,79
1018,01	-1400,32
1018,17	-1240,49
1018,34	-1268,98
1018,50	-1416,38
1018,67	-1368,47
1018,84	-1279,15
1019,00	-1307,92
1019,17	-1287,23
1019,33	-1263,55
1019,50	-1317,13
1019,66	-1382,68
1019,83	-1399,34
1019,99	-1429,67
1020,16	-1349,86
1020,32	-1349,53
1020,49	-1333,62
1020,65	-1349,73
1020,82	-1331,93
1020,98	-1356,88
1021,15	-1303,53
1021,31	-1310,03
1021,48	-1425,08
1021,64	-1342,09
1021,81	-1363,26
1021,97	-1347,81
1022,14	-1379,86
1022,30	-1339,47
1022,47	-1395,00
1022,63	-1331,28
1022,79	-1327,57
1022,96	-1393,36
1023,12	-1284,84
1023,29	-1309,37
1023,45	-1362,41
1023,62	-1280,58
1023,78	-1412,47
1023,95	-1309,24
1024,11	-1358,82
1024,28	-1333,48
1024,44	-1372,24
1024,61	-1407,53
1024,77	-1374,87
1024,94	-1231,59
1025,10	-1318,08
1025,26	-1393,60
1025,43	-1383,23
1025,59	-1292,78
1025,76	-1330,95
1025,92	-1361,55
1026,09	-1400,24
1026,25	-1450,33
1026,42	-1299,25
1026,58	-1334,87
1026,74	-1318,25
1026,91	-1351,64
1027,07	-1348,96
1027,24	-1352,63
1027,40	-1367,89
1027,57	-1376,52
1027,73	-1375,99
1027,90	-1316,48
1028,06	-1375,01
1028,22	-1286,23
1028,39	-1392,97
1028,55	-1350,23
1028,72	-1345,31
1028,88	-1394,76
1029,04	-1374,77
1029,21	-1331,39
1029,37	-1378,69
1029,54	-1331,55
1029,70	-1359,12
1029,87	-1372,96
1030,03	-1372,30
1030,19	-1301,51
1030,36	-1326,35
1030,52	-1379,03
1030,69	-1348,79
1030,85	-1361,90
1031,01	-1392,99
1031,18	-1381,10
1031,34	-1231,13
1031,50	-1413,75
1031,67	-1344,56
1031,83	-1319,79
1032,00	-1334,41
1032,16	-1237,49
1032,32	-1337,43
1032,49	-1365,07
1032,65	-1339,92
1032,82	-1300,46
1032,98	-1355,61
1033,14	-1412,53
1033,31	-1243,60
1033,47	-1278,35
1033,63	-1323,23
1033,80	-1334,64
1033,96	-1396,88
1034,13	-1403,28
1034,29	-1333,69
1034,45	-1360,12
1034,62	-1389,11
1034,78	-1347,40
1034,94	-1355,18
1035,11	-1321,91
1035,27	-1321,10
1035,43	-1316,50
1035,60	-1362,02
1035,76	-1368,86
1035,92	-1331,83
1036,09	-1326,69
1036,25	-1342,41
1036,41	-1323,58
1036,58	-1323,98
1036,74	-1319,56
1036,90	-1324,38
1037,07	-1357,56
1037,23	-1360,21
1037,39	-1373,20
1037,56	-1334,31
1037,72	-1337,71
1037,88	-1414,16
1038,05	-1413,42
1038,21	-1353,25
1038,37	-1403,07
1038,54	-1333,73
1038,70	-1345,38
1038,86	-1392,29
1039,03	-1414,93
1039,19	-1307,37
1039,35	-1336,10
1039,52	-1400,07
1039,68	-1356,99
1039,84	-1374,92
1040,00	-1362,77
1040,17	-1357,24
1040,33	-1404,50
1040,49	-1348,90
1040,66	-1376,34
1040,82	-1357,28
1040,98	-1389,85
1041,15	-1327,83
1041,31	-1401,48
1041,47	-1403,85
1041,63	-1267,94
1041,80	-1340,05
1041,96	-1349,16
1042,12	-1365,75
1042,29	-1363,82
1042,45	-1295,70
1042,61	-1354,12
1042,77	-1317,20
1042,94	-1344,57
1043,10	-1327,37
1043,26	-1370,67
1043,42	-1326,43
1043,59	-1365,01
1043,75	-1366,39
1043,91	-1296,78
1044,07	-1430,88
1044,24	-1340,20
1044,40	-1343,07
