345,22	-32,77
345,44	-32,77
345,66	-32,77
345,88	-88,06
346,10	22,53
346,32	129,02
346,54	124,93
346,75	94,21
346,97	-24,58
347,19	104,45
347,41	69,63
347,63	-51,20
347,85	22,53
348,07	120,83
348,29	-40,96
348,51	55,30
348,73	32,77
348,95	22,53
349,16	200,70
349,38	227,32
349,60	108,54
349,82	200,70
350,04	284,67
350,26	120,83
350,48	243,71
350,70	296,96
350,92	380,92
351,14	256,00
351,35	417,79
351,57	378,87
351,79	434,17
352,01	407,55
352,23	466,94
352,45	385,02
352,67	466,94
352,89	489,46
353,10	608,25
353,32	620,53
353,54	667,64
353,76	815,09
353,98	856,05
354,20	833,52
354,42	974,83
354,64	964,59
354,85	1157,10
355,07	1138,67
355,29	1243,12
355,51	1114,10
355,73	1302,51
355,95	1478,63
356,17	1480,68
356,38	1605,61
356,60	1736,68
356,82	1804,26
357,04	1964,00
357,26	2152,42
357,48	2265,05
357,69	2463,71
357,91	2570,20
358,13	2617,30
358,35	2924,50
358,57	3071,95
358,79	3219,41
359,01	3573,71
359,22	3641,29
359,44	3950,53
359,66	4173,76
359,88	4556,73
360,10	4775,86
360,32	5130,16
360,53	5220,27
360,75	5746,60
360,97	5916,58
361,19	6449,05
361,41	6807,45
361,62	7530,38
361,84	7931,78
362,06	8609,66
362,28	9133,94
362,50	9959,27
362,72	10848,09
362,93	11601,74
363,15	12762,94
363,37	13946,67
363,59	14745,38
363,81	16156,43
364,02	17362,68
364,24	18472,68
364,46	20211,40
364,68	21350,07
364,90	22908,58
365,11	24428,17
365,33	26109,55
365,55	27827,80
365,77	29777,47
365,99	31850,01
366,20	33828,35
366,42	35300,84
366,64	37221,83
366,86	38813,10
367,07	41328,01
367,29	42208,64
367,51	43797,86
367,73	45141,33
367,95	47514,92
368,16	48297,25
368,38	50095,36
368,60	50736,38
368,82	52950,23
369,03	53060,82
369,25	53060,82
369,47	53619,92
369,69	52643,04
369,91	54058,18
370,12	53167,32
370,34	51580,14
370,56	50654,46
370,78	50504,96
370,99	50046,21
371,21	48385,31
371,43	47738,15
371,65	47815,97
371,86	46947,64
372,08	45665,61
372,30	45376,84
372,52	44670,29
372,73	42960,24
372,95	41520,52
373,17	40854,93
373,39	40068,51
373,60	38811,06
373,82	37105,10
374,04	36365,78
374,26	35773,92
374,47	34639,34
374,69	33424,90
374,91	32497,17
375,12	31098,41
375,34	30371,38
375,56	28659,27
375,78	28098,13
375,99	26529,39
376,21	25730,68
376,43	24874,63
376,65	24340,11
376,86	23844,50
377,08	22556,33
377,30	21708,47
377,51	21632,69
377,73	21026,50
377,95	19910,35
378,17	19504,85
378,38	19480,28
378,60	18648,80
378,82	17864,43
379,03	17606,39
379,25	17084,16
379,47	16688,90
379,68	16094,99
379,90	15410,96
380,12	14894,88
380,34	14520,10
380,55	14243,62
380,77	13666,10
380,99	13211,45
381,20	12828,48
381,42	12511,04
381,64	11751,24
381,85	11568,98
382,07	11061,08
382,29	10499,94
382,50	10411,87
382,72	9963,37
382,94	9715,56
383,15	9226,10
383,37	8501,12
383,59	8318,85
383,80	7815,05
384,02	7604,11
384,24	7137,17
384,45	6885,27
384,67	6733,72
384,89	6576,03
385,10	6145,95
385,32	5916,58
385,54	5554,09
385,75	5398,45
385,97	5435,31
386,19	5128,11
386,40	4843,45
386,62	4695,99
386,84	4679,61
387,05	4427,71
387,27	4298,69
387,49	4171,71
387,70	4237,25
387,92	3907,52
388,14	4020,16
388,35	3817,41
388,57	3532,75
388,79	3495,88
389,00	3655,62
389,22	3340,24
389,43	3405,77
389,65	3219,41
389,87	3018,71
390,08	3051,47
390,30	3008,47
390,52	2787,29
390,73	2830,29
390,95	2803,67
391,17	2731,99
391,38	2748,37
391,60	2543,58
391,81	2531,29
392,03	2430,94
392,25	2396,12
392,46	2279,39
392,68	2093,02
392,89	2041,82
393,11	2031,58
393,33	2033,63
393,54	1880,04
393,76	1855,46
393,98	1630,18
394,19	1595,37
394,41	1687,53
394,62	1544,17
394,84	1445,87
395,06	1447,91
395,27	1427,43
395,49	1460,20
395,70	1218,54
395,92	1253,36
396,13	1146,86
396,35	1144,81
396,57	1267,69
396,78	1144,81
397,00	1073,14
397,21	1189,87
397,43	1005,55
397,65	894,96
397,86	980,98
398,08	958,45
398,29	1007,60
398,51	827,38
398,72	931,83
398,94	903,15
399,16	843,76
399,37	692,21
399,59	700,41
399,80	796,66
400,02	802,80
400,23	692,21
400,45	600,05
400,67	698,36
400,88	671,73
401,10	700,41
401,31	628,73
401,53	567,29
401,74	618,49
401,96	493,56
402,17	559,10
402,39	583,67
402,61	684,02
402,82	645,11
403,04	532,47
403,25	542,71
403,47	591,86
403,68	423,93
403,90	477,18
404,11	454,65
404,33	509,94
404,54	421,88
404,76	493,56
404,97	368,63
405,19	485,37
405,41	481,27
405,62	387,07
405,84	395,26
406,05	428,03
406,27	358,39
406,48	358,39
406,70	438,27
406,91	327,67
407,13	456,70
407,34	299,00
407,56	327,68
407,77	321,53
407,99	241,66
408,20	337,91
408,42	339,96
408,63	315,39
408,85	272,38
409,06	315,39
409,28	333,82
409,49	325,63
409,71	249,85
409,92	389,11
410,14	272,38
410,35	282,62
410,57	292,86
410,78	276,48
411,00	264,19
411,21	178,17
411,43	219,13
411,64	233,47
411,86	280,57
412,07	266,24
412,29	278,52
412,50	249,85
412,72	149,50
412,93	194,56
413,15	141,31
413,36	239,61
413,58	126,97
413,79	227,32
414,01	161,79
414,22	145,41
414,43	204,80
414,65	186,37
414,86	217,08
415,08	256,00
415,29	153,60
415,51	79,87
415,72	186,37
415,94	122,88
416,15	114,69
416,37	239,61
416,58	88,06
416,80	172,03
417,01	139,26
417,22	147,45
417,44	202,75
417,65	131,07
417,87	245,76
418,08	178,17
418,30	153,60
418,51	129,02
418,73	139,26
418,94	147,45
419,15	198,65
419,37	192,51
419,58	8,19
419,80	106,49
420,01	-2,05
420,23	143,36
420,44	137,21
420,65	49,15
420,87	116,73
421,08	94,21
421,30	77,82
421,51	114,69
421,73	83,97
421,94	126,97
422,15	53,25
422,37	149,50
422,58	18,43
422,80	67,58
423,01	227,32
423,22	79,87
423,44	59,39
423,65	192,51
423,87	104,45
424,08	12,29
424,29	36,86
424,51	106,49
424,72	6,14
424,94	-61,44
425,15	90,11
425,36	73,73
425,58	73,73
425,79	79,87
426,01	122,88
426,22	92,16
426,43	120,83
426,65	-51,20
426,86	90,11
427,08	86,01
427,29	141,31
427,50	77,82
427,72	38,91
427,93	-26,62
428,14	47,10
428,36	-67,58
428,57	-77,82
428,79	59,39
429,00	36,86
429,21	-63,49
429,43	18,43
429,64	-40,96
429,85	26,62
430,07	32,77
430,28	55,30
430,49	-20,48
430,71	61,44
430,92	28,67
431,14	-20,48
431,35	-34,82
431,56	36,86
431,78	81,92
431,99	-12,29
432,20	-108,54
432,42	-73,73
432,63	12,29
432,84	-20,48
433,06	145,41
433,27	-94,21
433,48	32,77
433,70	-100,35
433,91	-77,82
434,12	-88,06
434,34	139,26
434,55	-43,01
434,76	-77,82
434,98	32,77
435,19	-116,73
435,40	-116,73
435,62	-81,92
435,83	30,72
436,04	-108,54
436,26	-81,92
436,47	-43,01
436,68	-59,39
436,90	-143,36
437,11	-77,82
437,32	-59,39
437,54	-129,02
437,75	-135,17
437,96	-73,73
438,17	-79,87
438,39	-98,30
438,60	-83,97
438,81	10,24
439,03	-110,59
439,24	-30,72
439,45	-100,35
439,67	-165,89
439,88	-94,21
440,09	-63,49
440,30	-176,13
440,52	-81,92
440,73	-151,55
440,94	-184,32
441,16	-178,17
441,37	-172,03
441,58	-169,98
441,80	-299,00
442,01	-172,03
442,22	-118,78
442,43	-237,56
442,65	-182,27
442,86	-106,49
443,07	-239,61
443,28	-194,56
443,50	-126,97
443,71	-294,91
443,92	-147,45
444,14	-184,32
444,35	-249,85
444,56	-210,94
444,77	-305,15
444,99	-307,20
445,20	-260,09
445,41	-249,85
445,62	-217,08
445,84	-245,76
446,05	-180,22
446,26	-256,00
446,47	-239,61
446,69	-290,81
446,90	-362,49
447,11	-290,81
447,32	-233,47
447,54	-307,20
447,75	-329,72
447,96	-233,47
448,17	-372,73
448,39	-276,48
448,60	-227,32
448,81	-239,61
449,02	-284,67
449,23	-423,93
449,45	-299,00
449,66	-272,38
449,87	-231,42
450,08	-503,80
450,30	-253,95
450,51	-311,29
450,72	-296,96
450,93	-382,97
451,15	-307,20
451,36	-307,20
451,57	-356,35
451,78	-342,01
451,99	-299,00
452,21	-225,28
452,42	-251,90
452,63	-296,96
452,84	-303,10
453,05	-323,58
453,27	-342,01
453,48	-348,15
453,69	-294,91
453,90	-243,71
454,11	-333,82
454,33	-315,39
454,54	-223,23
454,75	-352,25
454,96	-325,63
455,17	-262,14
455,39	-311,29
455,60	-307,20
455,81	-358,39
456,02	-262,14
456,23	-270,33
456,45	-348,15
456,66	-282,62
456,87	-317,44
457,08	-309,24
457,29	-245,76
457,50	-245,76
457,72	-294,91
457,93	-192,51
458,14	-223,23
458,35	-286,72
458,56	-262,14
458,77	-241,66
458,99	-192,51
459,20	-204,80
459,41	-337,91
459,62	-268,28
459,83	-264,19
460,04	-301,05
460,26	-282,62
460,47	-258,04
460,68	-303,10
460,89	-350,20
461,10	-231,42
461,31	-311,29
461,52	-229,37
461,74	-237,56
461,95	-339,96
462,16	-296,96
462,37	-258,04
462,58	-200,70
462,79	-239,61
463,00	-219,13
463,22	-253,95
463,43	-182,27
463,64	-256,00
463,85	-272,38
464,06	-186,37
464,27	-202,75
464,48	-202,75
464,70	-120,83
464,91	-219,13
465,12	-239,61
465,33	-282,62
465,54	-180,22
465,75	-260,09
465,96	-280,57
466,17	-215,04
466,38	-215,04
466,60	-274,43
466,81	-305,15
467,02	-221,18
467,23	-260,09
467,44	-247,80
467,65	-165,89
467,86	-217,08
468,07	-231,42
468,28	-243,71
468,50	-247,80
468,71	-235,52
468,92	-102,40
469,13	-229,37
469,34	-135,17
469,55	-221,18
469,76	-212,99
469,97	-290,81
470,18	-141,31
470,39	-221,18
470,60	-305,15
470,82	-200,70
471,03	-192,51
471,24	-249,85
471,45	-110,59
471,66	-231,42
471,87	-282,62
472,08	-202,75
472,29	-163,84
472,50	-176,13
472,71	-231,42
472,92	-192,51
473,13	-256,00
473,34	-202,75
473,55	-243,71
473,77	-247,80
473,98	-241,66
474,19	-294,91
474,40	-165,89
474,61	-339,96
474,82	-182,27
475,03	-335,87
475,24	-313,34
475,45	-192,51
475,66	-178,17
475,87	-190,46
476,08	-247,80
476,29	-217,08
476,50	-153,60
476,71	-245,76
476,92	-157,69
477,13	-251,90
477,34	-245,76
477,55	-161,79
477,76	-239,61
477,97	-278,52
478,18	-206,84
478,40	-303,10
478,61	-202,75
478,82	-227,32
479,03	-200,70
479,24	-184,32
479,45	-169,98
479,66	-219,13
479,87	-253,95
480,08	-278,52
480,29	-229,37
480,50	-206,84
480,71	-215,04
480,92	-278,52
481,13	-309,24
481,34	-335,87
481,55	-204,80
481,76	-270,33
481,97	-196,61
482,18	-249,85
482,39	-282,62
482,60	-233,47
482,81	-251,90
483,02	-208,89
483,23	-256,00
483,44	-212,99
483,65	-260,09
483,86	-272,38
484,07	-299,00
484,28	-225,28
484,49	-165,89
484,70	-192,51
484,91	-149,50
485,12	-155,65
485,33	-100,35
485,54	-299,00
485,75	-210,94
485,96	-251,90
486,17	-317,44
486,38	-153,60
486,59	-200,70
486,80	-196,61
487,01	-133,12
487,21	-307,20
487,42	-169,98
487,63	-325,63
487,84	-225,28
488,05	-131,07
488,26	-204,80
488,47	-272,38
488,68	-178,17
488,89	-215,04
489,10	-206,84
489,31	-210,94
489,52	-167,93
489,73	-223,23
489,94	-233,47
490,15	-157,69
490,36	-258,04
490,57	-196,60
490,78	-206,84
490,99	-202,75
491,20	-317,44
491,41	-145,41
491,61	-288,76
491,82	-208,89
492,03	-212,99
492,24	-182,27
492,45	-221,18
492,66	-286,72
492,87	-225,28
493,08	-241,66
493,29	-163,84
493,50	-190,46
493,71	-190,46
493,92	-204,80
494,13	-172,03
494,34	-299,00
494,54	-303,10
494,75	-208,89
494,96	-196,61
495,17	-286,72
495,38	-331,77
495,59	-145,41
495,80	-229,37
496,01	-131,07
496,22	-217,08
496,43	-169,98
496,64	-258,04
496,84	-176,13
497,05	-143,36
497,26	-215,04
497,47	-106,49
497,68	-348,15
497,89	-104,45
498,10	-264,19
498,31	-190,46
498,52	-208,89
498,72	-221,18
498,93	-200,70
499,14	-315,39
499,35	-325,63
499,56	-155,65
499,77	-129,02
499,98	-217,08
500,19	-165,89
500,40	-153,60
500,60	-342,01
500,81	-266,24
501,02	-305,15
501,23	-325,63
501,44	-245,76
501,65	-223,23
501,86	-182,27
502,06	-206,84
502,27	-120,83
502,48	-178,17
502,69	-200,70
502,90	-235,52
503,11	-165,89
503,32	-169,98
503,53	-251,90
503,73	-151,55
503,94	-212,99
504,15	-253,95
504,36	-243,71
504,57	-202,75
504,78	-284,67
504,98	-153,60
505,19	-274,43
505,40	-299,00
505,61	-204,80
505,82	-288,76
506,03	-141,31
506,23	-184,32
506,44	-129,02
506,65	-247,80
506,86	-137,21
507,07	-198,65
507,28	-153,60
507,48	-102,40
507,69	2,05
507,90	-219,13
508,11	-180,22
508,32	-151,55
508,53	-217,08
508,73	-133,12
508,94	-143,36
509,15	-94,21
509,36	-116,73
509,57	-225,28
509,77	-227,32
509,98	-129,02
510,19	-210,94
510,40	-163,84
510,61	-264,19
510,81	-98,30
511,02	-30,72
511,23	-165,89
511,44	-61,44
511,65	-98,30
511,85	-141,31
512,06	-135,17
512,27	-96,25
512,48	-126,97
512,69	-180,22
512,89	-157,69
513,10	-206,84
513,31	-108,54
513,52	-145,41
513,73	-196,61
513,93	-114,69
514,14	-120,83
514,35	-47,10
514,56	-77,82
514,76	-159,74
514,97	-217,08
515,18	-147,45
515,39	4,10
515,60	-22,53
515,80	-108,54
516,01	-81,92
516,22	-116,73
516,43	-118,78
516,63	-100,35
516,84	-237,56
517,05	-167,93
517,26	-63,49
517,46	-47,10
517,67	-133,12
517,88	-61,44
518,09	-131,07
518,29	-102,40
518,50	-53,25
518,71	-124,93
518,92	47,10
519,12	-122,88
519,33	-90,11
519,54	-28,67
519,75	-38,91
519,95	10,24
520,16	-163,84
520,37	32,77
520,57	-81,92
520,78	-126,97
520,99	-188,41
521,20	-61,44
521,40	0,00
521,61	-169,98
521,82	-178,17
522,03	-32,77
522,23	-59,39
522,44	-118,78
522,65	-86,01
522,85	-217,08
523,06	-163,84
523,27	16,38
523,48	30,72
523,68	-51,20
523,89	51,20
524,10	-79,87
524,30	-172,03
524,51	-2,05
524,72	-120,83
524,93	8,19
525,13	-90,11
525,34	-77,82
525,55	73,73
525,75	71,68
525,96	-24,58
526,17	-57,34
526,37	-24,58
526,58	36,86
526,79	-120,83
526,99	-104,45
527,20	-4,10
527,41	-92,16
527,62	-139,26
527,82	-32,77
528,03	-73,73
528,24	-55,30
528,44	-51,20
528,65	-49,15
528,86	77,82
529,06	16,38
529,27	-63,49
529,48	4,10
529,68	-20,48
529,89	-141,31
530,10	32,77
530,30	40,96
530,51	-161,79
530,72	57,34
530,92	20,48
531,13	4,10
531,34	-141,31
531,54	12,29
531,75	-129,02
531,96	-92,16
532,16	-143,36
532,37	-55,30
532,57	-71,68
532,78	36,86
532,99	36,86
533,19	-26,62
533,40	-22,53
533,61	-67,58
533,81	71,68
534,02	-24,58
534,23	-16,38
534,43	36,86
534,64	-30,72
534,84	-145,41
535,05	-53,25
535,26	30,72
535,46	-88,06
535,67	-4,10
535,88	-40,96
536,08	167,93
536,29	-49,15
536,49	4,10
536,70	59,39
536,91	-26,62
537,11	59,39
537,32	-43,01
537,53	120,83
537,73	-38,91
537,94	-24,58
538,14	36,86
538,35	-40,96
538,56	-43,01
538,76	-100,35
538,97	24,58
539,17	-65,53
539,38	55,30
539,59	45,06
539,79	30,72
540,00	0,00
540,20	-112,64
540,41	112,64
540,62	167,93
540,82	-12,29
541,03	45,06
541,23	8,19
541,44	-135,17
541,64	4,10
541,85	-47,10
542,06	112,64
542,26	6,14
542,47	104,45
542,67	12,29
542,88	38,91
543,08	67,58
543,29	-2,05
543,50	49,15
543,70	106,49
543,91	147,45
544,11	122,88
544,32	118,78
544,52	-6,14
544,73	71,68
544,94	-153,60
545,14	-2,05
545,35	75,77
545,55	-104,45
545,76	-43,01
545,96	30,72
546,17	88,06
546,37	-38,91
546,58	-20,48
546,78	18,43
546,99	83,97
547,20	2,05
547,40	-75,77
547,61	69,63
547,81	-26,62
548,02	-57,34
548,22	-40,96
548,43	-108,54
548,63	-18,43
548,84	4,10
549,04	-90,11
549,25	83,97
549,45	26,62
549,66	59,39
549,86	73,73
550,07	120,83
550,27	-2,05
550,48	-32,77
550,69	-2,05
550,89	-149,50
551,10	73,73
551,30	22,53
551,51	-104,45
551,71	104,45
551,92	63,49
552,12	-10,24
552,33	-61,44
552,53	-186,37
552,74	40,96
552,94	-47,10
553,15	-6,14
553,35	92,16
553,56	61,44
553,76	-57,34
553,97	-8,19
554,17	32,77
554,38	118,78
554,58	63,49
554,79	8,19
554,99	-34,82
555,19	4,10
555,40	75,77
555,60	-53,25
555,81	43,01
556,01	24,58
556,22	65,53
556,42	147,45
556,63	145,41
556,83	88,06
557,04	-8,19
557,24	237,56
557,45	-59,39
557,65	-32,77
557,86	153,60
558,06	38,91
558,27	174,08
558,47	45,06
558,67	16,38
558,88	-73,73
559,08	28,67
559,29	32,77
559,49	-10,24
559,70	43,01
559,90	-59,39
560,11	-114,69
560,31	-4,10
560,52	34,82
560,72	83,97
560,92	22,53
561,13	-167,93
561,33	40,96
561,54	2,05
561,74	-67,58
561,95	61,44
562,15	51,20
562,35	47,10
562,56	-10,24
562,76	-6,14
562,97	161,79
563,17	-4,10
563,38	-24,58
563,58	59,39
563,78	-16,38
563,99	51,20
564,19	20,48
564,40	-14,34
564,60	12,29
564,80	-26,62
565,01	-59,39
565,21	20,48
565,42	-86,01
565,62	-47,10
565,83	-253,95
566,03	-16,38
566,23	-40,96
566,44	-126,97
566,64	-141,31
566,85	-32,77
567,05	6,14
567,25	2,05
567,46	28,67
567,66	-10,24
567,86	-40,96
568,07	83,97
568,27	-133,12
568,48	40,96
568,68	90,11
568,88	0,00
569,09	-133,12
569,29	-110,59
569,50	-98,30
569,70	71,68
569,90	2,05
570,11	-47,10
570,31	-51,20
570,51	6,14
570,72	-65,53
570,92	-116,73
571,13	-18,43
571,33	-94,21
571,53	59,39
571,74	20,48
571,94	14,34
572,14	-51,20
572,35	-55,30
572,55	-155,65
572,75	-139,26
572,96	-75,77
573,16	-34,82
573,36	-49,15
573,57	-34,82
573,77	-90,11
573,97	120,83
574,18	-45,06
574,38	-100,35
574,59	47,10
574,79	22,53
574,99	-8,19
575,20	-53,25
575,40	57,34
575,60	-69,63
575,81	8,19
576,01	-81,92
576,21	-73,73
576,42	-96,25
576,62	-131,07
576,82	-90,11
577,02	-32,77
577,23	-100,35
577,43	-110,59
577,63	6,14
577,84	-71,68
578,04	10,24
578,24	8,19
578,45	-75,77
578,65	-110,59
578,85	-2,05
579,06	-24,58
579,26	18,43
579,46	47,10
579,67	-88,06
579,87	-12,29
580,07	-57,34
580,27	14,34
580,48	-104,45
580,68	-110,59
580,88	-124,93
581,09	145,41
581,29	-106,49
581,49	-139,26
581,69	-45,06
581,90	-102,40
582,10	-139,26
582,30	-47,10
582,51	-79,87
582,71	-235,52
582,91	-137,21
583,11	-120,83
583,32	-59,39
583,52	-86,01
583,72	-36,86
583,93	-143,36
584,13	-159,74
584,33	-192,51
584,53	-124,93
584,74	-131,07
584,94	-270,33
585,14	47,10
585,34	-186,37
585,55	-53,25
585,75	-86,01
585,95	-206,84
586,15	-145,41
586,36	-110,59
586,56	-137,21
586,76	-71,68
586,96	-174,08
587,17	-88,06
587,37	-92,16
587,57	-192,51
587,77	-235,52
587,98	-88,06
588,18	8,19
588,38	-133,12
588,58	-81,92
588,79	-206,84
588,99	-149,50
589,19	-141,31
589,39	-229,37
589,60	-63,49
589,80	-69,63
590,00	-231,42
590,20	-40,96
590,40	-210,94
590,61	-192,51
590,81	-219,13
591,01	-100,35
591,21	-167,93
591,42	-176,13
591,62	-100,35
591,82	0,00
592,02	-120,83
592,22	-38,91
592,43	-223,23
592,63	-81,92
592,83	-20,48
593,03	-118,78
593,23	-223,23
593,44	-28,67
593,64	-110,59
593,84	-118,78
594,04	-223,23
594,24	-184,32
594,45	-122,88
594,65	-282,62
594,85	24,58
595,05	-303,10
595,25	-200,70
595,46	-108,54
595,66	-145,41
595,86	-335,87
596,06	-184,32
596,26	-126,97
596,46	-143,36
596,67	-167,93
596,87	-174,08
597,07	-165,89
597,27	-190,46
597,47	-219,13
597,67	-124,93
597,88	-163,84
598,08	-290,81
598,28	-169,98
598,48	-194,56
598,68	-219,13
598,88	-296,96
599,09	-262,14
599,29	-198,65
599,49	-172,03
599,69	-225,28
599,89	-118,78
600,09	-210,94
600,30	-137,21
600,50	-227,32
600,70	-178,17
600,90	-202,75
601,10	-243,71
601,30	-143,36
601,50	-229,37
601,71	-239,61
601,91	-100,35
602,11	-215,04
602,31	-98,30
602,51	-208,89
602,71	-227,32
602,91	-86,01
603,11	-180,22
603,32	-192,51
603,52	-159,74
603,72	-118,78
603,92	-24,58
604,12	-317,44
604,32	-235,52
604,52	-212,99
604,72	-157,69
604,93	-167,93
605,13	-294,91
605,33	-104,45
605,53	-188,41
605,73	-272,38
605,93	-151,55
606,13	-235,52
606,33	-231,42
606,53	-145,41
606,74	-161,79
606,94	-247,80
607,14	-286,72
607,34	-202,75
607,54	-180,22
607,74	-247,80
607,94	-182,27
608,14	-200,70
608,34	-243,71
608,54	-288,76
608,74	-176,13
608,95	-169,98
609,15	-178,17
609,35	-157,69
609,55	-178,17
609,75	-290,81
609,95	-108,54
610,15	-190,46
610,35	-258,04
610,55	-247,80
610,75	-317,44
610,95	-247,80
611,15	-290,81
611,35	-385,02
611,55	-184,32
611,76	-282,62
611,96	-235,52
612,16	-243,71
612,36	-237,56
612,56	-233,47
612,76	-133,12
612,96	-266,24
613,16	-131,07
613,36	-241,66
613,56	-358,39
613,76	-268,28
613,96	-294,91
614,16	-256,00
614,36	-129,02
614,56	-292,86
614,76	-167,93
614,96	-266,24
615,16	-299,00
615,36	-325,63
615,56	-350,20
615,76	-163,84
615,97	-317,44
616,17	-194,56
616,37	-219,13
616,57	-249,85
616,77	-270,33
616,97	-239,61
617,17	-167,93
617,37	-225,28
617,57	-335,87
617,77	-280,57
617,97	-284,67
618,17	-231,42
618,37	-96,25
618,57	-229,37
618,77	-292,86
618,97	-284,67
619,17	-284,67
619,37	-233,47
619,57	-235,52
619,77	-186,37
619,97	-290,81
620,17	-466,94
620,37	-237,56
620,57	-266,24
620,77	-184,32
620,97	-313,34
621,17	-276,48
621,37	-180,22
621,57	-253,95
621,77	-315,39
621,97	-196,61
622,17	-352,25
622,37	-129,02
622,57	-303,10
622,77	-321,53
622,97	-219,13
623,17	-221,18
623,37	-217,08
623,57	-247,80
623,77	-231,42
623,97	-276,48
624,16	-198,65
624,36	-198,65
624,56	-292,86
624,76	-188,41
624,96	-274,43
625,16	-229,37
625,36	-299,00
625,56	-276,48
625,76	-294,91
625,96	-266,24
626,16	-319,48
626,36	-217,08
626,56	-247,80
626,76	-219,13
626,96	-284,67
627,16	-237,56
627,36	-305,15
627,56	-182,27
627,76	-256,00
627,96	-212,99
628,16	-307,20
628,35	-204,80
628,55	-202,75
628,75	-264,19
628,95	-208,89
629,15	-311,29
629,35	-233,47
629,55	-229,37
629,75	-368,63
629,95	-200,70
630,15	-284,67
630,35	-133,12
630,55	-303,10
630,75	-276,48
630,95	-206,84
631,14	-229,37
631,34	-88,06
631,54	-223,23
631,74	-208,89
631,94	-258,04
632,14	-233,47
632,34	-272,38
632,54	-206,84
632,74	-219,13
632,94	-249,85
633,14	-227,32
633,33	-194,56
633,53	-241,66
633,73	-260,09
633,93	-186,37
634,13	-131,07
634,33	-190,46
634,53	-204,80
634,73	-217,08
634,93	-233,47
635,12	-268,28
635,32	-219,13
635,52	-350,20
635,72	-270,33
635,92	-241,66
636,12	-233,47
636,32	-346,11
636,52	-258,04
636,71	-256,00
636,91	-268,28
637,11	-301,05
637,31	-260,09
637,51	-196,60
637,71	-264,19
637,91	-247,80
638,11	-292,86
638,30	-344,06
638,50	-131,07
638,70	-182,27
638,90	-266,24
639,10	-264,19
639,30	-241,66
639,50	-278,52
639,69	-188,41
639,89	-292,86
640,09	-325,63
640,29	-161,79
640,49	-299,00
640,69	-284,67
640,88	-139,26
641,08	-249,85
641,28	-190,46
641,48	-251,90
641,68	-378,87
641,88	-292,86
642,07	-303,10
642,27	-151,55
642,47	-225,28
642,67	-174,08
642,87	-307,20
643,07	-96,25
643,26	-233,47
643,46	-241,66
643,66	-282,62
643,86	-256,00
644,06	-292,86
644,26	-202,75
644,45	-198,65
644,65	-278,52
644,85	-264,19
645,05	-153,60
645,25	-210,94
645,44	-280,57
645,64	-280,57
645,84	-155,65
646,04	-260,09
646,24	-239,61
646,43	-165,89
646,63	-235,52
646,83	-233,47
647,03	-335,87
647,23	-237,56
647,42	-192,51
647,62	-407,55
647,82	-139,26
648,02	-264,19
648,22	-350,20
648,41	-178,17
648,61	-174,08
648,81	-264,19
649,01	-215,04
649,20	-241,66
649,40	-305,15
649,60	-143,36
649,80	-241,66
650,00	-104,45
650,19	-278,52
650,39	-299,00
650,59	-280,57
650,79	-204,80
650,98	-206,84
651,18	-239,61
651,38	-219,13
651,58	-274,43
651,77	-221,18
651,97	-210,94
652,17	-294,91
652,37	-208,89
652,56	-212,99
652,76	-186,37
652,96	-247,80
653,16	-204,80
653,35	-262,14
653,55	-219,13
653,75	-278,52
653,95	-92,16
654,14	-319,48
654,34	-151,55
654,54	-245,76
654,74	-184,32
654,93	-299,00
655,13	-305,15
655,33	-299,00
655,52	-190,46
655,72	-204,80
655,92	-299,00
656,12	-217,08
656,31	-137,21
656,51	-180,22
656,71	-247,80
656,91	-157,69
657,10	-256,00
657,30	-190,46
657,50	-223,23
657,69	-223,23
657,89	-198,65
658,09	-151,55
658,29	-184,32
658,48	-98,30
658,68	-186,37
658,88	-159,74
659,07	-180,22
659,27	-219,13
659,47	-200,70
659,66	-196,61
659,86	-249,85
660,06	-233,47
660,26	-186,37
660,45	-210,94
660,65	-217,08
660,85	-126,97
661,04	-122,88
661,24	-253,95
661,44	-288,76
661,63	-192,51
661,83	-118,78
662,03	-278,52
662,22	-237,56
662,42	-227,32
662,62	-202,75
662,81	-186,37
663,01	-184,32
663,21	-243,71
663,40	-223,23
663,60	-212,99
663,80	-88,06
663,99	-116,73
664,19	-249,85
664,39	-155,65
664,58	-174,08
664,78	-202,75
664,98	-288,76
665,17	-182,27
665,37	-176,13
665,57	-266,24
665,76	-200,70
665,96	-278,52
666,16	-321,53
666,35	-268,28
666,55	-212,99
666,74	-147,45
666,94	-8,19
667,14	-194,56
667,33	-120,83
667,53	-276,48
667,73	-282,62
667,92	-215,04
668,12	-221,18
668,32	-126,97
668,51	-227,32
668,71	-133,12
668,90	-233,47
669,10	-315,39
669,30	-149,50
669,49	-258,04
669,69	-178,17
669,89	-231,42
670,08	-200,70
670,28	-253,95
670,47	-176,13
670,67	-190,46
670,87	-274,43
671,06	-217,08
671,26	-122,88
671,45	-280,57
671,65	-208,89
671,85	-135,17
672,04	-247,80
672,24	-141,31
672,43	-174,08
672,63	-235,52
672,83	-182,27
673,02	-188,41
673,22	-176,13
673,41	-321,53
673,61	-129,02
673,81	-176,13
674,00	-135,17
674,20	-268,28
674,39	-104,45
674,59	-229,37
674,78	-223,23
674,98	-215,04
675,18	-200,70
675,37	-210,94
675,57	-225,28
675,76	-219,13
675,96	-212,99
676,15	-172,03
676,35	-147,45
676,55	-258,04
676,74	-233,47
676,94	-143,36
677,13	-194,56
677,33	-129,02
677,52	-190,46
677,72	-268,28
677,91	-219,13
678,11	-180,22
678,31	-126,97
678,50	-135,17
678,70	-202,75
678,89	-178,17
679,09	-200,70
679,28	-235,52
679,48	-174,08
679,67	-198,65
679,87	-124,93
680,06	-90,11
680,26	-129,02
680,46	-180,22
680,65	-241,66
680,85	-135,17
681,04	-221,18
681,24	-278,52
681,43	-104,45
681,63	-176,13
681,82	-145,41
682,02	-212,99
682,21	-145,41
682,41	-43,01
682,60	-198,65
682,80	-186,37
682,99	-169,98
683,19	-210,94
683,38	-122,88
683,58	-145,41
683,77	-94,21
683,97	-192,51
684,16	-143,36
684,36	-180,22
684,55	-120,83
684,75	-159,74
684,94	-247,80
685,14	-61,44
685,33	-182,27
685,53	-112,64
685,72	-120,83
685,92	-206,84
686,11	-145,41
686,31	-198,65
686,50	-83,97
686,70	-47,10
686,89	-200,70
687,09	-174,08
687,28	-94,21
687,48	-219,13
687,67	-159,74
687,87	-155,65
688,06	-90,11
688,26	-96,25
688,45	-204,80
688,65	-147,45
688,84	-174,08
689,03	-129,02
689,23	-174,08
689,42	-157,69
689,62	-92,16
689,81	-126,97
690,01	-221,18
690,20	-169,98
690,40	-260,09
690,59	-169,98
690,79	-141,31
690,98	-137,21
691,17	-243,71
691,37	-59,39
691,56	-229,37
691,76	-147,45
691,95	-202,75
692,15	-237,56
692,34	-75,77
692,54	-143,36
692,73	-196,60
692,92	-192,51
693,12	-139,26
693,31	-243,71
693,51	-202,75
693,70	-184,32
693,90	-256,00
694,09	-186,37
694,28	-174,08
694,48	-116,73
694,67	-182,27
694,87	-204,80
695,06	-167,93
695,26	-319,48
695,45	-174,08
695,64	-215,04
695,84	-163,84
696,03	-237,56
696,23	-143,36
696,42	-194,56
696,61	-182,27
696,81	-149,50
697,00	-131,07
697,20	-178,17
697,39	-319,48
697,58	-176,13
697,78	-245,76
697,97	-178,17
698,17	-122,88
698,36	-256,00
698,55	-233,47
698,75	-133,12
698,94	-268,28
699,14	-243,71
699,33	-260,09
699,52	-258,04
699,72	-165,89
699,91	-319,48
700,10	-202,75
700,30	-256,00
700,49	-317,44
700,69	-192,51
700,88	-204,80
701,07	-215,04
701,27	-307,20
701,46	-307,20
701,65	-186,37
701,85	-305,15
702,04	-176,13
702,23	-174,08
702,43	-251,90
702,62	-204,80
702,82	-196,61
703,01	-358,39
703,20	-223,23
703,40	-176,13
703,59	-206,84
703,78	-200,70
703,98	-212,99
704,17	-253,95
704,36	-249,85
704,56	-253,95
704,75	-235,52
704,94	-366,59
705,14	-126,97
705,33	-256,00
705,52	-247,80
705,72	-311,29
705,91	-303,10
706,10	-333,82
706,30	-221,18
706,49	-200,70
706,68	-227,32
706,88	-280,57
707,07	-253,95
707,26	-245,76
707,46	-268,28
707,65	-176,13
707,84	-243,71
708,04	-243,71
708,23	-294,91
708,42	-182,27
708,62	-272,38
708,81	-272,38
709,00	-245,76
709,19	-286,72
709,39	-299,00
709,58	-374,78
709,77	-315,39
709,97	-208,89
710,16	-182,27
710,35	-282,62
710,55	-239,61
710,74	-284,67
710,93	-219,13
711,12	-190,46
711,32	-241,66
711,51	-274,43
711,70	-366,59
711,90	-344,06
712,09	-299,00
712,28	-393,21
712,47	-163,84
712,67	-174,08
712,86	-276,48
713,05	-325,63
713,24	-282,62
713,44	-286,72
713,63	-223,23
713,82	-358,39
714,02	-374,78
714,21	-256,00
714,40	-258,04
714,59	-339,96
714,79	-178,17
714,98	-165,89
715,17	-249,85
715,36	-296,96
715,56	-233,47
715,75	-225,28
715,94	-249,85
716,13	-239,61
716,33	-276,48
716,52	-212,99
716,71	-184,32
716,90	-243,71
717,10	-225,28
717,29	-243,71
717,48	-131,07
717,67	-258,04
717,87	-272,38
718,06	-221,18
718,25	-239,61
718,44	-241,66
718,63	-223,23
718,83	-260,09
719,02	-163,84
719,21	-270,33
719,40	-141,31
719,60	-256,00
719,79	-202,75
719,98	-253,95
720,17	-202,75
720,36	-86,01
720,56	-309,24
720,75	-241,66
720,94	-282,62
721,13	-319,48
721,33	-151,55
721,52	-251,90
721,71	-204,80
721,90	-202,75
722,09	-268,28
722,29	-217,08
722,48	-217,08
722,67	-149,50
722,86	-270,33
723,05	-204,80
723,24	-274,43
723,44	-237,56
723,63	-165,89
723,82	-262,14
724,01	-274,43
724,20	-290,81
724,40	-278,52
724,59	-272,38
724,78	-292,86
724,97	-286,72
725,16	-235,52
725,35	-299,00
725,55	-112,64
725,74	-217,08
725,93	-305,15
726,12	-372,73
726,31	-245,76
726,51	-337,91
726,70	-305,15
726,89	-391,16
727,08	-337,91
727,27	-245,76
727,46	-190,46
727,65	-321,53
727,85	-237,56
728,04	-280,57
728,23	-346,11
728,42	-192,51
728,61	-239,61
728,80	-227,32
729,00	-323,58
729,19	-182,27
729,38	-231,42
729,57	-301,05
729,76	-335,87
729,95	-256,00
730,14	-331,77
730,33	-280,57
730,53	-313,34
730,72	-323,58
730,91	-296,96
731,10	-172,03
731,29	-311,29
731,48	-323,58
731,67	-239,61
731,86	-432,12
732,06	-288,76
732,25	-380,92
732,44	-385,02
732,63	-282,62
732,82	-245,76
733,01	-268,28
733,20	-288,76
733,39	-268,28
733,59	-284,67
733,78	-366,59
733,97	-362,49
734,16	-299,00
734,35	-176,13
734,54	-253,95
734,73	-229,37
734,92	-303,10
735,11	-407,55
735,30	-237,56
735,49	-389,11
735,69	-294,91
735,88	-315,39
736,07	-307,20
736,26	-360,44
736,45	-344,06
736,64	-313,34
736,83	-372,73
737,02	-370,68
737,21	-339,96
737,40	-436,22
737,59	-415,74
737,78	-270,33
737,98	-198,65
738,17	-368,63
738,36	-360,44
738,55	-397,31
738,74	-282,62
738,93	-229,37
739,12	-292,86
739,31	-264,19
739,50	-282,62
739,69	-270,33
739,88	-403,45
740,07	-272,38
740,26	-442,36
740,45	-389,11
740,64	-438,27
740,83	-303,10
741,02	-387,07
741,22	-331,77
741,41	-413,69
741,60	-301,05
741,79	-307,20
741,98	-342,01
742,17	-319,48
742,36	-350,20
742,55	-356,35
742,74	-352,25
742,93	-215,04
743,12	-329,72
743,31	-354,30
743,50	-342,01
743,69	-411,64
743,88	-348,15
744,07	-270,33
744,26	-329,72
744,45	-362,49
744,64	-241,66
744,83	-335,87
745,02	-409,59
745,21	-333,82
745,40	-360,44
745,59	-413,69
745,78	-327,67
745,97	-319,48
746,16	-362,49
746,35	-303,10
746,54	-317,44
746,73	-327,68
746,92	-245,76
747,11	-421,88
747,30	-354,30
747,49	-348,15
747,68	-303,10
747,87	-329,72
748,06	-382,97
748,25	-372,73
748,44	-346,11
748,63	-325,63
748,82	-303,10
749,01	-231,42
749,20	-333,82
749,39	-360,44
749,58	-260,09
749,77	-272,38
749,96	-268,28
750,15	-391,16
750,34	-362,49
750,53	-374,78
750,72	-270,33
750,91	-327,67
751,10	-282,62
751,29	-417,79
751,48	-172,03
751,67	-342,01
751,86	-309,24
752,04	-319,48
752,23	-260,09
752,42	-350,20
752,61	-364,54
752,80	-266,24
752,99	-337,91
753,18	-456,70
753,37	-313,34
753,56	-374,78
753,75	-270,33
753,94	-387,07
754,13	-276,48
754,32	-325,63
754,51	-407,55
754,70	-395,26
754,89	-286,72
755,08	-403,45
755,27	-256,00
755,45	-256,00
755,64	-319,48
755,83	-319,48
756,02	-231,42
756,21	-188,41
756,40	-303,10
756,59	-247,80
756,78	-344,06
756,97	-256,00
757,16	-290,81
757,35	-237,56
757,54	-204,80
757,72	-274,43
757,91	-239,61
758,10	-262,14
758,29	-147,45
758,48	-65,53
758,67	-124,93
758,86	-190,46
759,05	-143,36
759,24	-210,94
759,43	-165,89
759,61	-151,55
759,80	-45,06
759,99	-126,97
760,18	-141,31
760,37	-90,11
760,56	-102,40
760,75	-124,93
760,94	-260,09
761,13	-86,01
761,31	-112,64
761,50	-122,88
761,69	-118,78
761,88	10,24
762,07	-63,49
762,26	-55,30
762,45	-32,77
762,64	-118,78
762,82	-147,45
763,01	-32,77
763,20	-98,30
763,39	-65,53
763,58	-118,78
763,77	-190,46
763,96	-57,34
764,14	-49,15
764,33	-194,56
764,52	-202,75
764,71	-120,83
764,90	-61,44
765,09	-153,60
765,27	-225,28
765,46	-67,58
765,65	-133,12
765,84	-137,21
766,03	-147,45
766,22	-239,61
766,41	-208,89
766,59	-245,76
766,78	-172,03
766,97	-299,00
767,16	-24,58
767,35	-243,71
767,54	-313,34
767,72	-129,02
767,91	-311,29
768,10	-268,28
768,29	-258,04
768,48	-215,04
768,66	-284,67
768,85	-186,37
769,04	-292,86
769,23	-368,63
769,42	-415,74
769,61	-260,09
769,79	-276,48
769,98	-151,55
770,17	-350,20
770,36	-288,76
770,55	-317,44
770,73	-212,99
770,92	-333,82
771,11	-350,20
771,30	-305,15
771,49	-321,53
771,67	-264,19
771,86	-319,48
772,05	-323,58
772,24	-294,91
772,42	-311,29
772,61	-299,00
772,80	-331,77
772,99	-288,76
773,18	-339,96
773,36	-258,04
773,55	-239,61
773,74	-233,47
773,93	-315,39
774,11	-210,94
774,30	-235,52
774,49	-237,56
774,68	-286,72
774,87	-266,24
775,05	-258,04
775,24	-264,19
775,43	-194,56
775,62	-307,20
775,80	-317,44
775,99	-239,61
776,18	-274,43
776,37	-262,14
776,55	-251,90
776,74	-260,09
776,93	-192,51
777,12	-350,20
777,30	-339,96
777,49	-382,97
777,68	-131,07
777,87	-274,43
778,05	-309,24
778,24	-188,41
778,43	-258,04
778,62	-276,48
778,80	-346,11
778,99	-229,37
779,18	-253,95
779,36	-352,25
779,55	-174,08
779,74	-245,76
779,93	-225,28
780,11	-235,52
780,30	-227,32
780,49	-274,43
780,68	-143,36
780,86	-245,76
781,05	-389,11
781,24	-161,79
781,42	-286,72
781,61	-159,74
781,80	-241,66
781,98	-223,23
782,17	-264,19
782,36	-313,34
782,55	-153,60
782,73	-249,85
782,92	-225,28
783,11	-339,96
783,29	-217,08
783,48	-223,23
783,67	-270,33
783,85	-256,00
784,04	-276,48
784,23	-266,24
784,42	-260,09
784,60	-333,82
784,79	-223,23
784,98	-227,32
785,16	-233,47
785,35	-239,61
785,54	-165,89
785,72	-151,55
785,91	-286,72
786,10	-284,67
786,28	-243,71
786,47	-159,74
786,66	-196,61
786,84	-231,42
787,03	-258,04
787,22	-98,30
787,40	-225,28
787,59	-208,89
787,78	-315,39
787,96	-108,54
788,15	-176,13
788,34	-167,93
788,52	-194,56
788,71	-237,56
788,89	-133,12
789,08	-258,04
789,27	-161,79
789,45	-153,60
789,64	-100,35
789,83	-196,61
790,01	-342,01
790,20	-299,00
790,39	-249,85
790,57	-256,00
790,76	-225,28
790,95	-208,89
791,13	-198,65
791,32	-75,77
791,50	-192,51
791,69	-237,56
791,88	-161,79
792,06	-217,08
792,25	-313,34
792,43	-247,80
792,62	-215,04
792,81	-223,23
792,99	-235,52
793,18	-266,24
793,37	-239,61
793,55	-231,42
793,74	-239,61
793,92	-149,50
794,11	-186,37
794,30	-280,57
794,48	-237,56
794,67	-114,69
794,85	-235,52
795,04	-270,33
795,23	-192,51
795,41	-200,70
795,60	-172,03
795,78	-245,76
795,97	-122,88
796,15	-231,42
796,34	-327,68
796,53	-200,70
796,71	-282,62
796,90	-198,65
797,08	-200,70
797,27	-229,37
797,46	-143,36
797,64	-241,66
797,83	-204,80
798,01	-192,51
798,20	-262,14
798,38	-225,28
798,57	-292,86
798,76	-264,19
798,94	-192,51
799,13	-245,76
799,31	-186,37
799,50	-290,81
799,68	-299,00
799,87	-172,03
800,05	-249,85
800,24	-81,92
800,43	-219,13
800,61	-235,52
800,80	-126,97
800,98	-200,70
801,17	-190,46
801,35	-249,85
801,54	-208,89
801,72	-245,76
801,91	-217,08
802,09	-178,17
802,28	-186,37
802,46	-163,84
802,65	-249,85
802,84	-155,65
803,02	-241,66
803,21	-223,23
803,39	-280,57
803,58	-311,29
803,76	-204,80
803,95	-210,94
804,13	-176,13
804,32	-184,32
804,50	-106,49
804,69	-303,10
804,87	-167,93
805,06	-245,76
805,24	-331,77
805,43	-309,24
805,61	-118,78
805,80	-169,98
805,98	-157,69
806,17	-223,23
806,35	-159,74
806,54	-190,46
806,72	-215,04
806,91	-243,71
807,09	-137,21
807,28	-294,91
807,46	-116,73
807,65	-372,73
807,83	-204,80
808,02	-169,98
808,20	-131,07
808,39	-249,85
808,57	-169,98
808,76	-212,99
808,94	-180,22
809,13	-118,78
809,31	-225,28
809,49	-219,13
809,68	-159,74
809,86	-262,14
810,05	-223,23
810,23	-147,45
810,42	-225,28
810,60	-241,66
810,79	-251,90
810,97	-194,56
811,16	-262,14
811,34	-176,13
811,53	-133,12
811,71	-229,37
811,89	-157,69
812,08	-65,54
812,26	-219,13
812,45	-192,51
812,63	-157,69
812,82	-184,32
813,00	-233,47
813,19	-215,04
813,37	-165,89
813,55	-65,54
813,74	-133,12
813,92	-92,16
814,11	-106,49
814,29	-182,27
814,48	-210,94
814,66	-172,03
814,84	-229,37
815,03	-174,08
815,21	-122,88
815,40	-184,32
815,58	-133,12
815,77	-126,97
815,95	-98,30
816,13	-98,30
816,32	-51,20
816,50	-169,98
816,69	-65,53
816,87	-131,07
817,05	-65,54
817,24	-86,01
817,42	-139,26
817,61	-79,87
817,79	-114,69
817,97	-139,26
818,16	-176,13
818,34	-143,36
818,53	-151,55
818,71	-79,87
818,89	-131,07
819,08	-221,18
819,26	-43,01
819,45	-67,58
819,63	-202,75
819,81	-65,54
820,00	-106,49
820,18	-200,70
820,36	-34,82
820,55	-55,30
820,73	-145,41
820,92	-266,24
821,10	-194,56
821,28	-108,54
821,47	-161,79
821,65	-167,93
821,83	-69,63
822,02	-116,73
822,20	-90,11
822,39	-182,27
822,57	-223,23
822,75	-223,23
822,94	-247,80
823,12	-165,89
823,30	-63,49
823,49	-92,16
823,67	-290,81
823,85	-100,35
824,04	-81,92
824,22	-190,46
824,40	-108,54
824,59	-161,79
824,77	-235,52
824,95	-92,16
825,14	-53,25
825,32	10,24
825,50	-163,84
825,69	-141,31
825,87	-141,31
826,05	-159,74
826,24	-96,25
826,42	-59,39
826,60	-79,87
826,79	-100,35
826,97	-116,73
827,15	-161,79
827,34	-133,12
827,52	-135,17
827,70	-118,78
827,89	-190,46
828,07	-38,91
828,25	-102,40
828,44	-210,94
828,62	-112,64
828,80	-129,02
828,98	-212,99
829,17	-57,34
829,35	-104,45
829,53	-139,26
829,72	-110,59
829,90	-143,36
830,08	-110,59
830,27	-120,83
830,45	-204,80
830,63	-178,17
830,81	-86,01
831,00	-155,65
831,18	-204,80
831,36	-133,12
831,55	-110,59
831,73	-88,06
831,91	-98,30
832,09	-32,77
832,28	-24,58
832,46	-198,65
832,64	-28,67
832,82	-126,97
833,01	-225,28
833,19	-157,69
833,37	-165,89
833,55	-145,41
833,74	-26,62
833,92	-108,54
834,10	-126,97
834,29	-102,40
834,47	-81,92
834,65	-139,26
834,83	-108,54
835,02	-182,27
835,20	-161,79
835,38	-63,49
835,56	-131,07
835,75	-75,77
835,93	-139,26
836,11	-86,01
836,29	-219,13
836,47	-104,45
836,66	-180,22
836,84	-182,27
837,02	-94,21
837,20	-116,73
837,39	-8,19
837,57	-129,02
837,75	-34,82
837,93	-167,93
838,12	-253,95
838,30	-98,30
838,48	-108,54
838,66	-71,68
838,84	-94,21
839,03	-108,54
839,21	-190,46
839,39	-159,74
839,57	-129,02
839,75	-161,79
839,94	-151,55
840,12	-67,58
840,30	-86,01
840,48	-47,10
840,66	-137,21
840,85	-190,46
841,03	-83,97
841,21	-16,38
841,39	-71,68
841,57	-151,55
841,76	-94,21
841,94	-120,83
842,12	-153,60
842,30	-92,16
842,48	-227,32
842,67	-198,65
842,85	-53,25
843,03	28,67
843,21	-163,84
843,39	-129,02
843,57	-212,99
843,76	-67,58
843,94	-96,25
844,12	-198,65
844,30	-143,36
844,48	-108,54
844,66	-69,63
844,85	-223,23
845,03	-212,99
845,21	-102,40
845,39	-137,21
845,57	-73,73
845,75	-212,99
845,94	-116,73
846,12	-94,21
846,30	-79,87
846,48	-112,64
846,66	-79,87
846,84	-12,29
847,02	-169,98
847,21	-153,60
847,39	-190,46
847,57	-120,83
847,75	-102,40
847,93	-65,54
848,11	-151,55
848,29	-126,97
848,48	-182,27
848,66	-98,30
848,84	-75,77
849,02	-124,93
849,20	-112,64
849,38	-176,13
849,56	-118,78
849,74	-104,45
849,93	-38,91
850,11	-157,69
850,29	-157,69
850,47	-120,83
850,65	-59,39
850,83	-137,21
851,01	-208,89
851,19	-151,55
851,37	-141,31
851,56	-120,83
851,74	-153,60
851,92	-161,79
852,10	-59,39
852,28	-108,54
852,46	-126,97
852,64	-190,46
852,82	-79,87
853,00	-38,91
853,18	-28,67
853,37	-38,91
853,55	-141,31
853,73	-77,82
853,91	-77,82
854,09	-215,04
854,27	-118,78
854,45	-77,82
854,63	-159,74
854,81	-40,96
854,99	-88,06
855,17	-139,26
855,35	8,19
855,53	-137,21
855,72	-110,59
855,90	-59,39
856,08	-131,07
856,26	-45,06
856,44	-102,40
856,62	-98,30
856,80	-157,69
856,98	-77,82
857,16	-28,67
857,34	-77,82
857,52	-63,49
857,70	-45,06
857,88	-102,40
858,06	-137,21
858,24	-47,10
858,42	-26,62
858,60	-77,82
858,78	14,34
858,96	-149,50
859,15	-43,01
859,33	-169,98
859,51	-98,30
859,69	-47,10
859,87	-75,77
860,05	-104,45
860,23	-75,77
860,41	-57,34
860,59	6,14
860,77	-12,29
860,95	-73,73
861,13	-112,64
861,31	-96,25
861,49	-43,01
861,67	-194,56
861,85	-110,59
862,03	-118,78
862,21	-65,54
862,39	-149,50
862,57	-116,73
862,75	-49,15
862,93	-59,39
863,11	-24,58
863,29	-176,13
863,47	-129,02
863,65	-116,73
863,83	20,48
864,01	-26,62
864,19	-147,45
864,37	-75,77
864,55	-32,77
864,73	-98,30
864,91	-212,99
865,09	57,34
865,27	-143,36
865,45	-47,10
865,63	-73,73
865,81	-83,97
865,99	-63,49
866,17	-143,36
866,35	-126,97
866,53	-8,19
866,71	-120,83
866,89	-59,39
867,07	32,77
867,24	-20,48
867,42	-96,25
867,60	-69,63
867,78	104,45
867,96	-77,82
868,14	-118,78
868,32	-2,05
868,50	-102,40
868,68	-61,44
868,86	-65,54
869,04	-114,69
869,22	32,77
869,40	-153,60
869,58	12,29
869,76	-63,49
869,94	-59,39
870,12	-63,49
870,30	-55,30
870,48	-145,41
870,66	-96,25
870,83	-30,72
871,01	-38,91
871,19	-94,21
871,37	-104,45
871,55	-26,62
871,73	-77,82
871,91	-92,16
872,09	-30,72
872,27	-45,06
872,45	-53,25
872,63	-151,55
872,81	-94,21
872,98	-73,73
873,16	88,06
873,34	-55,30
873,52	-108,54
873,70	-6,14
873,88	-145,41
874,06	-69,63
874,24	-114,69
874,42	-81,92
874,60	-126,97
874,78	-20,48
874,95	-137,21
875,13	34,82
875,31	18,43
875,49	-112,64
875,67	-133,12
875,85	-83,97
876,03	0,00
876,21	-108,54
876,39	6,14
876,56	-139,26
876,74	-49,15
876,92	-30,72
877,10	-88,06
877,28	-83,97
877,46	-53,25
877,64	-14,34
877,82	-43,01
877,99	-137,21
878,17	-40,96
878,35	-94,21
878,53	-51,20
878,71	57,34
878,89	-75,77
879,07	-106,49
879,24	-122,88
879,42	-86,01
879,60	-110,59
879,78	-118,78
879,96	-32,77
880,14	36,86
880,32	14,34
880,49	-4,10
880,67	-61,44
880,85	-65,54
881,03	114,69
881,21	-102,40
881,39	-2,05
881,56	-65,54
881,74	18,43
881,92	-79,87
882,10	-38,91
882,28	-79,87
882,46	-108,54
882,63	-8,19
882,81	-133,12
882,99	-14,34
883,17	-51,20
883,35	-212,99
883,52	-61,44
883,70	-45,06
883,88	-122,88
884,06	10,24
884,24	51,20
884,42	-73,73
884,59	-61,44
884,77	-49,15
884,95	-10,24
885,13	-61,44
885,31	-43,01
885,48	-4,10
885,66	-14,34
885,84	-16,38
886,02	-122,88
886,20	-20,48
886,37	-86,01
886,55	2,05
886,73	-12,29
886,91	-90,11
887,08	-34,82
887,26	-36,86
887,44	-159,74
887,62	-106,49
887,80	-106,49
887,97	-73,73
888,15	-184,32
888,33	-67,58
888,51	-135,17
888,68	-43,01
888,86	-83,97
889,04	-51,20
889,22	-65,53
889,40	-51,20
889,57	-88,06
889,75	4,10
889,93	-104,45
890,11	-26,62
890,28	53,25
890,46	-77,82
890,64	-77,82
890,82	-77,82
890,99	-57,34
891,17	-100,35
891,35	40,96
891,53	-83,97
891,70	-36,86
891,88	-69,63
892,06	-65,54
892,24	-20,48
892,41	-73,73
892,59	-122,88
892,77	-106,49
892,94	-86,01
893,12	-18,43
893,30	-53,25
893,48	-65,54
893,65	-69,63
893,83	-45,06
894,01	-124,93
894,19	-124,93
894,36	28,67
894,54	-34,82
894,72	-24,58
894,89	-61,44
895,07	-45,06
895,25	-40,96
895,43	0,00
895,60	-10,24
895,78	38,91
895,96	-59,39
896,13	34,82
896,31	51,20
896,49	-36,86
896,66	-110,59
896,84	-2,05
897,02	-8,19
897,20	-116,73
897,37	-159,74
897,55	-20,48
897,73	-28,67
897,90	-112,64
898,08	-36,86
898,26	-53,25
898,43	-32,77
898,61	73,73
898,79	-51,20
898,96	-73,73
899,14	-53,25
899,32	90,11
899,49	20,48
899,67	18,43
899,85	-22,53
900,02	-12,29
900,20	-51,20
900,38	18,43
900,55	-73,73
900,73	-96,25
900,91	6,14
901,08	-28,67
901,26	-49,15
901,44	32,77
901,61	22,53
901,79	-120,83
901,97	-43,01
902,14	6,14
902,32	-118,78
902,50	157,69
902,67	-36,86
902,85	-81,92
903,02	-55,30
903,20	-73,73
903,38	-77,82
903,55	-53,25
903,73	26,62
903,91	-57,34
904,08	40,96
904,26	-63,49
904,44	-18,43
904,61	-83,97
904,79	-32,77
904,96	92,16
905,14	16,38
905,32	-2,05
905,49	92,16
905,67	-98,30
905,84	10,24
906,02	-53,25
906,20	-12,29
906,37	30,72
906,55	8,19
906,73	-69,63
906,90	88,06
907,08	8,19
907,25	-90,11
907,43	-36,86
907,61	-49,15
907,78	53,25
907,96	-69,63
908,13	28,67
908,31	10,24
908,48	10,24
908,66	-53,25
908,84	-43,01
909,01	-53,25
909,19	-79,87
909,36	-8,19
909,54	38,91
909,72	-10,24
909,89	14,34
910,07	-104,45
910,24	59,39
910,42	-51,20
910,59	-6,14
910,77	4,10
910,95	-71,68
911,12	-30,72
911,30	-24,58
911,47	-8,19
911,65	-110,59
911,82	-47,10
912,00	-104,45
912,17	-32,77
912,35	36,86
912,53	-47,10
912,70	-38,91
912,88	53,25
913,05	-63,49
913,23	-92,16
913,40	-55,30
913,58	-20,48
913,75	-20,48
913,93	-30,72
914,10	-22,53
914,28	-65,53
914,46	-98,30
914,63	4,10
914,81	53,25
914,98	4,10
915,16	-114,69
915,33	63,49
915,51	88,06
915,68	-57,34
915,86	22,53
916,03	-43,01
916,21	-90,11
916,38	-102,40
916,56	-129,02
916,73	36,86
916,91	-71,68
917,08	-120,83
917,26	30,72
917,43	-16,38
917,61	-38,91
917,78	36,86
917,96	-14,34
918,13	83,97
918,31	-49,15
918,48	16,38
918,66	-20,48
918,83	-47,10
919,01	-4,10
919,18	-38,91
919,36	-86,01
919,53	-28,67
919,71	-36,86
919,88	124,93
920,06	-67,58
920,23	-59,39
920,41	16,38
920,58	10,24
920,76	-51,20
920,93	45,06
921,11	-55,30
921,28	-43,01
921,45	71,68
921,63	-14,34
921,80	8,19
921,98	10,24
922,15	-30,72
922,33	-114,69
922,50	-6,14
922,68	-100,35
922,85	77,82
923,03	14,34
923,20	-61,44
923,38	0,00
923,55	53,25
923,72	4,10
923,90	2,05
924,07	2,05
924,25	-55,30
924,42	40,96
924,60	-8,19
924,77	24,58
924,95	-14,34
925,12	63,49
925,29	32,77
925,47	-59,39
925,64	40,96
925,82	-83,97
925,99	14,34
926,17	65,54
926,34	-12,29
926,51	22,53
926,69	-14,34
926,86	-22,53
927,04	71,68
927,21	26,62
927,38	73,73
927,56	30,72
927,73	-45,06
927,91	-14,34
928,08	18,43
928,25	53,25
928,43	53,25
928,60	-63,49
928,78	-24,58
928,95	-83,97
929,12	-8,19
929,30	-24,58
929,47	61,44
929,65	-55,30
929,82	30,72
929,99	69,63
930,17	106,49
930,34	16,38
930,52	63,49
930,69	0,00
930,86	14,34
931,04	77,82
931,21	14,34
931,38	67,58
931,56	-16,38
931,73	38,91
931,91	-77,82
932,08	-47,10
932,25	63,49
932,43	61,44
932,60	-79,87
932,77	-2,05
932,95	-53,25
933,12	65,54
933,29	-22,53
933,47	-2,05
933,64	-4,10
933,82	51,20
933,99	20,48
934,16	75,77
934,34	24,58
934,51	135,17
934,68	153,60
934,86	38,91
935,03	90,11
935,20	75,77
935,38	36,86
935,55	0,00
935,72	90,11
935,90	81,92
936,07	59,39
936,24	102,40
936,42	73,73
936,59	51,20
936,76	-12,29
936,94	161,79
937,11	67,58
937,28	120,83
937,46	-32,77
937,63	129,02
937,80	22,53
937,97	20,48
938,15	67,58
938,32	157,69
938,49	108,54
938,67	20,48
938,84	116,73
939,01	83,97
939,19	49,15
939,36	-12,29
939,53	57,34
939,70	36,86
939,88	38,91
940,05	129,02
940,22	102,40
940,40	69,63
940,57	28,67
940,74	26,62
940,92	-43,01
941,09	141,31
941,26	65,54
941,43	75,77
941,61	-6,14
941,78	-49,15
941,95	-22,53
942,12	102,40
942,30	30,72
942,47	-4,10
942,64	122,88
942,82	-16,38
942,99	30,72
943,16	0,00
943,33	73,73
943,51	4,10
943,68	71,68
943,85	-8,19
944,02	57,34
944,20	4,10
944,37	92,16
944,54	-40,96
944,71	69,63
944,89	108,54
945,06	2,05
945,23	94,21
945,40	92,16
945,58	57,34
945,75	75,77
945,92	92,16
946,09	-16,38
946,27	81,92
946,44	59,39
946,61	75,77
946,78	55,30
946,95	77,82
947,13	47,10
947,30	100,35
947,47	-26,62
947,64	65,53
947,82	38,91
947,99	36,86
948,16	20,48
948,33	67,58
948,50	169,98
948,68	20,48
948,85	-4,10
949,02	61,44
949,19	47,10
949,36	14,34
949,54	16,38
949,71	-45,06
949,88	55,30
950,05	71,68
950,22	28,67
950,40	22,53
950,57	102,40
950,74	122,88
950,91	-20,48
951,08	22,53
951,26	86,01
951,43	-43,01
951,60	-16,38
951,77	-34,82
951,94	-16,38
952,11	118,78
952,29	-20,48
952,46	172,03
952,63	124,93
952,80	49,15
952,97	34,82
953,15	106,49
953,32	51,20
953,49	32,77
953,66	16,38
953,83	51,20
954,00	49,15
954,17	116,73
954,35	131,07
954,52	63,49
954,69	30,72
954,86	141,31
955,03	-30,72
955,20	34,82
955,38	8,19
955,55	120,83
955,72	-22,53
955,89	45,06
956,06	-26,62
956,23	59,39
956,40	114,69
956,58	38,91
956,75	32,77
956,92	77,82
957,09	149,50
957,26	38,91
957,43	65,53
957,60	45,06
957,77	36,86
957,95	-55,30
958,12	57,34
958,29	-18,43
958,46	137,21
958,63	77,82
958,80	-16,38
958,97	149,50
959,14	135,17
959,31	36,86
959,49	45,06
959,66	-6,14
959,83	49,15
960,00	-22,53
960,17	90,11
960,34	81,92
960,51	61,44
960,68	-26,62
960,85	135,17
961,02	-36,86
961,20	133,12
961,37	61,44
961,54	40,96
961,71	6,14
961,88	139,26
962,05	53,25
962,22	36,86
962,39	116,73
962,56	6,14
962,73	-10,24
962,90	-98,30
963,07	22,53
963,24	26,62
963,42	98,30
963,59	-49,15
963,76	57,34
963,93	73,73
964,10	75,77
964,27	57,34
964,44	63,49
964,61	45,06
964,78	-45,06
964,95	-6,14
965,12	81,92
965,29	55,30
965,46	102,40
965,63	-43,01
965,80	-20,48
965,97	-36,86
966,14	47,10
966,31	0,00
966,48	104,45
966,66	51,20
966,83	55,30
967,00	6,14
967,17	92,16
967,34	51,20
967,51	61,44
967,68	96,25
967,85	63,49
968,02	-24,58
968,19	65,53
968,36	-122,88
968,53	61,44
968,70	118,78
968,87	38,91
969,04	40,96
969,21	-28,67
969,38	8,19
969,55	-34,82
969,72	36,86
969,89	100,35
970,06	-4,10
970,23	83,97
970,40	38,91
970,57	26,62
970,74	71,68
970,91	10,24
971,08	-40,96
971,25	104,45
971,42	67,58
971,59	47,10
971,76	73,73
971,93	57,34
972,10	131,07
972,27	49,15
972,44	114,69
972,61	63,49
972,78	47,10
972,95	-45,06
973,12	124,93
973,29	124,93
973,46	49,15
973,63	88,06
973,80	20,48
973,97	38,91
974,14	137,21
974,30	22,53
974,47	79,87
974,64	98,30
974,81	79,87
974,98	-36,86
975,15	135,17
975,32	28,67
975,49	18,43
975,66	2,05
975,83	-24,58
976,00	20,48
976,17	65,54
976,34	67,58
976,51	40,96
976,68	131,07
976,85	49,15
977,02	106,49
977,19	32,77
977,36	36,86
977,52	43,01
977,69	67,58
977,86	14,34
978,03	57,34
978,20	88,06
978,37	-2,05
978,54	49,15
978,71	26,62
978,88	81,92
979,05	-45,06
979,22	112,64
979,39	-4,10
979,56	86,01
979,72	129,02
979,89	114,69
980,06	102,40
980,23	98,30
980,40	2,05
980,57	38,91
980,74	174,08
980,91	67,58
981,08	20,48
981,25	-32,77
981,41	4,10
981,58	51,20
981,75	55,30
981,92	90,11
982,09	32,77
982,26	-20,48
982,43	28,67
982,60	-16,38
982,77	-40,96
982,93	102,40
983,10	124,93
983,27	49,15
983,44	112,64
983,61	100,35
983,78	94,21
983,95	8,19
984,11	16,38
984,28	63,49
984,45	-28,67
984,62	-20,48
984,79	0,00
984,96	-14,34
985,13	-69,63
985,30	30,72
985,46	114,69
985,63	-75,77
985,80	75,77
985,97	-47,10
986,14	61,44
986,31	65,53
986,47	75,77
986,64	98,30
986,81	10,24
986,98	8,19
987,15	55,30
987,32	51,20
987,48	141,31
987,65	-8,19
987,82	122,88
987,99	83,97
988,16	16,38
988,33	-20,48
988,49	57,34
988,66	96,25
988,83	20,48
989,00	45,06
989,17	18,43
989,34	18,43
989,50	75,77
989,67	-22,53
989,84	73,73
990,01	-12,29
990,18	55,30
990,34	88,06
990,51	157,69
990,68	51,20
990,85	-4,10
991,02	14,34
991,18	63,49
991,35	118,78
991,52	-53,25
991,69	112,64
991,86	65,54
992,02	67,58
992,19	57,34
992,36	69,63
992,53	57,34
992,69	51,20
992,86	73,73
993,03	-28,67
993,20	26,62
993,37	110,59
993,53	14,34
993,70	90,11
993,87	71,68
994,04	-16,38
994,20	-6,14
994,37	32,77
994,54	45,06
994,71	34,82
994,87	36,86
995,04	118,78
995,21	83,97
995,38	65,53
995,55	34,82
995,71	43,01
995,88	14,34
996,05	112,64
996,22	6,14
996,38	63,49
996,55	-40,96
996,72	47,10
996,88	75,77
997,05	61,44
997,22	45,06
997,39	0,00
997,55	32,77
997,72	8,19
997,89	83,97
998,06	83,97
998,22	65,53
998,39	16,38
998,56	24,58
998,73	61,44
998,89	28,67
999,06	34,82
999,23	49,15
999,39	71,68
999,56	100,35
999,73	18,43
999,90	-22,53
1000,06	-49,15
1000,23	49,15
1000,40	98,30
1000,56	2,05
1000,73	10,24
1000,90	22,53
1001,06	24,58
1001,23	0,00
1001,40	59,39
1001,57	51,20
1001,73	63,49
1001,90	20,48
1002,07	-34,82
1002,23	8,19
1002,40	10,24
1002,57	110,59
1002,73	10,24
1002,90	-8,19
1003,07	38,91
1003,23	57,34
1003,40	20,48
1003,57	90,11
1003,73	108,54
1003,90	114,69
1004,07	32,77
1004,23	45,06
1004,40	38,91
1004,57	118,78
1004,73	57,34
1004,90	43,01
1005,07	16,38
1005,23	86,01
1005,40	14,34
1005,57	55,30
1005,73	-26,62
1005,90	59,39
1006,07	114,69
1006,23	55,30
1006,40	145,41
1006,57	124,93
1006,73	83,97
1006,90	102,40
1007,06	106,49
1007,23	45,06
1007,40	8,19
1007,56	2,05
1007,73	40,96
1007,90	-20,48
1008,06	102,40
1008,23	118,78
1008,40	55,30
1008,56	98,30
1008,73	-26,62
1008,89	122,88
1009,06	94,21
1009,23	79,87
1009,39	102,40
1009,56	92,16
1009,72	79,87
1009,89	32,77
1010,06	24,58
1010,22	0,00
1010,39	131,07
1010,55	92,16
1010,72	100,35
1010,89	26,62
1011,05	20,48
1011,22	94,21
1011,38	-6,14
1011,55	69,63
1011,72	36,86
1011,88	40,96
1012,05	36,86
1012,21	26,62
1012,38	110,59
1012,55	36,86
1012,71	12,29
1012,88	151,55
1013,04	24,58
1013,21	28,67
1013,37	57,34
1013,54	51,20
1013,71	63,49
1013,87	18,43
1014,04	100,35
1014,20	77,82
1014,37	94,21
1014,53	26,62
1014,70	92,16
1014,87	112,64
1015,03	63,49
1015,20	75,77
1015,36	53,25
1015,53	-14,34
1015,69	40,96
1015,86	10,24
1016,02	98,30
1016,19	165,89
1016,36	98,30
1016,52	-2,05
1016,69	53,25
1016,85	-4,10
1017,02	40,96
1017,18	92,16
1017,35	-4,10
1017,51	83,97
1017,68	98,30
1017,84	-20,48
1018,01	65,54
1018,17	153,60
1018,34	28,67
1018,50	6,14
1018,67	47,10
1018,84	53,25
1019,00	69,63
1019,17	100,35
1019,33	108,54
1019,50	28,67
1019,66	53,25
1019,83	112,64
1019,99	24,58
1020,16	118,78
1020,32	30,72
1020,49	106,49
1020,65	-26,62
1020,82	151,55
1020,98	38,91
1021,15	92,16
1021,31	94,21
1021,48	65,54
1021,64	49,15
1021,81	53,25
1021,97	114,69
1022,14	122,88
1022,30	18,43
1022,47	-34,82
1022,63	65,53
1022,79	38,91
1022,96	51,20
1023,12	53,25
1023,29	38,91
1023,45	55,30
1023,62	151,55
1023,78	51,20
1023,95	43,01
1024,11	-26,62
1024,28	61,44
1024,44	-4,10
1024,61	51,20
1024,77	28,67
1024,94	196,61
1025,10	79,87
1025,26	53,25
1025,43	-4,10
1025,59	126,97
1025,76	151,55
1025,92	38,91
1026,09	4,10
1026,25	-14,34
1026,42	55,30
1026,58	32,77
1026,74	-22,53
1026,91	4,10
1027,07	86,01
1027,24	124,93
1027,40	47,10
1027,57	55,30
1027,73	-2,05
1027,90	98,30
1028,06	88,06
1028,22	102,40
1028,39	6,14
1028,55	4,10
1028,72	8,19
1028,88	-40,96
1029,04	92,16
1029,21	141,31
1029,37	47,10
1029,54	38,91
1029,70	32,77
1029,87	28,67
1030,03	-36,86
1030,19	38,91
1030,36	28,67
1030,52	120,83
1030,69	57,34
1030,85	90,11
1031,01	-18,43
1031,18	110,59
1031,34	141,31
1031,50	28,67
1031,67	47,10
1031,83	-20,48
1032,00	61,44
1032,16	129,02
1032,32	26,62
1032,49	30,72
1032,65	63,49
1032,82	28,67
1032,98	102,40
1033,14	-14,34
1033,31	141,31
1033,47	122,88
1033,63	137,21
1033,80	49,15
1033,96	77,82
1034,13	45,06
1034,29	59,39
1034,45	43,01
1034,62	24,58
1034,78	77,82
1034,94	-24,58
1035,11	92,16
1035,27	79,87
1035,43	28,67
1035,60	96,25
1035,76	102,40
1035,92	108,54
1036,09	108,54
1036,25	90,11
1036,41	88,06
1036,58	122,88
1036,74	108,54
1036,90	75,77
1037,07	86,01
1037,23	79,87
1037,39	-8,19
1037,56	30,72
1037,72	77,82
1037,88	83,97
1038,05	34,82
1038,21	73,73
1038,37	49,15
1038,54	114,69
1038,70	28,67
1038,86	122,88
1039,03	-34,82
1039,19	36,86
1039,35	59,39
1039,52	-24,58
1039,68	-2,05
1039,84	-18,43
1040,00	57,34
1040,17	26,62
1040,33	57,34
1040,49	-22,53
1040,66	-14,34
1040,82	16,38
1040,98	-18,43
1041,15	124,93
1041,31	-30,72
1041,47	-34,82
1041,63	169,98
1041,80	-4,10
1041,96	57,34
1042,12	47,10
1042,29	14,34
1042,45	126,97
1042,61	-6,14
1042,77	182,27
1042,94	112,64
1043,10	122,88
1043,26	59,39
1043,42	81,92
1043,59	-34,82
1043,75	24,58
1043,91	63,49
1044,07	-40,96
1044,24	67,58
1044,40	110,59
