345,22	-1478,40
345,44	-1478,40
345,66	-1478,40
345,88	-1387,39
346,10	-1382,35
346,32	-1351,34
346,54	-1292,72
346,75	-1316,20
346,97	-1403,53
347,19	-1416,80
347,41	-1360,77
347,63	-1360,14
347,85	-1425,48
348,07	-1298,45
348,29	-1469,31
348,51	-1296,80
348,73	-1393,94
348,95	-1420,89
349,16	-1336,52
349,38	-1339,22
349,60	-1386,82
349,82	-1372,65
350,04	-1365,93
350,26	-1437,23
350,48	-1354,36
350,70	-1388,86
350,92	-1290,17
351,14	-1356,53
351,35	-1260,82
351,57	-1316,79
351,79	-1317,62
352,01	-1369,53
352,23	-1370,20
352,45	-1323,71
352,67	-1337,70
352,89	-1354,88
353,10	-1353,16
353,32	-1297,88
353,54	-1299,26
353,76	-1265,02
353,98	-1321,30
354,20	-1308,64
354,42	-1355,53
354,64	-1359,38
354,85	-1255,35
355,07	-1242,58
355,29	-1321,46
355,51	-1405,32
355,73	-1359,87
355,95	-1300,39
356,17	-1386,34
356,38	-1359,29
356,60	-1367,73
356,82	-1304,89
357,04	-1423,51
357,26	-1407,37
357,48	-1349,24
357,69	-1315,68
357,91	-1392,46
358,13	-1304,98
358,35	-1361,96
358,57	-1305,33
358,79	-1320,03
359,01	-1315,48
359,22	-1421,24
359,44	-1379,54
359,66	-1331,06
359,88	-1290,48
360,10	-1309,43
360,32	-1328,57
360,53	-1307,63
360,75	-1379,33
360,97	-1325,49
361,19	-1408,77
361,41	-1344,18
361,62	-1401,40
361,84	-1352,61
362,06	-1409,09
362,28	-1381,25
362,50	-1320,86
362,72	-1347,44
362,93	-1377,96
363,15	-1361,91
363,37	-1322,31
363,59	-1349,62
363,81	-1407,70
364,02	-1359,41
364,24	-1283,28
364,46	-1396,77
364,68	-1359,13
364,90	-1258,81
365,11	-1375,88
365,33	-1320,88
365,55	-1258,62
365,77	-1381,17
365,99	-1403,69
366,20	-1354,26
366,42	-1431,98
366,64	-1349,05
366,86	-1317,53
367,07	-1343,26
367,29	-1270,83
367,51	-1362,81
367,73	-1412,04
367,95	-1401,44
368,16	-1293,55
368,38	-1311,75
368,60	-1286,07
368,82	-1369,88
369,03	-1331,99
369,25	-1265,65
369,47	-1333,15
369,69	-1412,86
369,91	-1387,25
370,12	-1366,34
370,34	-1334,39
370,56	-1390,50
370,78	-1359,84
370,99	-1295,09
371,21	-1244,83
371,43	-1334,08
371,65	-1338,89
371,86	-1305,58
372,08	-1319,99
372,30	-1362,19
372,52	-1310,74
372,73	-1322,28
372,95	-1363,40
373,17	-1310,63
373,39	-1266,49
373,60	-1382,64
373,82	-1362,17
374,04	-1275,92
374,26	-1300,19
374,47	-1310,40
374,69	-1356,69
374,91	-1339,29
375,12	-1349,11
375,34	-1443,09
375,56	-1349,81
375,78	-1272,98
375,99	-1312,20
376,21	-1302,74
376,43	-1341,80
376,65	-1323,37
376,86	-1300,82
377,08	-1271,56
377,30	-1346,29
377,51	-1401,31
377,73	-1329,40
377,95	-1401,47
378,17	-1244,37
378,38	-1285,34
378,60	-1363,34
378,82	-1318,52
379,03	-1305,85
379,25	-1369,63
379,47	-1228,03
379,68	-1361,75
379,90	-1344,38
380,12	-1293,96
380,34	-1348,33
380,55	-1328,77
380,77	-1362,33
380,99	-1298,45
381,20	-1267,15
381,42	-1405,36
381,64	-1408,94
381,85	-1357,68
382,07	-1350,68
382,29	-1325,16
382,50	-1325,64
382,72	-1266,11
382,94	-1329,06
383,15	-1337,10
383,37	-1352,17
383,59	-1327,52
383,80	-1354,62
384,02	-1347,23
384,24	-1367,92
384,45	-1353,08
384,67	-1349,42
384,89	-1375,26
385,10	-1385,25
385,32	-1384,86
385,54	-1298,27
385,75	-1393,86
385,97	-1308,62
386,19	-1327,19
386,40	-1385,35
386,62	-1346,85
386,84	-1296,54
387,05	-1355,87
387,27	-1302,52
387,49	-1426,54
387,70	-1406,31
387,92	-1309,45
388,14	-1382,25
388,35	-1269,51
388,57	-1448,25
388,79	-1405,67
389,00	-1310,64
389,22	-1429,57
389,43	-1280,02
389,65	-1298,79
389,87	-1362,60
390,08	-1417,86
390,30	-1379,72
390,52	-1362,37
390,73	-1343,78
390,95	-1274,52
391,17	-1324,81
391,38	-1294,92
391,60	-1393,04
391,81	-1374,89
392,03	-1309,41
392,25	-1337,09
392,46	-1321,52
392,68	-1404,16
392,89	-1376,50
393,11	-1369,46
393,33	-1321,55
393,54	-1327,14
393,76	-1352,75
393,98	-1414,45
394,19	-1387,71
394,41	-1290,00
394,62	-1357,41
394,84	-1354,90
395,06	-1363,63
395,27	-1324,32
395,49	-1275,16
395,70	-1338,77
395,92	-1365,18
396,13	-1399,43
396,35	-1379,15
396,57	-1308,10
396,78	-1336,03
397,00	-1362,57
397,21	-1333,52
397,43	-1392,26
397,65	-1327,61
397,86	-1336,76
398,08	-1363,89
398,29	-1303,15
398,51	-1349,78
398,72	-1309,24
398,94	-1302,36
399,16	-1313,68
399,37	-1349,30
399,59	-1400,57
399,80	-1358,42
400,02	-1344,79
400,23	-1339,57
400,45	-1443,36
400,67	-1309,62
400,88	-1335,10
401,10	-1334,08
401,31	-1390,17
401,53	-1457,92
401,74	-1352,17
401,96	-1454,64
402,17	-1377,40
402,39	-1358,57
402,61	-1309,08
402,82	-1366,67
403,04	-1304,43
403,25	-1308,89
403,47	-1288,02
403,68	-1404,12
403,90	-1302,80
404,11	-1343,57
404,33	-1327,91
404,54	-1350,29
404,76	-1310,49
404,97	-1401,09
405,19	-1278,64
405,41	-1397,99
405,62	-1372,24
405,84	-1329,31
406,05	-1325,85
406,27	-1372,72
406,48	-1324,56
406,70	-1357,24
406,91	-1373,72
407,13	-1320,96
407,34	-1332,27
407,56	-1398,45
407,77	-1357,77
407,99	-1446,39
408,20	-1353,06
408,42	-1358,98
408,63	-1429,11
408,85	-1377,00
409,06	-1322,24
409,28	-1357,21
409,49	-1292,07
409,71	-1397,92
409,92	-1253,14
410,14	-1324,06
410,35	-1336,98
410,57	-1381,56
410,78	-1315,22
411,00	-1390,21
411,21	-1347,35
411,43	-1420,13
411,64	-1380,87
411,86	-1400,17
412,07	-1374,06
412,29	-1405,18
412,50	-1310,85
412,72	-1406,55
412,93	-1415,55
413,15	-1378,55
413,36	-1434,00
413,58	-1459,44
413,79	-1327,46
414,01	-1415,73
414,22	-1372,69
414,43	-1390,32
414,65	-1426,43
414,86	-1377,50
415,08	-1340,00
415,29	-1379,79
415,51	-1464,48
415,72	-1308,43
415,94	-1409,37
416,15	-1457,44
416,37	-1366,56
416,58	-1482,09
416,80	-1401,51
417,01	-1403,51
417,22	-1379,97
417,44	-1360,92
417,65	-1404,71
417,87	-1324,65
418,08	-1388,91
418,30	-1388,70
418,51	-1388,28
418,73	-1478,98
418,94	-1358,80
419,15	-1330,91
419,37	-1431,41
419,58	-1437,86
419,80	-1436,83
420,01	-1479,36
420,23	-1435,75
420,44	-1402,43
420,65	-1464,19
420,87	-1473,10
421,08	-1411,22
421,30	-1387,38
421,51	-1425,66
421,73	-1391,99
421,94	-1387,96
422,15	-1393,34
422,37	-1408,39
422,58	-1429,41
422,80	-1433,54
423,01	-1334,25
423,22	-1448,58
423,44	-1434,00
423,65	-1400,80
423,87	-1335,06
424,08	-1420,69
424,29	-1402,16
424,51	-1343,09
424,72	-1432,92
424,94	-1502,03
425,15	-1448,01
425,36	-1410,65
425,58	-1447,40
425,79	-1463,76
426,01	-1350,29
426,22	-1408,37
426,43	-1429,43
426,65	-1519,68
426,86	-1418,31
427,08	-1413,91
427,29	-1373,98
427,50	-1448,01
427,72	-1480,95
427,93	-1498,98
428,14	-1458,50
428,36	-1471,22
428,57	-1541,17
428,79	-1419,39
429,00	-1451,17
429,21	-1465,76
429,43	-1466,49
429,64	-1530,70
429,85	-1501,02
430,07	-1400,78
430,28	-1405,27
430,49	-1478,17
430,71	-1403,55
430,92	-1400,89
431,14	-1479,45
431,35	-1512,43
431,56	-1467,46
431,78	-1405,56
431,99	-1492,82
432,20	-1544,34
432,42	-1549,85
432,63	-1429,97
432,84	-1566,87
433,06	-1428,53
433,27	-1503,77
433,48	-1468,40
433,70	-1565,09
433,91	-1453,97
434,12	-1546,73
434,34	-1448,71
434,55	-1458,99
434,76	-1522,99
434,98	-1511,89
435,19	-1571,73
435,40	-1625,36
435,62	-1509,57
435,83	-1540,44
436,04	-1653,80
436,26	-1574,30
436,47	-1519,36
436,68	-1579,48
436,90	-1588,99
437,11	-1507,32
437,32	-1565,73
437,54	-1513,17
437,75	-1544,11
437,96	-1552,46
438,17	-1569,87
438,39	-1589,50
438,60	-1622,23
438,81	-1517,92
439,03	-1570,09
439,24	-1611,04
439,45	-1556,92
439,67	-1633,57
439,88	-1594,48
440,09	-1562,08
440,30	-1599,99
440,52	-1558,69
440,73	-1596,62
440,94	-1608,82
441,16	-1621,38
441,37	-1548,14
441,58	-1579,18
441,80	-1704,96
442,01	-1634,62
442,22	-1621,20
442,43	-1664,16
442,65	-1622,55
442,86	-1575,79
443,07	-1642,78
443,28	-1599,16
443,50	-1629,27
443,71	-1710,27
443,92	-1600,33
444,14	-1669,77
444,35	-1660,30
444,56	-1706,34
444,77	-1669,89
444,99	-1769,09
445,20	-1738,50
445,41	-1690,46
445,62	-1700,66
445,84	-1747,23
446,05	-1662,89
446,26	-1676,02
446,47	-1670,67
446,69	-1751,88
446,90	-1785,38
447,11	-1694,45
447,32	-1770,11
447,54	-1745,34
447,75	-1784,90
447,96	-1758,24
448,17	-1770,74
448,39	-1765,98
448,60	-1713,34
448,81	-1654,13
449,02	-1694,90
449,23	-1853,05
449,45	-1770,81
449,66	-1735,24
449,87	-1681,23
450,08	-1861,80
450,30	-1747,71
450,51	-1766,12
450,72	-1689,96
450,93	-1832,78
451,15	-1766,93
451,36	-1763,91
451,57	-1845,11
451,78	-1811,20
451,99	-1720,05
452,21	-1722,33
452,42	-1746,15
452,63	-1737,48
452,84	-1757,51
453,05	-1763,74
453,27	-1745,25
453,48	-1752,25
453,69	-1808,62
453,90	-1745,58
454,11	-1778,02
454,33	-1774,88
454,54	-1754,72
454,75	-1850,81
454,96	-1742,88
455,17	-1803,08
455,39	-1784,18
455,60	-1788,80
455,81	-1810,09
456,02	-1674,86
456,23	-1701,68
456,45	-1792,88
456,66	-1654,55
456,87	-1808,92
457,08	-1776,36
457,29	-1746,86
457,50	-1685,59
457,72	-1735,93
457,93	-1681,87
458,14	-1686,57
458,35	-1716,68
458,56	-1671,03
458,77	-1700,40
458,99	-1678,29
459,20	-1699,37
459,41	-1788,40
459,62	-1679,60
459,83	-1767,29
460,04	-1774,15
460,26	-1719,28
460,47	-1710,83
460,68	-1782,25
460,89	-1789,98
461,10	-1617,74
461,31	-1665,17
461,52	-1713,29
461,74	-1669,80
461,95	-1768,00
462,16	-1787,83
462,37	-1775,15
462,58	-1584,17
462,79	-1633,43
463,00	-1742,14
463,22	-1656,68
463,43	-1636,11
463,64	-1723,32
463,85	-1661,36
464,06	-1650,25
464,27	-1569,01
464,48	-1656,47
464,70	-1656,95
464,91	-1674,99
465,12	-1668,08
465,33	-1704,14
465,54	-1621,76
465,75	-1643,44
465,96	-1759,69
466,17	-1752,66
466,38	-1704,79
466,60	-1681,81
466,81	-1703,74
467,02	-1613,63
467,23	-1658,86
467,44	-1661,05
467,65	-1685,84
467,86	-1616,45
468,07	-1665,77
468,28	-1723,57
468,50	-1641,36
468,71	-1683,62
468,92	-1565,73
469,13	-1606,43
469,34	-1639,02
469,55	-1684,24
469,76	-1700,45
469,97	-1721,32
470,18	-1650,19
470,39	-1647,67
470,60	-1724,97
470,82	-1603,17
471,03	-1630,06
471,24	-1649,06
471,45	-1581,93
471,66	-1717,93
471,87	-1698,61
472,08	-1664,98
472,29	-1623,69
472,50	-1679,63
472,71	-1614,03
472,92	-1544,98
473,13	-1584,54
473,34	-1642,29
473,55	-1674,57
473,77	-1710,46
473,98	-1641,13
474,19	-1726,52
474,40	-1684,31
474,61	-1695,86
474,82	-1672,69
475,03	-1712,77
475,24	-1724,72
475,45	-1698,69
475,66	-1571,34
475,87	-1675,96
476,08	-1674,51
476,29	-1553,58
476,50	-1595,82
476,71	-1696,80
476,92	-1609,47
477,13	-1650,58
477,34	-1671,71
477,55	-1583,06
477,76	-1708,72
477,97	-1657,72
478,18	-1631,05
478,40	-1745,74
478,61	-1690,44
478,82	-1640,82
479,03	-1645,13
479,24	-1644,25
479,45	-1577,96
479,66	-1585,70
479,87	-1651,42
480,08	-1681,93
480,29	-1615,56
480,50	-1685,92
480,71	-1600,97
480,92	-1662,32
481,13	-1652,48
481,34	-1729,56
481,55	-1619,52
481,76	-1580,28
481,97	-1565,14
482,18	-1571,20
482,39	-1645,56
482,60	-1618,77
482,81	-1561,27
483,02	-1513,12
483,23	-1578,35
483,44	-1554,27
483,65	-1638,90
483,86	-1619,95
484,07	-1629,70
484,28	-1461,50
484,49	-1514,62
484,70	-1486,54
484,91	-1422,85
485,12	-1572,17
485,33	-1446,67
485,54	-1502,06
485,75	-1430,03
485,96	-1496,30
486,17	-1459,20
486,38	-1383,12
486,59	-1422,87
486,80	-1433,49
487,01	-1369,50
487,21	-1391,06
487,42	-1371,64
487,63	-1460,23
487,84	-1412,87
488,05	-1245,04
488,26	-1330,88
488,47	-1332,37
488,68	-1308,24
488,89	-1270,45
489,10	-1301,80
489,31	-1187,66
489,52	-1133,83
489,73	-1208,91
489,94	-1169,76
490,15	-1100,15
490,36	-1223,68
490,57	-1097,01
490,78	-1084,19
490,99	-1014,16
491,20	-1085,66
491,41	-970,50
491,61	-992,32
491,82	-959,49
492,03	-925,62
492,24	-835,49
492,45	-830,04
492,66	-819,53
492,87	-767,67
493,08	-857,71
493,29	-756,52
493,50	-684,54
493,71	-577,11
493,92	-697,31
494,13	-562,27
494,34	-650,80
494,54	-585,86
494,75	-517,34
494,96	-420,49
495,17	-384,71
495,38	-353,99
495,59	-180,99
495,80	-255,23
496,01	-182,78
496,22	-147,71
496,43	30,84
496,64	-10,15
496,84	27,90
497,05	139,25
497,26	175,38
497,47	291,33
497,68	310,01
497,89	428,61
498,10	557,94
498,31	592,20
498,52	716,46
498,72	767,15
498,93	870,61
499,14	1002,29
499,35	1007,84
499,56	1307,15
499,77	1432,98
499,98	1438,10
500,19	1562,76
500,40	1581,52
500,60	1692,86
500,81	1827,43
501,02	2023,56
501,23	2054,17
501,44	2305,16
501,65	2315,59
501,86	2283,38
502,06	2573,78
502,27	2713,83
502,48	2879,53
502,69	2940,61
502,90	3055,84
503,11	3271,41
503,32	3408,25
503,53	3509,81
503,73	3799,72
503,94	3884,38
504,15	3996,38
504,36	4249,40
504,57	4376,64
504,78	4496,53
504,98	4822,86
505,19	4785,71
505,40	4940,28
505,61	5278,67
505,82	5358,02
506,03	5766,16
506,23	6071,62
506,44	6230,08
506,65	6388,86
506,86	6568,75
507,07	7044,11
507,28	7369,59
507,48	7625,46
507,69	7921,29
507,90	8167,12
508,11	8577,05
508,32	8875,27
508,53	8991,03
508,73	9578,94
508,94	9617,83
509,15	10187,79
509,36	10573,31
509,57	10980,70
509,77	11269,76
509,98	11894,24
510,19	11968,03
510,40	12468,81
510,61	12604,08
510,81	13252,99
511,02	13480,73
511,23	13863,62
511,44	14217,10
511,65	14674,31
511,85	14937,40
512,06	15278,77
512,27	15719,59
512,48	16265,13
512,69	16527,12
512,89	16918,62
513,10	16961,06
513,31	17491,37
513,52	17556,24
513,73	18320,99
513,93	18594,09
514,14	18843,91
514,35	19456,04
514,56	19631,04
514,76	19890,67
514,97	20352,53
515,18	20835,14
515,39	21107,38
515,60	21451,68
515,80	22222,66
516,01	22271,53
516,22	22814,85
516,43	23263,41
516,63	23854,09
516,84	24113,35
517,05	24751,86
517,26	25415,50
517,46	26046,38
517,67	26544,32
517,88	26760,71
518,09	27337,37
518,29	28196,21
518,50	28731,43
518,71	29502,68
518,92	30042,56
519,12	30449,22
519,33	31122,79
519,54	31615,35
519,75	32173,75
519,95	32940,59
520,16	33481,94
520,37	33804,07
520,57	34690,15
520,78	35340,01
520,99	35785,83
521,20	35941,55
521,40	36683,71
521,61	36730,57
521,82	37352,02
522,03	37852,96
522,23	37878,70
522,44	38654,01
522,65	38576,99
522,85	38758,17
523,06	39267,29
523,27	39600,33
523,48	39711,94
523,68	39867,16
523,89	40278,92
524,10	40132,18
524,30	40242,10
524,51	40458,49
524,72	40399,77
524,93	40440,79
525,13	40255,38
525,34	40439,30
525,55	40430,69
525,75	40562,09
525,96	40557,02
526,17	40676,92
526,37	40351,25
526,58	40471,82
526,79	40406,59
526,99	40276,22
527,20	40726,23
527,41	40356,15
527,62	40652,10
527,82	40893,49
528,03	40556,10
528,24	41281,67
528,44	41330,83
528,65	41237,66
528,86	41407,51
529,06	41234,12
529,27	41451,38
529,48	41613,23
529,68	41597,92
529,89	41584,22
530,10	41644,03
530,30	42013,27
530,51	42339,65
530,72	42536,29
530,92	42176,31
531,13	42864,66
531,34	42513,00
531,54	42602,72
531,75	42858,71
531,96	42533,88
532,16	42269,45
532,37	42167,43
532,57	42411,33
532,78	42336,24
532,99	42226,22
533,19	41862,49
533,40	41735,26
533,61	41378,85
533,81	41051,56
534,02	40773,15
534,23	40579,65
534,43	40350,13
534,64	39784,42
534,84	39489,62
535,05	39187,24
535,26	38614,79
535,46	38484,73
535,67	37889,61
535,88	37348,62
536,08	36895,92
536,29	36503,59
536,49	35988,75
536,70	35526,36
536,91	35101,87
537,11	34836,54
537,32	34083,38
537,53	33854,56
537,73	33216,58
537,94	32996,72
538,14	32767,72
538,35	31935,04
538,56	31683,04
538,76	31280,74
538,97	31185,53
539,17	30842,31
539,38	30515,40
539,59	30666,70
539,79	30046,26
540,00	30030,65
540,20	29611,60
540,41	29696,76
540,62	29561,30
540,82	29462,70
541,03	29281,15
541,23	29394,33
541,44	28916,24
541,64	29028,85
541,85	28916,12
542,06	28786,74
542,26	28978,58
542,47	28802,58
542,67	28569,97
542,88	28439,44
543,08	28480,78
543,29	28245,94
543,50	28226,07
543,70	27988,74
543,91	27891,30
544,11	28163,02
544,32	27868,06
544,52	27571,36
544,73	27246,62
544,94	26953,50
545,14	26718,55
545,35	26475,98
545,55	26290,90
545,76	25788,47
545,96	25776,75
546,17	25524,55
546,37	25053,84
546,58	24606,63
546,78	24562,87
546,99	24088,40
547,20	23823,74
547,40	23327,21
547,61	23163,45
547,81	22752,65
548,02	22015,67
548,22	21880,31
548,43	21342,52
548,63	21022,50
548,84	20568,07
549,04	20311,91
549,25	20068,36
549,45	19734,61
549,66	19594,73
549,86	19178,54
550,07	18877,86
550,27	18539,06
550,48	18369,48
550,69	18150,83
550,89	17772,16
551,10	17634,30
551,30	17579,93
551,51	17174,68
551,71	17111,94
551,92	17022,68
552,12	16862,15
552,33	16848,71
552,53	16481,15
552,74	16173,56
552,94	16265,09
553,15	16049,46
553,35	16075,40
553,56	16062,95
553,76	15783,57
553,97	15769,40
554,17	15901,05
554,38	15843,80
554,58	15700,55
554,79	15589,93
554,99	15414,25
555,19	15158,01
555,40	15380,79
555,60	15158,09
555,81	15008,91
556,01	14926,18
556,22	14783,91
556,42	14852,48
556,63	14602,33
556,83	14427,87
557,04	14254,75
557,24	14220,24
557,45	13797,71
557,65	13574,62
557,86	13573,81
558,06	13261,24
558,27	13075,98
558,47	12912,03
558,67	12744,64
558,88	12222,63
559,08	12100,16
559,29	11944,16
559,49	11511,96
559,70	11524,79
559,90	11180,96
560,11	10717,70
560,31	10754,66
560,52	10421,76
560,72	10216,30
560,92	10078,25
561,13	9650,51
561,33	9416,98
561,54	9321,20
561,74	9065,88
561,95	9002,98
562,15	8726,23
562,35	8506,69
562,56	8352,45
562,76	8304,65
562,97	8176,26
563,17	7952,87
563,38	7729,44
563,58	7660,66
563,78	7516,36
563,99	7355,86
564,19	7185,89
564,40	7212,29
564,60	7230,54
564,80	6982,43
565,01	7099,20
565,21	6931,47
565,42	6924,41
565,62	6674,84
565,83	6503,18
566,03	6597,16
566,23	6587,70
566,44	6394,95
566,64	6388,99
566,85	6494,33
567,05	6395,80
567,25	6429,10
567,46	6318,63
567,66	6365,28
567,86	6189,40
568,07	6267,44
568,27	6096,51
568,48	6226,67
568,68	6187,32
568,88	5949,51
569,09	5736,90
569,29	5801,90
569,50	5644,69
569,70	5728,06
569,90	5589,18
570,11	5406,91
570,31	5414,22
570,51	5291,70
570,72	5259,80
570,92	5073,62
571,13	4997,83
571,33	4724,68
571,53	4734,97
571,74	4576,54
571,94	4505,92
572,14	4257,53
572,35	4271,82
572,55	4121,30
572,75	3997,34
572,96	3884,39
573,16	3805,50
573,36	3690,12
573,57	3507,17
573,77	3387,57
573,97	3325,12
574,18	3121,43
574,38	3109,65
574,59	3040,70
574,79	2908,39
574,99	2766,14
575,20	2655,27
575,40	2685,37
575,60	2425,80
575,81	2538,18
576,01	2443,05
576,21	2293,40
576,42	2241,47
576,62	2061,37
576,82	2047,39
577,02	2006,55
577,23	1899,54
577,43	1998,45
577,63	1974,95
577,84	1885,57
578,04	1893,79
578,24	1803,19
578,45	1780,70
578,65	1640,35
578,85	1587,75
579,06	1653,33
579,26	1690,09
579,46	1504,72
579,67	1647,20
579,87	1654,68
580,07	1563,49
580,27	1485,81
580,48	1527,89
580,68	1427,83
580,88	1398,21
581,09	1528,67
581,29	1326,22
581,49	1297,61
581,69	1253,98
581,90	1210,80
582,10	1291,97
582,30	1200,37
582,51	1164,79
582,71	1078,95
582,91	1103,86
583,11	1051,02
583,32	981,72
583,52	1046,10
583,72	1042,10
583,93	925,36
584,13	950,02
584,33	776,55
584,53	770,47
584,74	693,07
584,94	585,85
585,14	752,98
585,34	511,76
585,55	509,44
585,75	423,17
585,95	332,77
586,15	298,46
586,36	314,30
586,56	317,27
586,76	203,63
586,96	63,76
587,17	28,56
587,37	33,00
587,57	-96,09
587,77	-142,14
587,98	-38,85
588,18	-9,13
588,38	-199,70
588,58	-187,65
588,79	-323,34
588,99	-405,13
589,19	-350,90
589,39	-465,70
589,60	-450,16
589,80	-449,63
590,00	-564,20
590,20	-396,66
590,40	-630,47
590,61	-641,80
590,81	-674,59
591,01	-614,20
591,21	-621,92
591,42	-713,34
591,62	-625,44
591,82	-744,07
592,02	-743,58
592,22	-730,24
592,43	-836,07
592,63	-784,57
592,83	-717,35
593,03	-828,82
593,23	-763,49
593,44	-694,50
593,64	-841,99
593,84	-672,23
594,04	-919,41
594,24	-831,95
594,45	-817,66
594,65	-927,87
594,85	-808,87
595,05	-973,82
595,25	-916,56
595,46	-838,04
595,66	-894,41
595,86	-952,23
596,06	-1020,10
596,26	-853,29
596,46	-859,81
596,67	-916,48
596,87	-884,99
597,07	-1007,42
597,27	-992,36
597,47	-1040,14
597,67	-880,48
597,88	-908,38
598,08	-1145,91
598,28	-1069,02
598,48	-1018,16
598,68	-1107,04
598,88	-1178,13
599,09	-1065,10
599,29	-1219,63
599,49	-1154,54
599,69	-1214,59
599,89	-1230,02
600,09	-1183,83
600,30	-1187,91
600,50	-1266,10
600,70	-1274,21
600,90	-1322,61
601,10	-1397,03
601,30	-1348,98
601,50	-1429,55
601,71	-1440,40
601,91	-1301,31
602,11	-1278,27
602,31	-1375,57
602,51	-1455,66
602,71	-1429,84
602,91	-1375,28
603,11	-1414,95
603,32	-1529,65
603,52	-1439,03
603,72	-1387,45
603,92	-1472,83
604,12	-1661,67
604,32	-1545,08
604,52	-1582,12
604,72	-1478,20
604,93	-1587,51
605,13	-1606,41
605,33	-1564,62
605,53	-1574,35
605,73	-1670,91
605,93	-1563,20
606,13	-1661,83
606,33	-1633,01
606,53	-1607,24
606,74	-1616,66
606,94	-1613,86
607,14	-1712,77
607,34	-1651,42
607,54	-1625,09
607,74	-1663,43
607,94	-1722,38
608,14	-1625,71
608,34	-1666,48
608,54	-1741,53
608,74	-1708,76
608,95	-1658,00
609,15	-1691,82
609,35	-1592,46
609,55	-1652,30
609,75	-1742,26
609,95	-1631,54
610,15	-1655,81
610,35	-1729,68
610,55	-1743,73
610,75	-1840,60
610,95	-1690,48
611,15	-1661,22
611,35	-1797,70
611,55	-1657,43
611,76	-1725,45
611,96	-1739,64
612,16	-1753,67
612,36	-1691,35
612,56	-1745,77
612,76	-1675,26
612,96	-1759,96
613,16	-1742,41
613,36	-1699,54
613,56	-1868,09
613,76	-1777,09
613,96	-1813,12
614,16	-1707,06
614,36	-1762,79
614,56	-1758,72
614,76	-1742,62
614,96	-1767,21
615,16	-1862,61
615,36	-1808,50
615,56	-1869,54
615,76	-1768,05
615,97	-1843,46
616,17	-1833,53
616,37	-1805,85
616,57	-1733,43
616,77	-1833,76
616,97	-1893,48
617,17	-1835,35
617,37	-1834,02
617,57	-1848,22
617,77	-1834,82
617,97	-1904,06
618,17	-1855,80
618,37	-1808,98
618,57	-1947,62
618,77	-1852,54
618,97	-1903,92
619,17	-1885,79
619,37	-1826,80
619,57	-1912,44
619,77	-1841,19
619,97	-1871,25
620,17	-2006,90
620,37	-1912,07
620,57	-1878,67
620,77	-1902,11
620,97	-1953,95
621,17	-1915,31
621,37	-1864,44
621,57	-1956,91
621,77	-1936,12
621,97	-1814,34
622,17	-1981,95
622,37	-1883,15
622,57	-1952,21
622,77	-1967,62
622,97	-1935,27
623,17	-1904,48
623,37	-1907,31
623,57	-1880,26
623,77	-1943,01
623,97	-1913,02
624,16	-1901,96
624,36	-1877,82
624,56	-1949,80
624,76	-1834,81
624,96	-1909,24
625,16	-1867,27
625,36	-1852,70
625,56	-1992,40
625,76	-1895,24
625,96	-1905,37
626,16	-1964,11
626,36	-1878,94
626,56	-1845,79
626,76	-1876,58
626,96	-1936,00
627,16	-1935,43
627,36	-1962,25
627,56	-1799,07
627,76	-1864,37
627,96	-1921,84
628,16	-1880,56
628,35	-1994,45
628,55	-1909,55
628,75	-1866,22
628,95	-1957,94
629,15	-1912,96
629,35	-1875,34
629,55	-1858,73
629,75	-2005,74
629,95	-1829,75
630,15	-1918,08
630,35	-1842,28
630,55	-1947,53
630,75	-1892,92
630,95	-1843,67
631,14	-1928,01
631,34	-1834,54
631,54	-1903,92
631,74	-1869,01
631,94	-1927,79
632,14	-1943,50
632,34	-1879,92
632,54	-1927,23
632,74	-1943,60
632,94	-1987,60
633,14	-1848,33
633,33	-1930,85
633,53	-1913,83
633,73	-1955,60
633,93	-1881,66
634,13	-1866,36
634,33	-1815,45
634,53	-1811,06
634,73	-1919,66
634,93	-1945,08
635,12	-1913,67
635,32	-1907,17
635,52	-1940,34
635,72	-1921,56
635,92	-1914,04
636,12	-1930,88
636,32	-2014,81
636,52	-1932,43
636,71	-1900,70
636,91	-1939,09
637,11	-1927,27
637,31	-1961,25
637,51	-1937,52
637,71	-1943,21
637,91	-1957,41
638,11	-1961,30
638,30	-1998,64
638,50	-1816,36
638,70	-1872,20
638,90	-1877,75
639,10	-1826,08
639,30	-1923,22
639,50	-1902,38
639,69	-1927,38
639,89	-2010,10
640,09	-1969,30
640,29	-1837,21
640,49	-1925,48
640,69	-1890,88
640,88	-1814,89
641,08	-1906,70
641,28	-1773,34
641,48	-1866,74
641,68	-1943,24
641,88	-1922,81
642,07	-1946,73
642,27	-1818,05
642,47	-1900,75
642,67	-1814,06
642,87	-1879,49
643,07	-1791,05
643,26	-1863,89
643,46	-1934,46
643,66	-1909,94
643,86	-1856,60
644,06	-1812,14
644,26	-1804,86
644,45	-1863,68
644,65	-1932,79
644,85	-1936,69
645,05	-1822,83
645,25	-1811,12
645,44	-1831,54
645,64	-1856,72
645,84	-1819,51
646,04	-1840,46
646,24	-1857,32
646,43	-1849,76
646,63	-1847,25
646,83	-1789,75
647,03	-1923,75
647,23	-1811,07
647,42	-1802,08
647,62	-1936,14
647,82	-1827,83
648,02	-1849,90
648,22	-1918,55
648,41	-1779,92
648,61	-1797,04
648,81	-1890,93
649,01	-1831,55
649,20	-1877,23
649,40	-1965,26
649,60	-1780,31
649,80	-1864,57
650,00	-1774,46
650,19	-1845,17
650,39	-1908,81
650,59	-1843,30
650,79	-1842,15
650,98	-1836,17
651,18	-1877,01
651,38	-1888,65
651,58	-1885,03
651,77	-1898,67
651,97	-1886,28
652,17	-1863,88
652,37	-1786,39
652,56	-1795,50
652,76	-1872,75
652,96	-1852,65
653,16	-1829,13
653,35	-1945,30
653,55	-1842,86
653,75	-1879,98
653,95	-1707,46
654,14	-1930,12
654,34	-1756,11
654,54	-1868,78
654,74	-1766,49
654,93	-1876,34
655,13	-1867,75
655,33	-1802,00
655,52	-1760,13
655,72	-1813,22
655,92	-1870,92
656,12	-1796,59
656,31	-1739,09
656,51	-1851,50
656,71	-1785,87
656,91	-1742,49
657,10	-1892,49
657,30	-1804,43
657,50	-1859,40
657,69	-1820,83
657,89	-1787,17
658,09	-1757,81
658,29	-1745,16
658,48	-1724,74
658,68	-1746,61
658,88	-1825,55
659,07	-1796,16
659,27	-1790,81
659,47	-1731,69
659,66	-1745,75
659,86	-1816,56
660,06	-1837,58
660,26	-1753,71
660,45	-1762,12
660,65	-1777,98
660,85	-1766,58
661,04	-1720,46
661,24	-1720,58
661,44	-1814,16
661,63	-1765,13
661,83	-1747,44
662,03	-1818,52
662,22	-1759,55
662,42	-1812,82
662,62	-1709,72
662,81	-1877,06
663,01	-1744,30
663,21	-1785,70
663,40	-1814,67
663,60	-1766,85
663,80	-1702,17
663,99	-1688,18
664,19	-1771,50
664,39	-1730,41
664,58	-1797,33
664,78	-1738,71
664,98	-1847,67
665,17	-1729,94
665,37	-1797,16
665,57	-1799,77
665,76	-1734,87
665,96	-1799,82
666,16	-1799,88
666,35	-1798,90
666,55	-1773,27
666,74	-1690,24
666,94	-1625,59
667,14	-1865,16
667,33	-1665,56
667,53	-1748,62
667,73	-1760,24
667,92	-1764,49
668,12	-1711,61
668,32	-1643,25
668,51	-1764,11
668,71	-1681,61
668,90	-1787,70
669,10	-1790,54
669,30	-1733,23
669,49	-1761,65
669,69	-1740,23
669,89	-1696,52
670,08	-1777,19
670,28	-1761,43
670,47	-1750,44
670,67	-1693,52
670,87	-1773,07
671,06	-1760,45
671,26	-1688,71
671,45	-1814,99
671,65	-1759,08
671,85	-1639,56
672,04	-1759,43
672,24	-1708,97
672,43	-1710,00
672,63	-1751,04
672,83	-1710,00
673,02	-1711,31
673,22	-1720,21
673,41	-1838,41
673,61	-1690,57
673,81	-1754,54
674,00	-1687,40
674,20	-1761,74
674,39	-1693,33
674,59	-1715,89
674,78	-1690,09
674,98	-1714,76
675,18	-1722,17
675,37	-1672,40
675,57	-1702,54
675,76	-1745,13
675,96	-1780,78
676,15	-1632,34
676,35	-1667,93
676,55	-1720,34
676,74	-1790,73
676,94	-1686,12
677,13	-1690,76
677,33	-1651,96
677,52	-1721,87
677,72	-1764,05
677,91	-1718,51
678,11	-1731,07
678,31	-1656,98
678,50	-1658,96
678,70	-1708,85
678,89	-1674,97
679,09	-1687,24
679,28	-1740,88
679,48	-1672,50
679,67	-1668,01
679,87	-1639,54
680,06	-1541,17
680,26	-1732,99
680,46	-1655,32
680,65	-1676,74
680,85	-1672,30
681,04	-1639,93
681,24	-1739,34
681,43	-1711,93
681,63	-1722,40
681,82	-1650,75
682,02	-1658,16
682,21	-1657,26
682,41	-1577,84
682,60	-1665,98
682,80	-1658,84
682,99	-1637,63
683,19	-1682,29
683,38	-1650,97
683,58	-1626,77
683,77	-1642,28
683,97	-1620,77
684,16	-1592,88
684,36	-1677,94
684,55	-1681,07
684,75	-1651,31
684,94	-1725,75
685,14	-1590,06
685,33	-1676,56
685,53	-1658,43
685,72	-1594,86
685,92	-1655,22
686,11	-1672,03
686,31	-1678,13
686,50	-1571,66
686,70	-1642,69
686,89	-1688,50
687,09	-1705,12
687,28	-1615,32
687,48	-1670,67
687,67	-1656,72
687,87	-1708,59
688,06	-1593,84
688,26	-1631,66
688,45	-1623,29
688,65	-1636,91
688,84	-1619,60
689,03	-1536,01
689,23	-1636,50
689,42	-1599,70
689,62	-1649,04
689,81	-1622,93
690,01	-1595,57
690,20	-1618,25
690,40	-1701,39
690,59	-1578,39
690,79	-1588,69
690,98	-1564,44
691,17	-1666,48
691,37	-1586,07
691,56	-1589,49
691,76	-1601,06
691,95	-1632,79
692,15	-1668,81
692,34	-1520,94
692,54	-1607,99
692,73	-1679,99
692,92	-1669,46
693,12	-1578,83
693,31	-1654,00
693,51	-1666,83
693,70	-1634,23
693,90	-1626,89
694,09	-1669,33
694,28	-1683,63
694,48	-1649,77
694,67	-1683,31
694,87	-1623,80
695,06	-1661,61
695,26	-1716,82
695,45	-1712,11
695,64	-1611,62
695,84	-1677,77
696,03	-1700,63
696,23	-1622,32
696,42	-1627,31
696,61	-1660,05
696,81	-1684,66
697,00	-1707,58
697,20	-1573,24
697,39	-1811,34
697,58	-1637,95
697,78	-1710,78
697,97	-1641,29
698,17	-1644,14
698,36	-1696,72
698,55	-1611,67
698,75	-1677,06
698,94	-1712,37
699,14	-1657,71
699,33	-1689,45
699,52	-1653,93
699,72	-1644,45
699,91	-1765,48
700,10	-1663,06
700,30	-1730,44
700,49	-1740,43
700,69	-1627,35
700,88	-1742,83
701,07	-1687,24
701,27	-1735,99
701,46	-1805,97
701,65	-1667,31
701,85	-1844,29
702,04	-1641,81
702,23	-1661,30
702,43	-1707,16
702,62	-1620,25
702,82	-1677,84
703,01	-1759,34
703,20	-1631,99
703,40	-1663,85
703,59	-1636,56
703,78	-1670,29
703,98	-1688,78
704,17	-1662,48
704,36	-1687,93
704,56	-1655,89
704,75	-1648,65
704,94	-1803,91
705,14	-1665,82
705,33	-1797,33
705,52	-1728,65
705,72	-1676,80
705,91	-1710,30
706,10	-1715,65
706,30	-1720,01
706,49	-1703,83
706,68	-1675,27
706,88	-1723,64
707,07	-1674,74
707,26	-1720,68
707,46	-1717,02
707,65	-1594,24
707,84	-1718,96
708,04	-1710,52
708,23	-1719,65
708,42	-1636,41
708,62	-1699,70
708,81	-1785,84
709,00	-1738,65
709,19	-1611,83
709,39	-1743,05
709,58	-1760,72
709,77	-1795,37
709,97	-1707,44
710,16	-1682,32
710,35	-1733,87
710,55	-1804,75
710,74	-1690,71
710,93	-1680,88
711,12	-1611,57
711,32	-1789,11
711,51	-1701,10
711,70	-1749,16
711,90	-1713,78
712,09	-1669,64
712,28	-1763,69
712,47	-1711,93
712,67	-1625,50
712,86	-1735,77
713,05	-1707,99
713,24	-1783,34
713,44	-1711,67
713,63	-1687,25
713,82	-1685,78
714,02	-1771,80
714,21	-1678,84
714,40	-1769,83
714,59	-1755,00
714,79	-1695,20
714,98	-1612,75
715,17	-1680,83
715,36	-1719,95
715,56	-1631,15
715,75	-1631,82
715,94	-1676,60
716,13	-1640,11
716,33	-1640,77
716,52	-1714,92
716,71	-1664,88
716,90	-1706,20
717,10	-1702,93
717,29	-1779,99
717,48	-1628,22
717,67	-1665,56
717,87	-1716,03
718,06	-1668,72
718,25	-1674,71
718,44	-1644,18
718,63	-1651,13
718,83	-1707,49
719,02	-1645,23
719,21	-1595,08
719,40	-1609,45
719,60	-1621,80
719,79	-1654,07
719,98	-1687,99
720,17	-1716,51
720,36	-1604,78
720,56	-1651,64
720,75	-1686,48
720,94	-1712,41
721,13	-1773,26
721,33	-1612,47
721,52	-1736,92
721,71	-1608,00
721,90	-1643,86
722,09	-1674,65
722,29	-1734,00
722,48	-1709,58
722,67	-1648,37
722,86	-1679,74
723,05	-1612,79
723,24	-1710,71
723,44	-1702,16
723,63	-1690,99
723,82	-1744,44
724,01	-1708,59
724,20	-1716,13
724,40	-1693,13
724,59	-1639,04
724,78	-1681,28
724,97	-1713,48
725,16	-1623,22
725,35	-1736,70
725,55	-1647,55
725,74	-1697,65
725,93	-1715,01
726,12	-1739,21
726,31	-1659,51
726,51	-1728,04
726,70	-1671,29
726,89	-1721,37
727,08	-1742,12
727,27	-1724,84
727,46	-1610,37
727,65	-1653,68
727,85	-1617,67
728,04	-1695,45
728,23	-1710,35
728,42	-1609,94
728,61	-1656,52
728,80	-1733,13
729,00	-1757,50
729,19	-1621,07
729,38	-1661,08
729,57	-1696,92
729,76	-1794,47
729,95	-1660,10
730,14	-1721,64
730,33	-1641,66
730,53	-1804,43
730,72	-1750,06
730,91	-1735,50
731,10	-1630,37
731,29	-1743,29
731,48	-1655,42
731,67	-1751,09
731,86	-1820,63
732,06	-1715,98
732,25	-1762,95
732,44	-1748,41
732,63	-1697,54
732,82	-1690,65
733,01	-1745,79
733,20	-1730,00
733,39	-1654,47
733,59	-1749,00
733,78	-1756,93
733,97	-1737,70
734,16	-1687,10
734,35	-1667,97
734,54	-1652,68
734,73	-1743,60
734,92	-1745,97
735,11	-1770,09
735,30	-1641,58
735,49	-1782,81
735,69	-1691,24
735,88	-1742,80
736,07	-1749,15
736,26	-1818,73
736,45	-1699,37
736,64	-1795,72
736,83	-1747,47
737,02	-1758,34
737,21	-1788,92
737,40	-1810,19
737,59	-1871,68
737,78	-1733,10
737,98	-1681,90
738,17	-1784,68
738,36	-1818,57
738,55	-1759,57
738,74	-1718,28
738,93	-1664,77
739,12	-1713,74
739,31	-1785,84
739,50	-1713,64
739,69	-1709,25
739,88	-1788,90
740,07	-1729,46
740,26	-1819,46
740,45	-1806,39
740,64	-1807,96
740,83	-1756,85
741,02	-1724,97
741,22	-1785,86
741,41	-1831,80
741,60	-1704,15
741,79	-1726,63
741,98	-1756,31
742,17	-1752,89
742,36	-1728,41
742,55	-1741,60
742,74	-1753,89
742,93	-1707,51
743,12	-1830,65
743,31	-1805,52
743,50	-1706,27
743,69	-1838,95
743,88	-1792,11
744,07	-1752,63
744,26	-1773,34
744,45	-1748,75
744,64	-1577,93
744,83	-1757,24
745,02	-1825,48
745,21	-1717,12
745,40	-1729,35
745,59	-1839,73
745,78	-1699,96
745,97	-1701,69
746,16	-1747,79
746,35	-1747,62
746,54	-1687,89
746,73	-1790,57
746,92	-1716,33
747,11	-1771,96
747,30	-1664,14
747,49	-1754,30
747,68	-1782,82
747,87	-1787,03
748,06	-1804,55
748,25	-1713,60
748,44	-1746,16
748,63	-1662,24
748,82	-1720,69
749,01	-1726,07
749,20	-1750,54
749,39	-1747,34
749,58	-1767,95
749,77	-1693,12
749,96	-1721,27
750,15	-1767,48
750,34	-1753,80
750,53	-1794,73
750,72	-1674,22
750,91	-1775,60
751,10	-1684,61
751,29	-1804,66
751,48	-1641,96
751,67	-1730,26
751,86	-1722,63
752,04	-1667,07
752,23	-1675,17
752,42	-1768,68
752,61	-1823,63
752,80	-1739,13
752,99	-1727,84
753,18	-1865,55
753,37	-1697,95
753,56	-1763,27
753,75	-1739,67
753,94	-1794,07
754,13	-1711,60
754,32	-1772,75
754,51	-1705,11
754,70	-1788,17
754,89	-1742,12
755,08	-1709,14
755,27	-1647,66
755,45	-1707,36
755,64	-1703,64
755,83	-1716,34
756,02	-1644,86
756,21	-1624,30
756,40	-1662,14
756,59	-1668,59
756,78	-1712,88
756,97	-1681,14
757,16	-1708,78
757,35	-1637,41
757,54	-1686,29
757,72	-1637,81
757,91	-1686,43
758,10	-1633,39
758,29	-1599,06
758,48	-1567,42
758,67	-1492,21
758,86	-1565,84
759,05	-1619,95
759,24	-1666,39
759,43	-1563,99
759,61	-1602,76
759,80	-1543,33
759,99	-1569,84
760,18	-1609,55
760,37	-1517,78
760,56	-1555,18
760,75	-1529,33
760,94	-1621,17
761,13	-1527,93
761,31	-1514,32
761,50	-1526,80
761,69	-1513,49
761,88	-1480,40
762,07	-1480,40
762,26	-1477,78
762,45	-1565,01
762,64	-1553,66
762,82	-1536,99
763,01	-1452,56
763,20	-1508,98
763,39	-1542,91
763,58	-1467,70
763,77	-1502,00
763,96	-1505,22
764,14	-1508,69
764,33	-1571,19
764,52	-1567,54
764,71	-1530,16
764,90	-1543,05
765,09	-1621,40
765,27	-1567,63
765,46	-1573,84
765,65	-1606,15
765,84	-1554,73
766,03	-1576,66
766,22	-1618,51
766,41	-1667,29
766,59	-1623,82
766,78	-1497,57
766,97	-1687,67
767,16	-1526,48
767,35	-1645,39
767,54	-1692,59
767,72	-1555,70
767,91	-1652,60
768,10	-1670,28
768,29	-1646,32
768,48	-1671,57
768,66	-1656,20
768,85	-1610,58
769,04	-1674,96
769,23	-1682,13
769,42	-1772,62
769,61	-1634,13
769,79	-1605,84
769,98	-1566,36
770,17	-1734,76
770,36	-1677,05
770,55	-1705,68
770,73	-1683,45
770,92	-1752,81
771,11	-1748,32
771,30	-1698,87
771,49	-1718,28
771,67	-1698,79
771,86	-1681,63
772,05	-1737,68
772,24	-1746,15
772,42	-1673,80
772,61	-1708,67
772,80	-1745,50
772,99	-1762,32
773,18	-1643,03
773,36	-1583,03
773,55	-1686,54
773,74	-1628,20
773,93	-1767,27
774,11	-1636,87
774,30	-1672,60
774,49	-1668,97
774,68	-1708,05
774,87	-1645,72
775,05	-1706,13
775,24	-1682,04
775,43	-1629,53
775,62	-1677,95
775,80	-1674,69
775,99	-1649,60
776,18	-1676,16
776,37	-1682,84
776,55	-1672,49
776,74	-1678,01
776,93	-1585,59
777,12	-1736,19
777,30	-1623,86
777,49	-1744,35
777,68	-1631,84
777,87	-1686,32
778,05	-1671,47
778,24	-1619,34
778,43	-1614,30
778,62	-1738,48
778,80	-1741,65
778,99	-1679,80
779,18	-1665,88
779,36	-1679,10
779,55	-1608,56
779,74	-1637,35
779,93	-1610,31
780,11	-1702,03
780,30	-1599,69
780,49	-1624,64
780,68	-1632,20
780,86	-1620,23
781,05	-1753,80
781,24	-1616,41
781,42	-1649,22
781,61	-1562,43
781,80	-1591,28
781,98	-1573,81
782,17	-1687,99
782,36	-1747,05
782,55	-1561,06
782,73	-1662,00
782,92	-1669,23
783,11	-1702,16
783,29	-1609,77
783,48	-1661,11
783,67	-1672,64
783,85	-1662,99
784,04	-1654,57
784,23	-1631,42
784,42	-1630,55
784,60	-1675,72
784,79	-1633,73
784,98	-1681,52
785,16	-1642,70
785,35	-1618,51
785,54	-1588,02
785,72	-1614,61
785,91	-1678,43
786,10	-1656,27
786,28	-1661,98
786,47	-1663,06
786,66	-1583,79
786,84	-1637,35
787,03	-1609,68
787,22	-1524,85
787,40	-1664,59
787,59	-1609,52
787,78	-1641,72
787,96	-1543,66
788,15	-1579,76
788,34	-1567,54
788,52	-1618,74
788,71	-1699,88
788,89	-1596,11
789,08	-1611,44
789,27	-1611,99
789,45	-1602,55
789,64	-1582,10
789,83	-1661,97
790,01	-1692,37
790,20	-1722,13
790,39	-1614,32
790,57	-1646,12
790,76	-1570,80
790,95	-1610,73
791,13	-1602,87
791,32	-1545,77
791,50	-1631,05
791,69	-1644,53
791,88	-1541,88
792,06	-1598,44
792,25	-1638,04
792,43	-1641,33
792,62	-1614,94
792,81	-1580,28
792,99	-1636,08
793,18	-1639,47
793,37	-1642,58
793,55	-1623,53
793,74	-1632,56
793,92	-1582,25
794,11	-1640,62
794,30	-1646,30
794,48	-1623,13
794,67	-1576,83
794,85	-1628,15
795,04	-1617,13
795,23	-1641,74
795,41	-1523,48
795,60	-1517,69
795,78	-1638,38
795,97	-1615,51
796,15	-1590,83
796,34	-1681,97
796,53	-1575,60
796,71	-1650,32
796,90	-1587,96
797,08	-1678,95
797,27	-1596,92
797,46	-1634,51
797,64	-1594,90
797,83	-1590,64
798,01	-1625,80
798,20	-1635,20
798,38	-1555,89
798,57	-1686,59
798,76	-1668,74
798,94	-1636,98
799,13	-1643,18
799,31	-1560,98
799,50	-1679,05
799,68	-1634,06
799,87	-1535,57
800,05	-1655,96
800,24	-1580,72
800,43	-1615,26
800,61	-1651,06
800,80	-1591,16
800,98	-1625,27
801,17	-1609,23
801,35	-1605,14
801,54	-1657,84
801,72	-1556,50
801,91	-1637,52
802,09	-1560,85
802,28	-1612,15
802,46	-1608,36
802,65	-1604,98
802,84	-1600,30
803,02	-1634,35
803,21	-1602,10
803,39	-1664,50
803,58	-1631,05
803,76	-1608,00
803,95	-1635,70
804,13	-1582,46
804,32	-1588,78
804,50	-1512,64
804,69	-1677,75
804,87	-1580,91
805,06	-1577,28
805,24	-1673,75
805,43	-1589,49
805,61	-1603,92
805,80	-1570,80
805,98	-1605,33
806,17	-1651,69
806,35	-1627,04
806,54	-1588,27
806,72	-1644,85
806,91	-1708,91
807,09	-1623,25
807,28	-1644,56
807,46	-1541,85
807,65	-1745,53
807,83	-1650,22
808,02	-1600,69
808,20	-1533,28
808,39	-1568,56
808,57	-1625,64
808,76	-1659,79
808,94	-1568,77
809,13	-1605,00
809,31	-1630,93
809,49	-1604,28
809,68	-1637,91
809,86	-1546,96
810,05	-1625,94
810,23	-1611,82
810,42	-1545,14
810,60	-1577,55
810,79	-1592,78
810,97	-1615,22
811,16	-1591,60
811,34	-1580,43
811,53	-1524,11
811,71	-1624,26
811,89	-1534,03
812,08	-1485,55
812,26	-1590,80
812,45	-1575,28
812,63	-1623,93
812,82	-1597,81
813,00	-1576,37
813,19	-1568,62
813,37	-1550,10
813,55	-1547,49
813,74	-1591,03
813,92	-1515,17
814,11	-1526,35
814,29	-1641,26
814,48	-1570,51
814,66	-1568,69
814,84	-1583,44
815,03	-1588,63
815,21	-1567,64
815,40	-1534,41
815,58	-1518,20
815,77	-1483,77
815,95	-1538,41
816,13	-1563,63
816,32	-1491,38
816,50	-1515,89
816,69	-1470,67
816,87	-1502,10
817,05	-1472,34
817,24	-1493,93
817,42	-1542,34
817,61	-1508,91
817,79	-1507,41
817,97	-1529,52
818,16	-1563,28
818,34	-1501,40
818,53	-1493,07
818,71	-1497,20
818,89	-1574,01
819,08	-1612,66
819,26	-1492,94
819,45	-1488,72
819,63	-1542,45
819,81	-1499,41
820,00	-1483,44
820,18	-1593,03
820,36	-1476,69
820,55	-1440,98
820,73	-1548,03
820,92	-1637,77
821,10	-1574,05
821,28	-1530,77
821,47	-1612,75
821,65	-1604,03
821,83	-1549,13
822,02	-1536,25
822,20	-1490,57
822,39	-1546,53
822,57	-1580,77
822,75	-1593,36
822,94	-1604,17
823,12	-1516,60
823,30	-1526,42
823,49	-1495,67
823,67	-1621,56
823,85	-1492,11
824,04	-1572,63
824,22	-1518,87
824,40	-1480,13
824,59	-1562,16
824,77	-1537,58
824,95	-1518,32
825,14	-1558,81
825,32	-1528,98
825,50	-1522,02
825,69	-1604,28
825,87	-1491,85
826,05	-1510,61
826,24	-1520,27
826,42	-1421,34
826,60	-1438,87
826,79	-1490,26
826,97	-1512,12
827,15	-1591,24
827,34	-1530,39
827,52	-1565,44
827,70	-1535,71
827,89	-1614,90
828,07	-1434,10
828,25	-1556,65
828,44	-1594,22
828,62	-1529,66
828,80	-1572,57
828,98	-1562,13
829,17	-1479,41
829,35	-1514,38
829,53	-1552,44
829,72	-1532,76
829,90	-1524,48
830,08	-1555,10
830,27	-1515,03
830,45	-1584,28
830,63	-1582,32
830,81	-1454,23
831,00	-1494,67
831,18	-1552,67
831,36	-1614,80
831,55	-1543,12
831,73	-1521,68
831,91	-1476,48
832,09	-1487,77
832,28	-1442,01
832,46	-1573,89
832,64	-1515,25
832,82	-1487,04
833,01	-1655,57
833,19	-1555,73
833,37	-1553,89
833,55	-1547,86
833,74	-1492,78
833,92	-1482,18
834,10	-1553,64
834,29	-1590,57
834,47	-1481,15
834,65	-1504,17
834,83	-1581,86
835,02	-1526,14
835,20	-1558,01
835,38	-1519,42
835,56	-1473,20
835,75	-1474,90
835,93	-1538,16
836,11	-1470,43
836,29	-1646,90
836,47	-1561,39
836,66	-1583,05
836,84	-1583,98
837,02	-1552,79
837,20	-1497,87
837,39	-1434,54
837,57	-1595,64
837,75	-1449,79
837,93	-1560,98
838,12	-1655,19
838,30	-1568,62
838,48	-1529,84
838,66	-1528,30
838,84	-1521,52
839,03	-1522,96
839,21	-1525,06
839,39	-1551,00
839,57	-1580,49
839,75	-1518,11
839,94	-1553,08
840,12	-1537,69
840,30	-1525,04
840,48	-1445,62
840,66	-1589,40
840,85	-1552,83
841,03	-1474,59
841,21	-1501,24
841,39	-1462,14
841,57	-1532,17
841,76	-1525,52
841,94	-1509,50
842,12	-1523,35
842,30	-1573,79
842,48	-1570,93
842,67	-1531,15
842,85	-1474,67
843,03	-1397,97
843,21	-1575,66
843,39	-1434,81
843,57	-1536,38
843,76	-1458,22
843,94	-1532,91
844,12	-1519,28
844,30	-1596,62
844,48	-1572,57
844,66	-1460,51
844,85	-1619,98
845,03	-1559,15
845,21	-1548,64
845,39	-1520,40
845,57	-1532,17
845,75	-1585,11
845,94	-1512,56
846,12	-1486,08
846,30	-1535,28
846,48	-1521,54
846,66	-1567,67
846,84	-1489,29
847,02	-1550,21
847,21	-1482,74
847,39	-1549,94
847,57	-1580,95
847,75	-1535,53
847,93	-1459,42
848,11	-1509,25
848,29	-1501,22
848,48	-1610,96
848,66	-1552,42
848,84	-1497,65
849,02	-1538,24
849,20	-1553,30
849,38	-1529,27
849,56	-1537,02
849,74	-1507,99
849,93	-1477,39
850,11	-1502,10
850,29	-1550,78
850,47	-1479,03
850,65	-1424,80
850,83	-1524,45
851,01	-1570,69
851,19	-1630,06
851,37	-1544,46
851,56	-1510,17
851,74	-1527,31
851,92	-1622,41
852,10	-1475,67
852,28	-1492,68
852,46	-1460,56
852,64	-1442,83
852,82	-1548,97
853,00	-1451,17
853,18	-1379,86
853,37	-1499,26
853,55	-1470,93
853,73	-1517,85
853,91	-1530,23
854,09	-1514,96
854,27	-1535,07
854,45	-1477,37
854,63	-1504,08
854,81	-1439,85
854,99	-1429,27
855,17	-1573,44
855,35	-1417,90
855,53	-1508,49
855,72	-1540,99
855,90	-1555,02
856,08	-1491,23
856,26	-1541,23
856,44	-1506,24
856,62	-1469,97
856,80	-1525,44
856,98	-1515,03
857,16	-1474,33
857,34	-1529,96
857,52	-1489,53
857,70	-1474,83
857,88	-1529,73
858,06	-1570,74
858,24	-1494,48
858,42	-1407,86
858,60	-1488,77
858,78	-1428,37
858,96	-1566,66
859,15	-1480,88
859,33	-1532,60
859,51	-1482,32
859,69	-1420,06
859,87	-1535,84
860,05	-1471,00
860,23	-1515,58
860,41	-1488,19
860,59	-1432,72
860,77	-1434,13
860,95	-1493,55
861,13	-1513,30
861,31	-1533,23
861,49	-1505,84
861,67	-1584,24
861,85	-1524,66
862,03	-1506,29
862,21	-1492,20
862,39	-1495,67
862,57	-1496,88
862,75	-1435,99
862,93	-1416,98
863,11	-1551,41
863,29	-1489,63
863,47	-1542,34
863,65	-1554,16
863,83	-1426,40
864,01	-1523,96
864,19	-1503,27
864,37	-1466,28
864,55	-1425,30
864,73	-1507,04
864,91	-1542,80
865,09	-1413,87
865,27	-1531,85
865,45	-1513,55
865,63	-1451,15
865,81	-1458,07
865,99	-1530,75
866,17	-1489,78
866,35	-1452,53
866,53	-1442,16
866,71	-1538,46
866,89	-1390,84
867,07	-1386,78
867,24	-1495,86
867,42	-1492,56
867,60	-1505,17
867,78	-1447,47
867,96	-1499,31
868,14	-1479,50
868,32	-1428,26
868,50	-1457,94
868,68	-1461,80
868,86	-1450,58
869,04	-1474,55
869,22	-1406,90
869,40	-1494,32
869,58	-1436,01
869,76	-1476,94
869,94	-1410,91
870,12	-1450,09
870,30	-1444,15
870,48	-1476,62
870,66	-1543,54
870,83	-1557,38
871,01	-1453,11
871,19	-1461,86
871,37	-1491,30
871,55	-1462,42
871,73	-1532,57
871,91	-1450,23
872,09	-1441,40
872,27	-1503,00
872,45	-1529,93
872,63	-1522,06
872,81	-1513,05
872,98	-1457,20
873,16	-1301,75
873,34	-1419,63
873,52	-1530,97
873,70	-1342,17
873,88	-1518,68
874,06	-1454,08
874,24	-1507,68
874,42	-1488,72
874,60	-1523,13
874,78	-1424,44
874,95	-1453,70
875,13	-1430,98
875,31	-1431,75
875,49	-1476,08
875,67	-1546,83
875,85	-1499,65
876,03	-1400,18
876,21	-1474,04
876,39	-1388,00
876,56	-1521,18
876,74	-1497,73
876,92	-1425,60
877,10	-1433,46
877,28	-1521,88
877,46	-1529,19
877,64	-1433,07
877,82	-1466,58
877,99	-1500,43
878,17	-1439,46
878,35	-1452,57
878,53	-1446,61
878,71	-1389,36
878,89	-1481,55
879,07	-1484,56
879,24	-1481,20
879,42	-1489,23
879,60	-1564,83
879,78	-1505,23
879,96	-1517,64
880,14	-1343,63
880,32	-1342,43
880,49	-1406,94
880,67	-1443,22
880,85	-1463,20
881,03	-1382,44
881,21	-1423,03
881,39	-1408,32
881,56	-1485,79
881,74	-1397,46
881,92	-1479,96
882,10	-1451,01
882,28	-1447,56
882,46	-1512,36
882,63	-1427,04
882,81	-1507,65
882,99	-1442,93
883,17	-1456,07
883,35	-1507,54
883,52	-1492,02
883,70	-1443,31
883,88	-1540,74
884,06	-1436,76
884,24	-1416,51
884,42	-1441,60
884,59	-1461,48
884,77	-1455,52
884,95	-1422,22
885,13	-1495,54
885,31	-1439,06
885,48	-1474,31
885,66	-1452,18
885,84	-1479,38
886,02	-1470,68
886,20	-1433,05
886,37	-1486,84
886,55	-1422,51
886,73	-1422,91
886,91	-1425,56
887,08	-1480,07
887,26	-1449,46
887,44	-1440,31
887,62	-1475,15
887,80	-1494,04
887,97	-1410,80
888,15	-1563,35
888,33	-1454,17
888,51	-1536,84
888,68	-1463,67
888,86	-1420,40
889,04	-1450,96
889,22	-1427,38
889,40	-1464,06
889,57	-1506,77
889,75	-1368,27
889,93	-1391,39
890,11	-1435,48
890,28	-1442,58
890,46	-1471,47
890,64	-1499,42
890,82	-1459,60
890,99	-1456,18
891,17	-1573,26
891,35	-1382,46
891,53	-1480,09
891,70	-1412,05
891,88	-1475,05
892,06	-1521,16
892,24	-1416,84
892,41	-1500,03
892,59	-1578,34
892,77	-1436,49
892,94	-1453,45
893,12	-1416,44
893,30	-1496,01
893,48	-1440,79
893,65	-1502,54
893,83	-1493,91
894,01	-1488,35
894,19	-1460,64
894,36	-1382,35
894,54	-1480,29
894,72	-1449,88
894,89	-1468,98
895,07	-1415,19
895,25	-1446,14
895,43	-1484,21
895,60	-1431,43
895,78	-1447,42
895,96	-1434,35
896,13	-1395,95
896,31	-1458,21
896,49	-1458,69
896,66	-1418,22
896,84	-1381,27
897,02	-1449,53
897,20	-1489,39
897,37	-1544,76
897,55	-1484,13
897,73	-1407,73
897,90	-1384,05
898,08	-1445,44
898,26	-1459,00
898,43	-1396,75
898,61	-1387,20
898,79	-1392,82
898,96	-1410,65
899,14	-1394,54
899,32	-1382,51
899,49	-1468,48
899,67	-1424,20
899,85	-1441,20
900,02	-1419,03
900,20	-1423,45
900,38	-1442,71
900,55	-1445,65
900,73	-1465,33
900,91	-1367,49
901,08	-1437,82
901,26	-1434,43
901,44	-1400,27
901,61	-1384,54
901,79	-1477,72
901,97	-1446,41
902,14	-1488,00
902,32	-1491,74
902,50	-1387,89
902,67	-1376,54
902,85	-1506,39
903,02	-1417,71
903,20	-1386,88
903,38	-1468,85
903,55	-1445,32
903,73	-1383,41
903,91	-1457,89
904,08	-1390,56
904,26	-1456,14
904,44	-1343,71
904,61	-1447,59
904,79	-1418,98
904,96	-1374,41
905,14	-1367,99
905,32	-1377,81
905,49	-1375,54
905,67	-1486,83
905,84	-1408,94
906,02	-1464,50
906,20	-1381,68
906,37	-1363,30
906,55	-1446,48
906,73	-1502,66
906,90	-1360,95
907,08	-1417,56
907,25	-1426,74
907,43	-1339,44
907,61	-1447,35
907,78	-1411,40
907,96	-1478,15
908,13	-1362,93
908,31	-1314,98
908,48	-1436,86
908,66	-1487,90
908,84	-1396,18
909,01	-1452,18
909,19	-1480,12
909,36	-1419,26
909,54	-1369,56
909,72	-1395,90
909,89	-1361,75
910,07	-1454,39
910,24	-1388,53
910,42	-1488,10
910,59	-1410,08
910,77	-1439,16
910,95	-1471,44
911,12	-1474,63
911,30	-1467,83
911,47	-1374,05
911,65	-1455,17
911,82	-1402,95
912,00	-1493,14
912,17	-1435,07
912,35	-1419,34
912,53	-1423,03
912,70	-1419,16
912,88	-1384,16
913,05	-1525,75
913,23	-1413,80
913,40	-1436,42
913,58	-1405,76
913,75	-1376,54
913,93	-1411,15
914,10	-1472,82
914,28	-1409,35
914,46	-1481,19
914,63	-1483,81
914,81	-1392,28
914,98	-1446,86
915,16	-1520,92
915,33	-1379,36
915,51	-1310,85
915,68	-1411,89
915,86	-1435,20
916,03	-1427,93
916,21	-1465,62
916,38	-1543,62
916,56	-1468,20
916,73	-1430,46
916,91	-1444,08
917,08	-1500,76
917,26	-1408,63
917,43	-1422,57
917,61	-1435,89
917,78	-1347,25
917,96	-1387,47
918,13	-1369,62
918,31	-1428,95
918,48	-1413,60
918,66	-1452,18
918,83	-1476,99
919,01	-1389,57
919,18	-1426,15
919,36	-1505,51
919,53	-1415,71
919,71	-1384,09
919,88	-1306,36
920,06	-1498,80
920,23	-1455,95
920,41	-1409,53
920,58	-1310,39
920,76	-1429,25
920,93	-1377,46
921,11	-1449,07
921,28	-1464,80
921,45	-1325,98
921,63	-1401,40
921,80	-1397,74
921,98	-1410,37
922,15	-1430,89
922,33	-1482,50
922,50	-1449,59
922,68	-1513,38
922,85	-1444,40
923,03	-1371,71
923,20	-1496,15
923,38	-1428,21
923,55	-1354,48
923,72	-1409,42
923,90	-1450,47
924,07	-1431,29
924,25	-1440,08
924,42	-1384,21
924,60	-1440,47
924,77	-1413,93
924,95	-1458,19
925,12	-1426,65
925,29	-1357,07
925,47	-1440,57
925,64	-1382,14
925,82	-1484,21
925,99	-1462,75
926,17	-1405,08
926,34	-1421,48
926,51	-1410,41
926,69	-1374,06
926,86	-1440,10
927,04	-1376,10
927,21	-1372,32
927,38	-1419,25
927,56	-1370,77
927,73	-1470,98
927,91	-1398,23
928,08	-1355,89
928,25	-1360,77
928,43	-1357,43
928,60	-1430,97
928,78	-1403,17
928,95	-1454,88
929,12	-1378,94
929,30	-1467,11
929,47	-1356,60
929,65	-1459,47
929,82	-1363,71
929,99	-1370,87
930,17	-1348,39
930,34	-1406,67
930,52	-1336,30
930,69	-1431,55
930,86	-1332,48
931,04	-1387,72
931,21	-1365,76
931,38	-1425,15
931,56	-1430,23
931,73	-1344,63
931,91	-1432,54
932,08	-1446,62
932,25	-1361,69
932,43	-1351,09
932,60	-1413,14
932,77	-1467,17
932,95	-1429,00
933,12	-1366,76
933,29	-1416,30
933,47	-1378,94
933,64	-1387,88
933,82	-1358,71
933,99	-1453,90
934,16	-1302,45
934,34	-1374,64
934,51	-1367,23
934,68	-1280,86
934,86	-1362,55
935,03	-1388,21
935,20	-1380,58
935,38	-1347,82
935,55	-1365,37
935,72	-1376,51
935,90	-1391,15
936,07	-1353,32
936,24	-1371,82
936,42	-1407,41
936,59	-1328,35
936,76	-1405,47
936,94	-1287,85
937,11	-1369,63
937,28	-1340,21
937,46	-1395,59
937,63	-1360,21
937,80	-1393,54
937,97	-1384,67
938,15	-1360,29
938,32	-1308,35
938,49	-1306,55
938,67	-1366,08
938,84	-1300,26
939,01	-1371,90
939,19	-1395,92
939,36	-1441,25
939,53	-1356,03
939,70	-1385,76
939,88	-1383,05
940,05	-1359,15
940,22	-1364,55
940,40	-1378,94
940,57	-1345,78
940,74	-1383,37
940,92	-1410,00
941,09	-1356,67
941,26	-1390,84
941,43	-1345,64
941,61	-1407,22
941,78	-1449,90
941,95	-1421,30
942,12	-1384,04
942,30	-1406,56
942,47	-1433,84
942,64	-1331,43
942,82	-1333,08
942,99	-1342,42
943,16	-1451,62
943,33	-1377,33
943,51	-1403,44
943,68	-1297,89
943,85	-1343,34
944,02	-1371,68
944,20	-1403,17
944,37	-1360,84
944,54	-1428,53
944,71	-1386,49
944,89	-1306,07
945,06	-1344,06
945,23	-1278,71
945,40	-1324,15
945,58	-1354,39
945,75	-1371,57
945,92	-1378,99
946,09	-1452,18
946,27	-1297,46
946,44	-1360,76
946,61	-1379,51
946,78	-1389,19
946,95	-1296,05
947,13	-1414,99
947,30	-1329,07
947,47	-1376,41
947,64	-1362,57
947,82	-1372,15
947,99	-1363,99
948,16	-1408,53
948,33	-1392,64
948,50	-1287,20
948,68	-1380,48
948,85	-1435,14
949,02	-1420,48
949,19	-1409,99
949,36	-1315,93
949,54	-1393,78
949,71	-1371,51
949,88	-1367,15
950,05	-1370,52
950,22	-1391,60
950,40	-1388,15
950,57	-1359,29
950,74	-1301,07
950,91	-1355,31
951,08	-1350,61
951,26	-1295,49
951,43	-1433,78
951,60	-1373,13
951,77	-1400,80
951,94	-1362,30
952,11	-1327,46
952,29	-1402,10
952,46	-1356,51
952,63	-1239,22
952,80	-1392,46
952,97	-1400,96
953,15	-1330,16
953,32	-1357,74
953,49	-1401,81
953,66	-1318,70
953,83	-1393,37
954,00	-1294,68
954,17	-1311,61
954,35	-1328,21
954,52	-1386,98
954,69	-1360,37
954,86	-1323,30
955,03	-1379,42
955,20	-1377,97
955,38	-1411,31
955,55	-1343,97
955,72	-1433,19
955,89	-1327,01
956,06	-1385,83
956,23	-1369,46
956,40	-1356,78
956,58	-1351,83
956,75	-1470,63
956,92	-1404,75
957,09	-1350,44
957,26	-1386,75
957,43	-1342,61
957,60	-1394,59
957,77	-1365,52
957,95	-1392,47
958,12	-1351,85
958,29	-1399,67
958,46	-1298,01
958,63	-1379,19
958,80	-1408,16
958,97	-1242,71
959,14	-1357,24
959,31	-1400,00
959,49	-1350,89
959,66	-1366,11
959,83	-1395,67
960,00	-1469,14
960,17	-1299,80
960,34	-1362,76
960,51	-1363,46
960,68	-1420,59
960,85	-1332,62
961,02	-1444,56
961,20	-1282,50
961,37	-1317,68
961,54	-1288,44
961,71	-1333,28
961,88	-1384,61
962,05	-1369,94
962,22	-1349,69
962,39	-1294,79
962,56	-1322,76
962,73	-1395,25
962,90	-1424,58
963,07	-1360,14
963,24	-1368,23
963,42	-1322,44
963,59	-1375,07
963,76	-1359,95
963,93	-1394,06
964,10	-1290,82
964,27	-1426,47
964,44	-1376,69
964,61	-1367,71
964,78	-1431,46
964,95	-1424,50
965,12	-1256,90
965,29	-1381,63
965,46	-1391,15
965,63	-1411,31
965,80	-1435,81
965,97	-1428,59
966,14	-1390,82
966,31	-1359,32
966,48	-1361,15
966,66	-1366,37
966,83	-1372,83
967,00	-1399,68
967,17	-1307,22
967,34	-1394,11
967,51	-1365,50
967,68	-1348,84
967,85	-1320,62
968,02	-1379,92
968,19	-1386,00
968,36	-1468,52
968,53	-1390,75
968,70	-1331,63
968,87	-1411,16
969,04	-1397,56
969,21	-1384,29
969,38	-1359,84
969,55	-1407,45
969,72	-1373,81
969,89	-1327,74
970,06	-1449,97
970,23	-1332,59
970,40	-1317,50
970,57	-1428,84
970,74	-1331,47
970,91	-1418,92
971,08	-1406,88
971,25	-1361,58
971,42	-1375,56
971,59	-1396,24
971,76	-1354,88
971,93	-1304,96
972,10	-1287,64
972,27	-1368,95
972,44	-1344,46
972,61	-1330,66
972,78	-1427,03
972,95	-1438,35
973,12	-1321,33
973,29	-1386,24
973,46	-1373,22
973,63	-1352,42
973,80	-1345,39
973,97	-1360,51
974,14	-1316,65
974,30	-1365,30
974,47	-1308,32
974,64	-1347,55
974,81	-1359,12
974,98	-1342,42
975,15	-1309,33
975,32	-1411,81
975,49	-1388,89
975,66	-1412,37
975,83	-1431,01
976,00	-1359,61
976,17	-1337,66
976,34	-1397,71
976,51	-1393,79
976,68	-1302,20
976,85	-1345,13
977,02	-1335,08
977,19	-1311,22
977,36	-1358,06
977,52	-1383,84
977,69	-1283,58
977,86	-1362,35
978,03	-1396,08
978,20	-1373,37
978,37	-1438,75
978,54	-1354,35
978,71	-1403,90
978,88	-1376,06
979,05	-1398,94
979,22	-1291,57
979,39	-1402,75
979,56	-1311,22
979,72	-1285,57
979,89	-1327,83
980,06	-1341,80
980,23	-1272,05
980,40	-1372,84
980,57	-1367,90
980,74	-1266,49
980,91	-1335,14
981,08	-1337,29
981,25	-1376,19
981,41	-1403,45
981,58	-1385,25
981,75	-1352,33
981,92	-1376,19
982,09	-1355,08
982,26	-1401,89
982,43	-1395,34
982,60	-1411,13
982,77	-1366,51
982,93	-1339,88
983,10	-1310,63
983,27	-1382,80
983,44	-1313,91
983,61	-1270,10
983,78	-1320,72
983,95	-1428,75
984,11	-1352,49
984,28	-1346,42
984,45	-1422,94
984,62	-1500,95
984,79	-1452,92
984,96	-1378,32
985,13	-1474,30
985,30	-1356,69
985,46	-1382,88
985,63	-1494,78
985,80	-1375,77
985,97	-1550,48
986,14	-1318,18
986,31	-1328,35
986,47	-1355,52
986,64	-1291,21
986,81	-1386,10
986,98	-1377,08
987,15	-1374,54
987,32	-1361,89
987,48	-1296,54
987,65	-1452,18
987,82	-1329,82
987,99	-1374,48
988,16	-1229,86
988,33	-1413,52
988,49	-1297,00
988,66	-1294,33
988,83	-1446,13
989,00	-1296,21
989,17	-1366,67
989,34	-1350,06
989,50	-1342,92
989,67	-1438,09
989,84	-1353,88
990,01	-1455,87
990,18	-1378,97
990,34	-1307,00
990,51	-1323,73
990,68	-1387,15
990,85	-1366,35
991,02	-1438,92
991,18	-1340,61
991,35	-1315,40
991,52	-1422,08
991,69	-1335,04
991,86	-1372,65
992,02	-1377,72
992,19	-1319,72
992,36	-1438,17
992,53	-1386,49
992,69	-1348,74
992,86	-1329,40
993,03	-1411,64
993,20	-1389,03
993,37	-1271,00
993,53	-1344,19
993,70	-1316,05
993,87	-1448,02
994,04	-1447,94
994,20	-1368,89
994,37	-1361,67
994,54	-1310,53
994,71	-1428,02
994,87	-1378,68
995,04	-1375,60
995,21	-1319,82
995,38	-1368,46
995,55	-1378,55
995,71	-1375,11
995,88	-1379,13
996,05	-1347,12
996,22	-1458,74
996,38	-1336,09
996,55	-1421,22
996,72	-1322,83
996,88	-1291,96
997,05	-1260,30
997,22	-1399,59
997,39	-1366,74
997,55	-1370,22
997,72	-1391,33
997,89	-1382,06
998,06	-1366,41
998,22	-1300,36
998,39	-1371,49
998,56	-1419,34
998,73	-1391,89
998,89	-1349,46
999,06	-1339,31
999,23	-1338,82
999,39	-1377,72
999,56	-1281,35
999,73	-1375,04
999,90	-1350,61
1000,06	-1323,99
1000,23	-1329,37
1000,40	-1283,26
1000,56	-1349,81
1000,73	-1400,99
1000,90	-1456,36
1001,06	-1374,04
1001,23	-1410,65
1001,40	-1320,56
1001,57	-1358,07
1001,73	-1350,37
1001,90	-1393,69
1002,07	-1395,90
1002,23	-1334,78
1002,40	-1405,74
1002,57	-1348,56
1002,73	-1421,07
1002,90	-1390,91
1003,07	-1382,83
1003,23	-1356,25
1003,40	-1449,57
1003,57	-1395,91
1003,73	-1410,24
1003,90	-1430,15
1004,07	-1394,84
1004,23	-1376,58
1004,40	-1389,69
1004,57	-1326,44
1004,73	-1368,63
1004,90	-1366,99
1005,07	-1377,50
1005,23	-1338,25
1005,40	-1325,13
1005,57	-1393,37
1005,73	-1332,92
1005,90	-1372,23
1006,07	-1292,75
1006,23	-1313,01
1006,40	-1313,49
1006,57	-1290,48
1006,73	-1357,83
1006,90	-1327,34
1007,06	-1392,30
1007,23	-1304,81
1007,40	-1436,29
1007,56	-1400,50
1007,73	-1354,02
1007,90	-1462,75
1008,06	-1372,39
1008,23	-1367,23
1008,40	-1364,17
1008,56	-1271,58
1008,73	-1411,88
1008,89	-1301,65
1009,06	-1298,39
1009,23	-1363,71
1009,39	-1331,78
1009,56	-1385,17
1009,72	-1409,26
1009,89	-1441,05
1010,06	-1375,94
1010,22	-1439,16
1010,39	-1308,33
1010,55	-1383,21
1010,72	-1316,58
1010,89	-1336,85
1011,05	-1417,87
1011,22	-1341,67
1011,38	-1457,02
1011,55	-1354,05
1011,72	-1408,68
1011,88	-1344,31
1012,05	-1356,16
1012,21	-1349,71
1012,38	-1276,01
1012,55	-1327,05
1012,71	-1371,99
1012,88	-1335,28
1013,04	-1383,21
1013,21	-1371,82
1013,37	-1337,72
1013,54	-1450,95
1013,71	-1398,12
1013,87	-1363,68
1014,04	-1317,31
1014,20	-1388,80
1014,37	-1318,99
1014,53	-1433,13
1014,70	-1306,28
1014,87	-1375,34
1015,03	-1340,37
1015,20	-1340,77
1015,36	-1372,81
1015,53	-1282,94
1015,69	-1388,64
1015,86	-1402,54
1016,02	-1381,27
1016,19	-1328,80
1016,36	-1330,78
1016,52	-1399,70
1016,69	-1361,22
1016,85	-1405,74
1017,02	-1379,63
1017,18	-1378,95
1017,35	-1370,78
1017,51	-1295,48
1017,68	-1291,52
1017,84	-1429,33
1018,01	-1352,41
1018,17	-1296,48
1018,34	-1338,16
1018,50	-1436,29
1018,67	-1381,74
1018,84	-1332,16
1019,00	-1380,18
1019,17	-1341,76
1019,33	-1304,08
1019,50	-1405,51
1019,66	-1396,68
1019,83	-1387,55
1019,99	-1428,94
1020,16	-1374,20
1020,32	-1310,48
1020,49	-1371,93
1020,65	-1367,42
1020,82	-1301,74
1020,98	-1363,52
1021,15	-1358,06
1021,31	-1331,40
1021,48	-1416,25
1021,64	-1297,89
1021,81	-1372,84
1021,97	-1371,41
1022,14	-1364,40
1022,30	-1432,28
1022,47	-1387,64
1022,63	-1386,56
1022,79	-1379,13
1022,96	-1394,11
1023,12	-1321,69
1023,29	-1377,89
1023,45	-1365,36
1023,62	-1263,65
1023,78	-1396,27
1023,95	-1286,41
1024,11	-1397,88
1024,28	-1384,35
1024,44	-1398,78
1024,61	-1392,05
1024,77	-1410,24
1024,94	-1281,67
1025,10	-1343,15
1025,26	-1390,66
1025,43	-1429,66
1025,59	-1301,63
1025,76	-1326,53
1025,92	-1421,23
1026,09	-1389,93
1026,25	-1406,16
1026,42	-1367,81
1026,58	-1392,38
1026,74	-1310,90
1026,91	-1367,11
1027,07	-1353,39
1027,24	-1323,92
1027,40	-1377,48
1027,57	-1394,94
1027,73	-1410,65
1027,90	-1275,99
1028,06	-1399,34
1028,22	-1286,97
1028,39	-1445,30
1028,55	-1382,65
1028,72	-1387,31
1028,88	-1427,15
1029,04	-1381,41
1029,21	-1304,15
1029,37	-1333,00
1029,54	-1321,25
1029,70	-1358,39
1029,87	-1396,56
1030,03	-1366,41
1030,19	-1354,52
1030,36	-1334,47
1030,52	-1365,03
1030,69	-1345,85
1030,85	-1347,90
1031,01	-1418,04
1031,18	-1388,47
1031,34	-1227,46
1031,50	-1404,18
1031,67	-1380,67
1031,83	-1336,00
1032,00	-1391,89
1032,16	-1252,23
1032,32	-1336,70
1032,49	-1366,56
1032,65	-1359,08
1032,82	-1314,46
1032,98	-1334,99
1033,14	-1416,22
1033,31	-1308,43
1033,47	-1274,68
1033,63	-1321,03
1033,80	-1364,86
1033,96	-1374,03
1034,13	-1437,19
1034,29	-1315,29
1034,45	-1365,28
1034,62	-1420,81
1034,78	-1378,34
1034,94	-1386,89
1035,11	-1335,17
1035,27	-1306,37
1035,43	-1346,70
1035,60	-1334,78
1035,76	-1349,70
1035,92	-1306,78
1036,09	-1347,33
1036,25	-1336,52
1036,41	-1312,54
1036,58	-1356,39
1036,74	-1343,87
1036,90	-1350,93
1037,07	-1327,35
1037,23	-1338,85
1037,39	-1360,69
1037,56	-1375,59
1037,72	-1320,05
1037,88	-1341,21
1038,05	-1423,02
1038,21	-1358,42
1038,37	-1437,70
1038,54	-1316,79
1038,70	-1337,30
1038,86	-1394,51
1039,03	-1439,25
1039,19	-1312,54
1039,35	-1369,28
1039,52	-1386,07
1039,68	-1393,86
1039,84	-1383,04
1040,00	-1334,07
1040,17	-1361,67
1040,33	-1381,66
1040,49	-1399,02
1040,66	-1376,35
1040,82	-1425,07
1040,98	-1369,23
1041,15	-1335,94
1041,31	-1397,80
1041,47	-1383,96
1041,63	-1272,37
1041,80	-1373,22
1041,96	-1344,01
1042,12	-1356,91
1042,29	-1368,24
1042,45	-1303,81
1042,61	-1405,74
1042,77	-1309,10
1042,94	-1332,80
1043,10	-1312,67
1043,26	-1413,43
1043,42	-1319,81
1043,59	-1398,15
1043,75	-1374,50
1043,91	-1316,69
1044,07	-1445,63
1044,24	-1321,79
1044,40	-1366,66
