345,22	-1428,88
345,44	-1428,88
345,66	-1428,88
345,88	-1393,25
346,10	-1346,12
346,32	-1324,03
346,54	-1277,21
346,75	-1306,57
346,97	-1405,69
347,19	-1372,55
347,41	-1321,67
347,63	-1382,93
347,85	-1417,32
348,07	-1332,30
348,29	-1389,71
348,51	-1317,39
348,73	-1380,64
348,95	-1414,21
349,16	-1364,48
349,38	-1264,00
349,60	-1360,26
349,82	-1330,62
350,04	-1359,98
350,26	-1380,48
350,48	-1324,87
350,70	-1358,61
350,92	-1293,81
351,14	-1293,89
351,35	-1279,92
351,57	-1296,12
351,79	-1238,79
352,01	-1350,31
352,23	-1371,63
352,45	-1346,50
352,67	-1329,56
352,89	-1357,78
353,10	-1333,22
353,32	-1276,47
353,54	-1254,29
353,76	-1232,57
353,98	-1280,75
354,20	-1310,80
354,42	-1306,13
354,64	-1299,67
354,85	-1239,11
355,07	-1188,78
355,29	-1277,23
355,51	-1350,00
355,73	-1303,10
355,95	-1232,55
356,17	-1344,31
356,38	-1285,56
356,60	-1322,75
356,82	-1349,03
357,04	-1343,87
357,26	-1313,73
357,48	-1314,58
357,69	-1322,26
357,91	-1333,47
358,13	-1345,44
358,35	-1313,32
358,57	-1334,00
358,79	-1299,37
359,01	-1334,57
359,22	-1399,10
359,44	-1344,17
359,66	-1280,94
359,88	-1271,28
360,10	-1348,43
360,32	-1272,51
360,53	-1312,74
360,75	-1409,48
360,97	-1288,62
361,19	-1298,98
361,41	-1292,63
361,62	-1307,08
361,84	-1331,95
362,06	-1332,40
362,28	-1350,25
362,50	-1250,16
362,72	-1289,96
362,93	-1353,59
363,15	-1266,77
363,37	-1305,33
363,59	-1267,06
363,81	-1354,58
364,02	-1320,36
364,24	-1236,09
364,46	-1364,33
364,68	-1340,66
364,90	-1227,87
365,11	-1372,89
365,33	-1245,05
365,55	-1268,89
365,77	-1359,02
365,99	-1357,20
366,20	-1303,44
366,42	-1417,21
366,64	-1282,66
366,86	-1318,22
367,07	-1320,38
367,29	-1284,05
367,51	-1282,44
367,73	-1367,77
367,95	-1388,14
368,16	-1249,32
368,38	-1265,32
368,60	-1222,70
368,82	-1346,26
369,03	-1292,21
369,25	-1227,33
369,47	-1260,90
369,69	-1356,06
369,91	-1346,70
370,12	-1350,82
370,34	-1315,93
370,56	-1336,65
370,78	-1327,40
370,99	-1250,16
371,21	-1230,06
371,43	-1345,08
371,65	-1300,51
371,86	-1276,08
372,08	-1268,39
372,30	-1365,09
372,52	-1272,40
372,73	-1324,44
372,95	-1291,18
373,17	-1287,74
373,39	-1290,76
373,60	-1305,97
373,82	-1290,69
374,04	-1255,26
374,26	-1320,77
374,47	-1229,35
374,69	-1313,93
374,91	-1314,21
375,12	-1362,32
375,34	-1317,06
375,56	-1323,99
375,78	-1292,82
375,99	-1290,05
376,21	-1284,30
376,43	-1352,80
376,65	-1276,93
376,86	-1259,53
377,08	-1236,16
377,30	-1304,30
377,51	-1354,11
377,73	-1301,35
377,95	-1338,05
378,17	-1269,36
378,38	-1274,24
378,60	-1260,24
378,82	-1304,50
379,03	-1241,03
379,25	-1298,89
379,47	-1232,40
379,68	-1337,38
379,90	-1343,60
380,12	-1273,29
380,34	-1346,07
380,55	-1359,67
380,77	-1332,81
380,99	-1296,93
381,20	-1242,82
381,42	-1367,02
381,64	-1389,00
381,85	-1359,85
382,07	-1286,60
382,29	-1302,29
382,50	-1226,92
382,72	-1257,23
382,94	-1292,91
383,15	-1304,64
383,37	-1302,04
383,59	-1263,40
383,80	-1281,61
384,02	-1348,66
384,24	-1333,26
384,45	-1325,80
384,67	-1322,86
384,89	-1359,00
385,10	-1326,99
385,32	-1342,10
385,54	-1273,18
385,75	-1314,99
385,97	-1187,86
386,19	-1311,68
386,40	-1289,57
386,62	-1281,26
386,84	-1281,03
387,05	-1338,88
387,27	-1276,69
387,49	-1367,55
387,70	-1337,75
387,92	-1288,78
388,14	-1259,07
388,35	-1196,53
388,57	-1362,00
388,79	-1359,95
389,00	-1264,18
389,22	-1318,28
389,43	-1194,57
389,65	-1211,15
389,87	-1307,33
390,08	-1345,58
390,30	-1329,61
390,52	-1341,71
390,73	-1340,05
390,95	-1236,18
391,17	-1270,26
391,38	-1211,65
391,60	-1338,54
391,81	-1340,23
392,03	-1324,84
392,25	-1267,78
392,46	-1323,69
392,68	-1320,94
392,89	-1335,93
393,11	-1306,80
393,33	-1222,12
393,54	-1278,50
393,76	-1238,57
393,98	-1350,34
394,19	-1318,40
394,41	-1244,28
394,62	-1295,43
394,84	-1275,33
395,06	-1339,27
395,27	-1292,60
395,49	-1241,23
395,70	-1346,08
395,92	-1309,13
396,13	-1337,50
396,35	-1359,95
396,57	-1314,69
396,78	-1289,57
397,00	-1299,90
397,21	-1256,17
397,43	-1300,94
397,65	-1282,64
397,86	-1274,89
398,08	-1317,43
398,29	-1296,49
398,51	-1279,00
398,72	-1245,90
398,94	-1228,03
399,16	-1309,96
399,37	-1351,46
399,59	-1298,97
399,80	-1291,37
400,02	-1246,05
400,23	-1241,61
400,45	-1365,99
400,67	-1237,48
400,88	-1304,13
401,10	-1255,97
401,31	-1334,87
401,53	-1331,12
401,74	-1245,35
401,96	-1351,46
402,17	-1319,89
402,39	-1329,05
402,61	-1237,58
402,82	-1299,60
403,04	-1223,46
403,25	-1265,41
403,47	-1241,61
403,68	-1354,73
403,90	-1219,63
404,11	-1284,59
404,33	-1276,29
404,54	-1266,37
404,76	-1282,45
404,97	-1306,79
405,19	-1235,22
405,41	-1286,07
405,62	-1297,14
405,84	-1220,26
406,05	-1212,49
406,27	-1277,62
406,48	-1239,90
406,70	-1249,67
406,91	-1255,15
407,13	-1192,81
407,34	-1219,56
407,56	-1296,19
407,77	-1219,36
407,99	-1342,53
408,20	-1222,93
408,42	-1256,58
408,63	-1286,27
408,85	-1256,20
409,06	-1168,43
409,28	-1157,31
409,49	-1174,26
409,71	-1283,80
409,92	-1158,19
410,14	-1184,97
410,35	-1145,06
410,57	-1208,66
410,78	-1137,03
411,00	-1207,71
411,21	-1239,96
411,43	-1164,19
411,64	-1175,58
411,86	-1166,06
412,07	-1096,23
412,29	-1155,74
412,50	-1061,52
412,72	-1144,19
412,93	-1092,46
413,15	-1087,46
413,36	-1085,13
413,58	-1110,50
413,79	-981,94
414,01	-1087,95
414,22	-1036,22
414,43	-1048,76
414,65	-1014,22
414,86	-923,36
415,08	-897,00
415,29	-939,94
415,51	-970,59
415,72	-902,99
415,94	-901,03
416,15	-858,24
416,37	-791,08
416,58	-881,22
416,80	-832,49
417,01	-768,85
417,22	-676,44
417,44	-648,10
417,65	-715,77
417,87	-559,44
418,08	-543,60
418,30	-564,00
418,51	-540,42
418,73	-623,22
418,94	-381,67
419,15	-372,06
419,37	-331,77
419,58	-406,40
419,80	-318,51
420,01	-343,66
420,23	-206,75
420,44	-141,68
420,65	-152,55
420,87	-186,06
421,08	-41,87
421,30	58,13
421,51	44,66
421,73	142,07
421,94	284,53
422,15	257,39
422,37	367,07
422,58	330,77
422,80	364,29
423,01	660,79
423,22	649,63
423,44	625,31
423,65	812,77
423,87	881,45
424,08	759,47
424,29	1015,58
424,51	1099,18
424,72	1122,46
424,94	1146,67
425,15	1288,90
425,36	1429,75
425,58	1453,14
425,79	1509,06
426,01	1667,76
426,22	1618,28
426,43	1973,78
426,65	2035,03
426,86	2242,55
427,08	2292,35
427,29	2375,69
427,50	2416,12
427,72	2439,35
427,93	2365,41
428,14	2574,99
428,36	2905,56
428,57	3049,88
428,79	3098,33
429,00	3055,46
429,21	3217,09
429,43	3387,70
429,64	3525,01
429,85	3698,54
430,07	3930,84
430,28	3934,29
430,49	4146,64
430,71	4411,69
430,92	4591,18
431,14	4529,44
431,35	4871,00
431,56	4876,47
431,78	5090,47
431,99	5281,19
432,20	5783,65
432,42	5669,67
432,63	6131,20
432,84	6114,46
433,06	5998,08
433,27	6268,53
433,48	6671,24
433,70	6581,30
433,91	6805,60
434,12	6765,36
434,34	7327,44
434,55	7593,79
434,76	7924,01
434,98	7962,62
435,19	8156,86
435,40	8428,95
435,62	8660,92
435,83	8825,83
436,04	9119,11
436,26	9269,31
436,47	9387,41
436,68	9195,54
436,90	10108,42
437,11	10462,78
437,32	10903,04
437,54	11543,63
437,75	11199,72
437,96	11854,92
438,17	11905,33
438,39	11916,78
438,60	12429,99
438,81	12888,60
439,03	13922,50
439,24	14376,24
439,45	14696,05
439,67	14513,21
439,88	14814,18
440,09	14749,22
440,30	15098,33
440,52	15373,81
440,73	16445,18
440,94	16744,33
441,16	16765,62
441,37	17205,93
441,58	17629,95
441,80	18838,28
442,01	18578,71
442,22	19257,33
442,43	18912,11
442,65	19524,79
442,86	19367,46
443,07	20546,81
443,28	20295,69
443,50	21520,08
443,71	21764,93
443,92	21578,02
444,14	21369,60
444,35	22607,04
444,56	22719,31
444,77	23650,57
444,99	22172,92
445,20	23029,36
445,41	23597,73
445,62	24096,33
445,84	24350,88
446,05	24694,99
446,26	25243,06
446,47	23007,04
446,69	23537,27
446,90	25406,39
447,11	24422,20
447,32	23520,04
447,54	23948,00
447,75	23917,28
447,96	23499,06
448,17	23075,52
448,39	24535,39
448,60	22977,45
448,81	23715,86
449,02	22922,33
449,23	23187,78
449,45	24330,44
449,66	22555,56
449,87	22680,23
450,08	22622,98
450,30	21850,06
450,51	22347,61
450,72	21847,97
450,93	22153,75
451,15	21302,69
451,36	20159,69
451,57	20116,30
451,78	19377,21
451,99	20367,50
452,21	20370,37
452,42	18966,42
452,63	18254,20
452,84	17588,08
453,05	17990,74
453,27	17493,77
453,48	16952,36
453,69	16454,44
453,90	16461,09
454,11	16117,95
454,33	15139,89
454,54	15388,24
454,75	15302,71
454,96	15135,79
455,17	14093,86
455,39	13718,03
455,60	13866,87
455,81	13652,09
456,02	12602,10
456,23	11933,92
456,45	12336,26
456,66	11447,42
456,87	10946,02
457,08	11381,10
457,29	11044,25
457,50	10545,14
457,72	10086,60
457,93	9876,48
458,14	10379,70
458,35	10089,18
458,56	9590,98
458,77	9289,08
458,99	9213,31
459,20	8548,59
459,41	8846,66
459,62	7976,09
459,83	8132,39
460,04	8563,64
460,26	8095,40
460,47	7692,71
460,68	7315,35
460,89	7345,29
461,10	7157,44
461,31	7249,32
461,52	7136,81
461,74	6754,73
461,95	6645,04
462,16	6908,71
462,37	6695,01
462,58	6571,36
462,79	6427,55
463,00	6440,13
463,22	6347,34
463,43	6038,21
463,64	5926,92
463,85	6078,15
464,06	6098,36
464,27	5707,94
464,48	5739,48
464,70	5774,74
464,91	5770,40
465,12	5790,85
465,33	5852,53
465,54	5514,66
465,75	5589,51
465,96	5706,57
466,17	5353,99
466,38	5536,17
466,60	5234,02
466,81	5232,30
467,02	5571,70
467,23	5068,86
467,44	4898,17
467,65	4910,70
467,86	4995,90
468,07	5207,56
468,28	5172,01
468,50	4727,19
468,71	4714,89
468,92	4726,44
469,13	4543,70
469,34	4479,87
469,55	4649,75
469,76	4655,69
469,97	4278,53
470,18	4599,50
470,39	4507,81
470,60	4200,52
470,82	4195,76
471,03	4118,39
471,24	4282,38
471,45	4091,15
471,66	4086,40
471,87	4120,28
472,08	3891,69
472,29	3923,09
472,50	3825,45
472,71	3868,18
472,92	3782,22
473,13	3863,55
473,34	3816,21
473,55	3726,13
473,77	3876,87
473,98	3747,38
474,19	3693,77
474,40	3805,45
474,61	3703,86
474,82	3527,33
475,03	3414,01
475,24	3435,60
475,45	3572,51
475,66	3762,44
475,87	3611,42
476,08	3656,23
476,29	3613,93
476,50	3692,83
476,71	3698,87
476,92	3658,35
477,13	3649,82
477,34	3564,32
477,55	3600,01
477,76	3595,60
477,97	3584,79
478,18	3751,33
478,40	3635,16
478,61	3745,23
478,82	3661,29
479,03	3700,26
479,24	3584,83
479,45	4000,11
479,66	3706,89
479,87	3731,83
480,08	3681,92
480,29	3825,93
480,50	3783,31
480,71	3840,17
480,92	3917,25
481,13	3858,87
481,34	3863,00
481,55	3983,75
481,76	4160,86
481,97	4059,32
482,18	4046,96
482,39	3998,37
482,60	4100,42
482,81	4166,90
483,02	4221,79
483,23	4154,74
483,44	4296,55
483,65	4206,56
483,86	4287,98
484,07	4336,04
484,28	4527,25
484,49	4445,92
484,70	4418,96
484,91	4599,41
485,12	4486,07
485,33	4519,24
485,54	4533,51
485,75	4545,64
485,96	4543,18
486,17	4785,50
486,38	4841,16
486,59	4879,39
486,80	4772,59
487,01	4944,81
487,21	5128,11
487,42	5069,41
487,63	5064,37
487,84	5148,47
488,05	5338,63
488,26	5355,64
488,47	5375,67
488,68	5432,22
488,89	5629,75
489,10	5637,40
489,31	5731,09
489,52	5793,31
489,73	5721,29
489,94	5715,11
490,15	5931,53
490,36	6054,99
490,57	6070,11
490,78	6260,22
490,99	6297,18
491,20	6474,04
491,41	6691,07
491,61	6620,73
491,82	6741,76
492,03	6952,43
492,24	7082,60
492,45	7131,83
492,66	7177,34
492,87	7483,39
493,08	7368,39
493,29	7749,17
493,50	7785,86
493,71	8040,66
493,92	8110,76
494,13	8274,81
494,34	8295,38
494,54	8497,12
494,75	8602,99
494,96	8920,37
495,17	8952,45
495,38	9274,23
495,59	9674,90
495,80	9524,10
496,01	9793,55
496,22	9827,03
496,43	10036,67
496,64	10294,58
496,84	10508,79
497,05	10678,74
497,26	10830,45
497,47	10999,27
497,68	11155,10
497,89	11430,85
498,10	11715,26
498,31	11831,12
498,52	11979,93
498,72	12346,54
498,93	12507,08
499,14	12715,99
499,35	13012,82
499,56	13223,15
499,77	13683,35
499,98	13755,79
500,19	13974,66
500,40	13907,33
500,60	14190,43
500,81	14637,88
501,02	14719,35
501,23	15089,57
501,44	15582,79
501,65	15540,93
501,86	15635,46
502,06	16069,98
502,27	16276,12
502,48	16647,82
502,69	16806,16
502,90	17024,88
503,11	17216,81
503,32	17621,67
503,53	17736,99
503,73	17995,30
503,94	18361,33
504,15	18786,13
504,36	18902,89
504,57	19346,78
504,78	19538,42
504,98	19766,22
505,19	19734,30
505,40	20356,45
505,61	20553,35
505,82	20663,72
506,03	20996,22
506,23	21579,13
506,44	22028,49
506,65	21838,53
506,86	22081,79
507,07	22399,81
507,28	22911,85
507,48	23123,10
507,69	23411,67
507,90	23588,94
508,11	23942,75
508,32	24249,46
508,53	24623,38
508,73	24911,49
508,94	24871,65
509,15	25184,18
509,36	25801,40
509,57	25774,56
509,77	26304,58
509,98	26600,36
510,19	26494,40
510,40	27152,09
510,61	27429,56
510,81	27843,51
511,02	27998,24
511,23	28337,73
511,44	28506,42
511,65	28611,77
511,85	29227,66
512,06	29178,80
512,27	29543,46
512,48	30306,09
512,69	30398,05
512,89	30729,90
513,10	30573,20
513,31	31327,15
513,52	31297,94
513,73	31818,47
513,93	32081,51
514,14	32208,24
514,35	32752,63
514,56	32764,73
514,76	33294,27
514,97	33520,02
515,18	33961,09
515,39	34434,19
515,60	34343,39
515,80	34671,79
516,01	34625,37
516,22	35016,71
516,43	35598,76
516,63	35878,03
516,84	36035,93
517,05	36381,67
517,26	36584,01
517,46	36900,59
517,67	37189,78
517,88	37266,82
518,09	37226,70
518,29	38069,85
518,50	38230,88
518,71	38618,61
518,92	38992,24
519,12	38825,52
519,33	39312,03
519,54	39908,98
519,75	39975,77
519,95	40125,16
520,16	40617,36
520,37	40485,50
520,57	40940,29
520,78	41373,10
520,99	41600,24
521,20	41754,25
521,40	42281,65
521,61	41747,48
521,82	42455,64
522,03	42624,40
522,23	42717,47
522,44	43185,03
522,65	43160,30
522,85	43287,94
523,06	43484,42
523,27	44023,12
523,48	44236,65
523,68	44643,00
523,89	44935,76
524,10	44734,82
524,30	45099,29
524,51	45186,52
524,72	45522,33
524,93	45649,05
525,13	45929,95
525,34	46382,49
525,55	46324,43
525,75	46490,34
525,96	46662,97
526,17	46818,44
526,37	47043,37
526,58	47083,04
526,79	47316,94
526,99	47202,40
527,20	47861,91
527,41	47764,95
527,62	48161,25
527,82	48211,04
528,03	48688,89
528,24	48528,65
528,44	49390,17
528,65	49318,03
528,86	49438,82
529,06	49011,48
529,27	49503,01
529,48	49694,39
529,68	49375,73
529,89	49764,59
530,10	49653,13
530,30	50402,93
530,51	50421,05
530,72	50802,21
530,92	50443,53
531,13	51133,33
531,34	51123,04
531,54	51042,07
531,75	51102,04
531,96	51068,57
532,16	51205,78
532,37	51470,52
532,57	51796,74
532,78	51742,19
532,99	51904,32
533,19	52085,37
533,40	52257,58
533,61	51730,35
533,81	51748,46
534,02	52371,35
534,23	52424,24
534,43	52423,35
534,64	52391,81
534,84	52620,11
535,05	52925,71
535,26	52841,63
535,46	52684,91
535,67	52806,52
535,88	52802,96
536,08	53356,31
536,29	53170,76
536,49	53184,80
536,70	53485,19
536,91	53506,41
537,11	53772,02
537,32	53392,72
537,53	53939,14
537,73	53815,91
537,94	54065,62
538,14	54183,98
538,35	53505,40
538,56	54031,08
538,76	53719,65
538,97	53956,26
539,17	54269,10
539,38	54196,74
539,59	54802,13
539,79	54455,38
540,00	54411,75
540,20	54188,38
540,41	54693,14
540,62	54520,92
540,82	55029,83
541,03	54406,48
541,23	54897,20
541,44	54866,45
541,64	54763,06
541,85	54995,23
542,06	55089,98
542,26	55303,79
542,47	55220,01
542,67	55113,93
542,88	55068,90
543,08	54953,40
543,29	55382,81
543,50	55486,09
543,70	55347,64
543,91	55297,28
544,11	56091,35
544,32	55821,77
544,52	55351,33
544,73	55560,36
544,94	55553,94
545,14	55449,04
545,35	55819,29
545,55	55989,86
545,76	55715,89
545,96	55874,47
546,17	55879,43
546,37	56067,58
546,58	55629,79
546,78	55971,77
546,99	55922,93
547,20	56366,01
547,40	56166,07
547,61	56213,18
547,81	56286,27
548,02	56156,13
548,22	56359,15
548,43	55908,86
548,63	56166,85
548,84	55988,95
549,04	56739,40
549,25	56399,00
549,45	56323,77
549,66	56332,40
549,86	56465,12
550,07	56642,16
550,27	56547,53
550,48	56539,42
550,69	56472,03
550,89	56693,29
551,10	56687,00
551,30	56984,89
551,51	56517,47
551,71	56311,97
551,92	56593,17
552,12	56647,47
552,33	57159,78
552,53	56534,91
552,74	56467,23
552,94	56864,11
553,15	56817,59
553,35	56390,50
553,56	57008,68
553,76	56432,42
553,97	56683,64
554,17	57014,47
554,38	56631,84
554,58	56821,66
554,79	56812,13
554,99	57097,34
555,19	57187,16
555,40	56510,65
555,60	57010,49
555,81	57041,81
556,01	56820,65
556,22	57086,49
556,42	57396,63
556,63	56928,58
556,83	57142,88
557,04	56871,91
557,24	57490,17
557,45	56824,63
557,65	57352,03
557,86	56990,48
558,06	57235,12
558,27	56755,16
558,47	57191,58
558,67	57324,66
558,88	56739,37
559,08	57398,98
559,29	57134,48
559,49	57055,88
559,70	57807,10
559,90	57265,31
560,11	57208,10
560,31	56787,23
560,52	57075,53
560,72	56702,14
560,92	57301,20
561,13	57122,37
561,33	56934,77
561,54	57282,36
561,74	56926,33
561,95	57321,03
562,15	57430,46
562,35	57283,30
562,56	57416,80
562,76	56938,12
562,97	57151,96
563,17	57201,27
563,38	57267,31
563,58	57071,08
563,78	57361,84
563,99	56902,78
564,19	56993,88
564,40	56781,06
564,60	57362,15
564,80	57202,28
565,01	57457,89
565,21	56909,68
565,42	57495,74
565,62	56822,25
565,83	56725,93
566,03	56966,65
566,23	57007,44
566,44	56819,82
566,64	56806,92
566,85	57045,19
567,05	56889,66
567,25	56423,18
567,46	56798,04
567,66	56662,20
567,86	56784,75
568,07	56689,39
568,27	56746,66
568,48	56939,37
568,68	57114,07
568,88	56665,46
569,09	56661,76
569,29	56898,38
569,50	56775,32
569,70	56525,60
569,90	56409,49
570,11	56232,01
570,31	56181,12
570,51	56554,80
570,72	56181,27
570,92	56019,23
571,13	56067,54
571,33	56415,46
571,53	56153,22
571,74	55878,88
571,94	56050,20
572,14	55660,67
572,35	56054,52
572,55	55492,37
572,75	55585,52
572,96	55637,13
573,16	55781,10
573,36	55614,85
573,57	55663,54
573,77	55327,48
573,97	55939,64
574,18	55350,73
574,38	55256,33
574,59	55096,66
574,79	55377,57
574,99	55210,36
575,20	54976,07
575,40	55006,79
575,60	55307,00
575,81	54904,37
576,01	55213,71
576,21	54778,78
576,42	54744,91
576,62	54911,48
576,82	54499,95
577,02	54308,36
577,23	54555,80
577,43	54896,44
577,63	54876,24
577,84	54700,78
578,04	54237,26
578,24	54029,52
578,45	54486,27
578,65	53917,57
578,85	53730,00
579,06	53702,94
579,26	53934,86
579,46	54280,48
579,67	53756,37
579,87	53626,13
580,07	53575,79
580,27	52898,89
580,48	53568,78
580,68	53219,37
580,88	52989,91
581,09	53324,13
581,29	52669,10
581,49	52935,97
581,69	53033,23
581,90	52733,62
582,10	53019,89
582,30	52334,21
582,51	52331,78
582,71	52299,22
582,91	52510,64
583,11	52263,32
583,32	51984,94
583,52	52016,35
583,72	51840,80
583,93	51716,08
584,13	52075,40
584,33	51774,25
584,53	51611,32
584,74	51262,61
584,94	51201,06
585,14	51090,26
585,34	50983,43
585,55	51097,51
585,75	51015,13
585,95	50611,47
586,15	50537,51
586,36	50785,21
586,56	50249,11
586,76	50406,74
586,96	49916,64
587,17	49885,03
587,37	50069,73
587,57	49858,09
587,77	49925,55
587,98	50095,60
588,18	49570,31
588,38	49613,01
588,58	49200,26
588,79	49239,16
588,99	48922,21
589,19	49046,14
589,39	48784,66
589,60	48755,01
589,80	48778,66
590,00	48357,83
590,20	48699,57
590,40	48286,84
590,61	48070,51
590,81	48263,42
591,01	48104,69
591,21	47839,97
591,42	47611,20
591,62	47748,57
591,82	47410,55
592,02	47548,44
592,22	47604,69
592,43	47004,02
592,63	46950,41
592,83	46730,53
593,03	46921,81
593,23	46539,74
593,44	46951,00
593,64	46207,80
593,84	46542,18
594,04	46035,58
594,24	46185,60
594,45	46456,79
594,65	45993,14
594,85	45892,42
595,05	45408,58
595,25	45803,65
595,46	45632,55
595,66	45449,88
595,86	45246,70
596,06	45080,68
596,26	45182,20
596,46	45258,54
596,67	44982,48
596,87	44464,80
597,07	44683,26
597,27	44295,37
597,47	44439,81
597,67	44322,21
597,88	44315,22
598,08	44194,51
598,28	43843,01
598,48	43755,73
598,68	43843,86
598,88	43488,67
599,09	43694,74
599,29	43435,90
599,49	43310,67
599,69	43332,60
599,89	43126,22
600,09	43171,38
600,30	42949,54
600,50	42871,05
600,70	43008,65
600,90	42584,79
601,10	42589,14
601,30	42304,24
601,50	42543,89
601,71	41775,63
601,91	42121,33
602,11	42084,18
602,31	41964,56
602,51	41650,48
602,71	41663,66
602,91	41530,20
603,11	41719,60
603,32	40980,93
603,52	41183,19
603,72	41310,05
603,92	41250,64
604,12	40430,65
604,32	40648,05
604,52	40518,27
604,72	41110,28
604,93	40434,79
605,13	40367,55
605,33	40249,39
605,53	40104,22
605,73	39740,27
605,93	39907,34
606,13	39295,05
606,33	39807,29
606,53	39300,41
606,74	39412,55
606,94	39480,47
607,14	39173,28
607,34	39142,72
607,54	38857,54
607,74	39152,66
607,94	38606,92
608,14	38778,82
608,34	38822,53
608,54	38498,39
608,74	38457,49
608,95	38337,27
609,15	38084,59
609,35	37893,23
609,55	37674,05
609,75	37426,43
609,95	37798,35
610,15	37462,53
610,35	37751,30
610,55	37201,12
610,75	37060,26
610,95	37072,29
611,15	37135,34
611,35	36568,44
611,55	36754,26
611,76	36720,87
611,96	36727,56
612,16	36380,97
612,36	36448,58
612,56	36282,54
612,76	36148,51
612,96	35966,15
613,16	35999,64
613,36	35826,81
613,56	35765,38
613,76	35153,83
613,96	35389,90
614,16	35477,29
614,36	35356,54
614,56	35033,18
614,76	35144,35
614,96	35002,49
615,16	34712,63
615,36	34741,46
615,56	34562,04
615,76	34316,33
615,97	34599,65
616,17	34257,54
616,37	34302,52
616,57	34207,99
616,77	34015,69
616,97	34058,50
617,17	33828,18
617,37	33841,59
617,57	33565,48
617,77	33725,98
617,97	33034,49
618,17	33148,72
618,37	33264,95
618,57	33282,25
618,77	32560,61
618,97	32709,89
619,17	32337,75
619,37	32705,45
619,57	32500,91
619,77	32146,15
619,97	32228,38
620,17	32062,75
620,37	32242,73
620,57	31838,55
620,77	31932,52
620,97	31729,43
621,17	31472,54
621,37	31354,57
621,57	31338,37
621,77	31196,79
621,97	31474,79
622,17	31060,97
622,37	31214,74
622,57	30609,12
622,77	30650,15
622,97	30475,25
623,17	30465,48
623,37	30368,09
623,57	30218,72
623,77	30156,56
623,97	29830,66
624,16	29789,91
624,36	30010,39
624,56	29788,13
624,76	29727,64
624,96	29721,14
625,16	29523,36
625,36	29132,89
625,56	29200,51
625,76	29151,04
625,96	28646,96
626,16	28777,61
626,36	29058,81
626,56	28698,03
626,76	28490,25
626,96	28362,16
627,16	28312,15
627,36	28112,25
627,56	28104,01
627,76	28061,25
627,96	27609,57
628,16	27860,06
628,35	27523,20
628,55	27521,36
628,75	27577,34
628,95	27472,23
629,15	27288,03
629,35	27327,36
629,55	27080,20
629,75	26639,35
629,95	26964,59
630,15	26515,99
630,35	26784,14
630,55	26461,18
630,75	26416,66
630,95	25958,51
631,14	26365,16
631,34	26142,23
631,54	26247,34
631,74	25900,17
631,94	25655,88
632,14	25716,09
632,34	25440,71
632,54	25545,83
632,74	25209,67
632,94	25429,32
633,14	25243,73
633,33	25148,74
633,53	25048,00
633,73	24960,51
633,93	24881,10
634,13	25006,38
634,33	24872,40
634,53	24734,07
634,73	24586,49
634,93	24475,75
635,12	24155,89
635,32	24156,43
635,52	24097,64
635,72	24083,17
635,92	23844,24
636,12	23475,19
636,32	23629,66
636,52	23660,18
636,71	23609,55
636,91	23270,93
637,11	23180,43
637,31	23204,62
637,51	23138,93
637,71	23064,98
637,91	22907,27
638,11	22624,00
638,30	22637,21
638,50	22764,15
638,70	22554,51
638,90	22379,17
639,10	22314,89
639,30	22204,41
639,50	21947,65
639,69	22142,65
639,89	21822,16
640,09	21674,73
640,29	21819,13
640,49	21473,14
640,69	21586,47
640,88	21212,85
641,08	21213,98
641,28	21305,74
641,48	20855,93
641,68	20610,80
641,88	20891,15
642,07	20795,94
642,27	20866,16
642,47	20512,85
642,67	20563,15
642,87	20495,75
643,07	20340,81
643,26	20261,54
643,46	20133,98
643,66	19963,06
643,86	20032,16
644,06	19815,31
644,26	19832,82
644,45	19586,38
644,65	19762,22
644,85	19385,19
645,05	19374,85
645,25	19304,01
645,44	19267,65
645,64	19011,57
645,84	19092,20
646,04	18951,27
646,24	18828,54
646,43	18842,91
646,63	18610,45
646,83	18639,85
647,03	18407,21
647,23	18462,40
647,42	18463,71
647,62	18014,77
647,82	18148,71
648,02	18123,91
648,22	17825,28
648,41	17994,70
648,61	17710,19
648,81	17690,32
649,01	17514,25
649,20	17561,35
649,40	17463,58
649,60	17435,68
649,80	17114,11
650,00	17094,08
650,19	17032,40
650,39	16896,52
650,59	16816,53
650,79	16729,23
650,98	16824,60
651,18	16623,78
651,38	16495,15
651,58	16387,30
651,77	16315,08
651,97	16152,23
652,17	16229,46
652,37	16151,53
652,56	16048,54
652,76	15819,04
652,96	15775,40
653,16	15865,74
653,35	15630,30
653,55	15503,81
653,75	15487,08
653,95	15443,28
654,14	15214,82
654,34	15245,95
654,54	15278,82
654,74	15094,11
654,93	14954,62
655,13	14902,16
655,33	14735,58
655,52	14689,34
655,72	14514,35
655,92	14465,98
656,12	14500,31
656,31	14400,21
656,51	14107,06
656,71	14205,70
656,91	14377,01
657,10	13925,83
657,30	14232,64
657,50	13786,20
657,69	13769,99
657,89	13981,14
658,09	13718,68
658,29	13665,74
658,48	13695,88
658,68	13564,72
658,88	13560,20
659,07	13391,16
659,27	13196,57
659,47	13166,56
659,66	13180,94
659,86	12973,24
660,06	12856,60
660,26	12670,53
660,45	12819,88
660,65	12650,46
660,85	12532,48
661,04	12697,00
661,24	12611,16
661,44	12344,26
661,63	12327,60
661,83	12330,01
662,03	12212,79
662,22	11997,06
662,42	12176,61
662,62	11939,48
662,81	11923,42
663,01	11884,69
663,21	11859,49
663,40	11571,21
663,60	11677,06
663,80	11535,66
663,99	11610,31
664,19	11337,56
664,39	11399,12
664,58	11222,79
664,78	11350,46
664,98	11117,93
665,17	11080,18
665,37	11006,92
665,57	10792,59
665,76	10812,06
665,96	10878,61
666,16	10835,94
666,35	10847,21
666,55	10478,17
666,74	10738,53
666,94	10556,67
667,14	10410,06
667,33	10460,34
667,53	10360,29
667,73	10136,48
667,92	10213,83
668,12	10108,76
668,32	10207,89
668,51	9878,15
668,71	10031,51
668,90	9854,42
669,10	9718,17
669,30	9776,14
669,49	9697,58
669,69	9545,14
669,89	9567,82
670,08	9413,69
670,28	9426,89
670,47	9350,99
670,67	9371,51
670,87	9258,95
671,06	9131,35
671,26	9111,59
671,45	9108,85
671,65	8947,10
671,85	9018,75
672,04	8846,02
672,24	9035,16
672,43	8815,94
672,63	8710,11
672,83	8651,17
673,02	8583,47
673,22	8703,12
673,41	8431,92
673,61	8526,64
673,81	8417,97
674,00	8473,46
674,20	8244,24
674,39	8376,02
674,59	8238,51
674,78	8195,29
674,98	8125,98
675,18	8041,48
675,37	8132,18
675,57	7963,86
675,76	7920,15
675,96	7844,70
676,15	7776,23
676,35	7780,63
676,55	7707,44
676,74	7720,01
676,94	7681,70
677,13	7543,58
677,33	7458,48
677,52	7411,38
677,72	7325,37
677,91	7380,86
678,11	7283,61
678,31	7351,39
678,50	7255,54
678,70	7281,01
678,89	7084,44
679,09	7137,84
679,28	6970,17
679,48	6961,13
679,67	6978,70
679,87	7110,41
680,06	6634,85
680,26	6621,35
680,46	6750,87
680,65	6712,63
680,85	6732,84
681,04	6523,77
681,24	6547,65
681,43	6487,56
681,63	6571,77
681,82	6462,46
682,02	6447,98
682,21	6333,31
682,41	6425,89
682,60	6246,37
682,80	6153,56
682,99	6222,45
683,19	6154,84
683,38	6003,94
683,58	6116,91
683,77	6015,02
683,97	5980,84
684,16	6051,40
684,36	5956,80
684,55	5921,02
684,75	5863,58
684,94	5758,41
685,14	5780,42
685,33	5474,28
685,53	5740,07
685,72	5608,16
685,92	5566,00
686,11	5525,20
686,31	5591,72
686,50	5560,29
686,70	5512,04
686,89	5373,53
687,09	5431,26
687,28	5398,61
687,48	5273,49
687,67	5411,97
687,87	5204,58
688,06	5233,22
688,26	5240,82
688,45	5167,82
688,65	5019,50
688,84	5026,75
689,03	5025,46
689,23	4851,51
689,42	4961,62
689,62	4873,78
689,81	4872,79
690,01	4850,64
690,20	4783,84
690,40	4772,50
690,59	4738,70
690,79	4639,53
690,98	4757,86
691,17	4656,91
691,37	4626,54
691,56	4588,01
691,76	4479,00
691,95	4450,60
692,15	4452,83
692,34	4562,26
692,54	4411,05
692,73	4407,77
692,92	4293,17
693,12	4315,86
693,31	4180,81
693,51	4200,77
693,70	4143,23
693,90	4197,10
694,09	4096,84
694,28	4058,04
694,48	4121,04
694,67	4138,64
694,87	4058,38
695,06	3957,49
695,26	3784,90
695,45	3809,60
695,64	3899,23
695,84	3755,06
696,03	3841,25
696,23	3794,98
696,42	3784,51
696,61	3645,18
696,81	3675,32
697,00	3732,40
697,20	3723,76
697,39	3478,07
697,58	3610,33
697,78	3546,41
697,97	3499,52
698,17	3459,78
698,36	3411,15
698,55	3445,44
698,75	3377,19
698,94	3378,59
699,14	3453,33
699,33	3277,73
699,52	3341,96
699,72	3272,73
699,91	3101,47
700,10	3142,80
700,30	2967,56
700,49	3098,77
700,69	3143,86
700,88	3103,43
701,07	3080,53
701,27	2919,99
701,46	2861,86
701,65	2900,34
701,85	2870,19
702,04	2908,56
702,23	2948,66
702,43	2882,79
702,62	2904,31
702,82	2831,45
703,01	2828,87
703,20	2829,32
703,40	2775,66
703,59	2769,43
703,78	2752,71
703,98	2667,51
704,17	2651,58
704,36	2582,00
704,56	2522,07
704,75	2546,54
704,94	2354,61
705,14	2493,63
705,33	2401,29
705,52	2423,76
705,72	2348,88
705,91	2414,53
706,10	2299,73
706,30	2365,27
706,49	2239,57
706,68	2298,97
706,88	2296,59
707,07	2243,62
707,26	2235,27
707,46	2251,25
707,65	2300,73
707,84	2136,45
708,04	2121,95
708,23	2095,42
708,42	2241,09
708,62	2076,23
708,81	1978,28
709,00	1986,38
709,19	2023,12
709,39	1963,04
709,58	1998,30
709,77	1932,56
709,97	1895,95
710,16	1831,62
710,35	1842,63
710,55	1840,04
710,74	1872,43
710,93	1869,53
711,12	1905,88
711,32	1743,53
711,51	1769,47
711,70	1710,81
711,90	1711,25
712,09	1701,58
712,28	1602,18
712,47	1662,03
712,67	1683,07
712,86	1594,02
713,05	1680,28
713,24	1419,13
713,44	1563,48
713,63	1532,37
713,82	1471,05
714,02	1480,57
714,21	1533,98
714,40	1448,10
714,59	1436,18
714,79	1466,16
714,98	1533,24
715,17	1390,90
715,36	1319,55
715,56	1355,41
715,75	1389,52
715,94	1325,51
716,13	1395,99
716,33	1319,94
716,52	1321,46
716,71	1249,30
716,90	1196,86
717,10	1220,49
717,29	1234,01
717,48	1375,51
717,67	1171,86
717,87	1149,97
718,06	1251,35
718,25	1097,26
718,44	1160,90
718,63	1149,32
718,83	1087,83
719,02	1174,25
719,21	1099,37
719,40	1089,39
719,60	994,92
719,79	1009,74
719,98	959,98
720,17	930,30
720,36	1054,71
720,56	912,18
720,75	890,04
720,94	835,17
721,13	838,66
721,33	966,55
721,52	812,08
721,71	827,23
721,90	802,29
722,09	755,93
722,29	674,06
722,48	665,91
722,67	803,12
722,86	760,11
723,05	713,76
723,24	622,73
723,44	662,14
723,63	639,90
723,82	641,69
724,01	659,84
724,20	589,24
724,40	628,94
724,59	570,03
724,78	565,57
724,97	528,31
725,16	613,20
725,35	408,98
725,55	455,14
725,74	515,41
725,93	422,59
726,12	459,35
726,31	488,52
726,51	438,98
726,70	411,41
726,89	277,59
727,08	381,87
727,27	350,14
727,46	500,87
727,65	337,66
727,85	469,03
728,04	340,52
728,23	332,33
728,42	367,56
728,61	363,00
728,80	284,93
729,00	182,38
729,19	360,09
729,38	303,96
729,57	249,72
729,76	184,83
729,95	219,62
730,14	197,80
730,33	182,91
730,53	147,96
730,72	79,16
730,91	145,63
731,10	253,24
731,29	118,93
731,48	107,32
731,67	62,14
731,86	-19,85
732,06	71,38
732,25	53,79
732,44	-10,55
732,63	-6,75
732,82	-26,17
733,01	21,49
733,20	-3,39
733,39	23,12
733,59	26,85
733,78	-78,43
733,97	-27,40
734,16	-103,49
734,35	20,59
734,54	-89,15
734,73	-102,28
734,92	-86,50
735,11	-98,67
735,30	-20,98
735,49	-223,84
735,69	-91,56
735,88	-154,21
736,07	-221,32
736,26	-218,71
736,45	-148,07
736,64	-197,98
736,83	-197,96
737,02	-237,36
737,21	-243,90
737,40	-348,26
737,59	-358,28
737,78	-180,61
737,98	-227,93
738,17	-289,92
738,36	-302,78
738,55	-292,59
738,74	-238,05
738,93	-291,66
739,12	-272,57
739,31	-353,42
739,50	-274,52
739,69	-282,35
739,88	-447,12
740,07	-403,05
740,26	-440,75
740,45	-439,12
740,64	-431,68
740,83	-369,43
741,02	-390,45
741,22	-468,66
741,41	-507,71
741,60	-396,99
741,79	-394,89
741,98	-458,33
742,17	-436,91
742,36	-479,32
742,55	-452,53
742,74	-464,02
742,93	-452,91
743,12	-614,22
743,31	-581,43
743,50	-549,13
743,69	-599,39
743,88	-551,90
744,07	-562,85
744,26	-571,44
744,45	-579,88
744,64	-446,31
744,83	-603,55
745,02	-721,85
745,21	-621,63
745,40	-633,98
745,59	-619,28
745,78	-529,81
745,97	-623,42
746,16	-639,68
746,35	-679,89
746,54	-564,08
746,73	-712,30
746,92	-638,80
747,11	-704,95
747,30	-629,44
747,49	-650,43
747,68	-669,52
747,87	-665,49
748,06	-811,96
748,25	-699,85
748,44	-748,64
748,63	-646,34
748,82	-711,57
749,01	-670,61
749,20	-724,82
749,39	-792,92
749,58	-778,44
749,77	-699,11
749,96	-763,52
750,15	-812,24
750,34	-768,75
750,53	-789,20
750,72	-755,81
750,91	-850,26
751,10	-723,99
751,29	-843,99
751,48	-712,87
751,67	-813,90
751,86	-787,64
752,04	-772,63
752,23	-694,18
752,42	-914,57
752,61	-894,81
752,80	-817,04
752,99	-815,99
753,18	-921,30
753,37	-858,29
753,56	-936,89
753,75	-827,60
753,94	-930,84
754,13	-866,55
754,32	-874,48
754,51	-865,96
754,70	-915,80
754,89	-855,86
755,08	-861,60
755,27	-815,30
755,45	-911,36
755,64	-877,62
755,83	-869,22
756,02	-900,43
756,21	-793,03
756,40	-851,59
756,59	-904,26
756,78	-887,84
756,97	-883,62
757,16	-879,37
757,35	-812,30
757,54	-887,27
757,72	-853,87
757,91	-911,32
758,10	-852,74
758,29	-873,10
758,48	-836,99
758,67	-830,05
758,86	-873,68
759,05	-893,30
759,24	-902,41
759,43	-791,26
759,61	-866,01
759,80	-808,43
759,99	-871,04
760,18	-909,21
760,37	-777,88
760,56	-843,48
760,75	-805,15
760,94	-893,73
761,13	-820,10
761,31	-846,12
761,50	-911,18
761,69	-896,84
761,88	-768,01
762,07	-811,86
762,26	-800,59
762,45	-843,78
762,64	-878,73
762,82	-869,05
763,01	-799,91
763,20	-873,02
763,39	-925,66
763,58	-825,93
763,77	-982,29
763,96	-872,56
764,14	-890,85
764,33	-937,95
764,52	-954,92
764,71	-906,83
764,90	-988,27
765,09	-988,13
765,27	-965,31
765,46	-955,36
765,65	-1013,73
765,84	-1026,45
766,03	-1014,91
766,22	-1083,50
766,41	-1075,02
766,59	-1074,14
766,78	-955,66
766,97	-1112,91
767,16	-958,73
767,35	-1147,74
767,54	-1085,79
767,72	-1044,59
767,91	-1108,37
768,10	-1167,49
768,29	-1116,29
768,48	-1160,16
768,66	-1151,98
768,85	-1174,66
769,04	-1089,50
769,23	-1169,96
769,42	-1257,15
769,61	-1116,12
769,79	-1189,27
769,98	-1061,70
770,17	-1259,08
770,36	-1235,49
770,55	-1239,49
770,73	-1204,62
770,92	-1253,78
771,11	-1277,33
771,30	-1249,71
771,49	-1298,56
771,67	-1173,93
771,86	-1261,12
772,05	-1177,71
772,24	-1249,99
772,42	-1202,47
772,61	-1283,79
772,80	-1257,07
772,99	-1298,18
773,18	-1175,67
773,36	-1191,70
773,55	-1314,20
773,74	-1150,38
773,93	-1300,34
774,11	-1176,23
774,30	-1164,98
774,49	-1265,03
774,68	-1286,74
774,87	-1165,86
775,05	-1230,29
775,24	-1327,81
775,43	-1258,84
775,62	-1315,31
775,80	-1312,08
775,99	-1282,55
776,18	-1340,87
776,37	-1324,55
776,55	-1248,38
776,74	-1253,08
776,93	-1203,84
777,12	-1352,30
777,30	-1288,41
777,49	-1282,28
777,68	-1319,05
777,87	-1293,31
778,05	-1297,67
778,24	-1246,94
778,43	-1276,58
778,62	-1339,55
778,80	-1375,30
778,99	-1331,01
779,18	-1350,82
779,36	-1397,90
779,55	-1216,97
779,74	-1303,34
779,93	-1264,56
780,11	-1326,04
780,30	-1314,57
780,49	-1339,08
780,68	-1230,50
780,86	-1329,55
781,05	-1428,39
781,24	-1285,98
781,42	-1344,51
781,61	-1229,80
781,80	-1282,00
781,98	-1295,53
782,17	-1310,63
782,36	-1417,90
782,55	-1318,64
782,73	-1319,59
782,92	-1312,52
783,11	-1394,26
783,29	-1333,46
783,48	-1389,28
783,67	-1384,04
783,85	-1316,94
784,04	-1282,92
784,23	-1354,54
784,42	-1316,18
784,60	-1370,09
784,79	-1307,85
784,98	-1397,83
785,16	-1329,71
785,35	-1358,29
785,54	-1267,03
785,72	-1317,38
785,91	-1396,38
786,10	-1379,89
786,28	-1376,39
786,47	-1358,93
786,66	-1337,53
786,84	-1340,71
787,03	-1402,58
787,22	-1238,31
787,40	-1389,03
787,59	-1338,56
787,78	-1399,27
787,96	-1339,27
788,15	-1343,15
788,34	-1347,77
788,52	-1351,28
788,71	-1405,97
788,89	-1327,90
789,08	-1423,24
789,27	-1382,10
789,45	-1353,48
789,64	-1327,68
789,83	-1396,54
790,01	-1442,36
790,20	-1496,51
790,39	-1368,89
790,57	-1443,18
790,76	-1327,53
790,95	-1385,02
791,13	-1414,70
791,32	-1317,13
791,50	-1369,69
791,69	-1368,83
791,88	-1358,95
792,06	-1346,60
792,25	-1438,16
792,43	-1383,98
792,62	-1423,12
792,81	-1368,42
792,99	-1437,47
793,18	-1407,25
793,37	-1435,29
793,55	-1518,31
793,74	-1417,17
793,92	-1347,77
794,11	-1425,17
794,30	-1470,43
794,48	-1473,16
794,67	-1352,46
794,85	-1439,09
795,04	-1358,94
795,23	-1401,29
795,41	-1351,44
795,60	-1338,34
795,78	-1420,80
795,97	-1387,81
796,15	-1424,12
796,34	-1468,06
796,53	-1397,62
796,71	-1473,98
796,90	-1368,95
797,08	-1430,95
797,27	-1424,98
797,46	-1419,10
797,64	-1470,53
797,83	-1400,98
798,01	-1403,76
798,20	-1488,19
798,38	-1402,19
798,57	-1479,10
798,76	-1466,39
798,94	-1485,39
799,13	-1460,07
799,31	-1439,61
799,50	-1434,80
799,68	-1491,33
799,87	-1383,25
800,05	-1531,68
800,24	-1399,03
800,43	-1401,92
800,61	-1445,43
800,80	-1417,67
800,98	-1445,75
801,17	-1422,40
801,35	-1456,51
801,54	-1515,85
801,72	-1386,68
801,91	-1455,86
802,09	-1380,66
802,28	-1471,58
802,46	-1450,23
802,65	-1471,13
802,84	-1397,42
803,02	-1438,77
803,21	-1454,20
803,39	-1478,36
803,58	-1492,87
803,76	-1445,57
803,95	-1474,67
804,13	-1423,43
804,32	-1438,72
804,50	-1419,29
804,69	-1560,82
804,87	-1491,85
805,06	-1459,64
805,24	-1462,12
805,43	-1437,27
805,61	-1428,86
805,80	-1410,49
805,98	-1437,63
806,17	-1516,32
806,35	-1453,36
806,54	-1513,95
806,72	-1471,22
806,91	-1565,42
807,09	-1473,16
807,28	-1497,42
807,46	-1443,28
807,65	-1623,48
807,83	-1441,97
808,02	-1398,40
808,20	-1409,02
808,39	-1413,36
808,57	-1525,56
808,76	-1487,67
808,94	-1426,17
809,13	-1435,71
809,31	-1528,61
809,49	-1499,84
809,68	-1453,15
809,86	-1424,12
810,05	-1488,33
810,23	-1510,28
810,42	-1445,15
810,60	-1445,85
810,79	-1476,51
810,97	-1408,41
811,16	-1501,09
811,34	-1445,07
811,53	-1345,36
811,71	-1457,92
811,89	-1392,84
812,08	-1386,93
812,26	-1494,37
812,45	-1442,86
812,63	-1438,50
812,82	-1445,55
813,00	-1443,90
813,19	-1460,44
813,37	-1407,36
813,55	-1397,33
813,74	-1538,72
813,92	-1412,20
814,11	-1405,68
814,29	-1505,00
814,48	-1485,20
814,66	-1478,93
814,84	-1460,62
815,03	-1468,64
815,21	-1467,59
815,40	-1421,85
815,58	-1407,78
815,77	-1387,41
815,95	-1458,19
816,13	-1406,09
816,32	-1383,27
816,50	-1440,14
816,69	-1444,14
816,87	-1371,76
817,05	-1397,23
817,24	-1378,42
817,42	-1412,03
817,61	-1391,09
817,79	-1390,39
817,97	-1421,32
818,16	-1446,27
818,34	-1402,88
818,53	-1449,61
818,71	-1433,15
818,89	-1471,62
819,08	-1495,63
819,26	-1373,65
819,45	-1368,76
819,63	-1463,70
819,81	-1408,14
820,00	-1425,36
820,18	-1508,32
820,36	-1376,58
820,55	-1392,36
820,73	-1416,90
820,92	-1517,01
821,10	-1498,92
821,28	-1474,80
821,47	-1503,14
821,65	-1490,65
821,83	-1503,52
822,02	-1422,82
822,20	-1446,38
822,39	-1485,38
822,57	-1521,09
822,75	-1542,54
822,94	-1426,78
823,12	-1404,65
823,30	-1449,80
823,49	-1445,64
823,67	-1555,27
823,85	-1397,90
824,04	-1464,36
824,22	-1473,92
824,40	-1424,95
824,59	-1490,75
824,77	-1433,09
824,95	-1395,34
825,14	-1462,35
825,32	-1471,58
825,50	-1437,32
825,69	-1567,43
825,87	-1430,78
826,05	-1429,63
826,24	-1390,76
826,42	-1300,72
826,60	-1386,61
826,79	-1420,33
826,97	-1424,49
827,15	-1550,69
827,34	-1467,04
827,52	-1491,04
827,70	-1449,55
827,89	-1531,65
828,07	-1402,40
828,25	-1501,42
828,44	-1497,83
828,62	-1442,03
828,80	-1498,99
828,98	-1464,28
829,17	-1416,04
829,35	-1425,32
829,53	-1486,15
829,72	-1414,24
829,90	-1458,18
830,08	-1407,83
830,27	-1507,62
830,45	-1569,52
830,63	-1449,90
830,81	-1420,32
831,00	-1453,42
831,18	-1494,47
831,36	-1623,59
831,55	-1515,11
831,73	-1455,36
831,91	-1424,16
832,09	-1351,72
832,28	-1441,96
832,46	-1537,76
832,64	-1408,51
832,82	-1444,29
833,01	-1553,24
833,19	-1496,07
833,37	-1565,63
833,55	-1528,67
833,74	-1455,95
833,92	-1390,08
834,10	-1535,18
834,29	-1475,69
834,47	-1408,23
834,65	-1484,26
834,83	-1507,39
835,02	-1481,92
835,20	-1504,23
835,38	-1467,84
835,56	-1445,93
835,75	-1399,80
835,93	-1449,10
836,11	-1446,82
836,29	-1509,12
836,47	-1496,59
836,66	-1517,47
836,84	-1561,87
837,02	-1505,64
837,20	-1474,28
837,39	-1396,24
837,57	-1493,99
837,75	-1373,93
837,93	-1512,36
838,12	-1601,36
838,30	-1531,75
838,48	-1479,01
838,66	-1437,03
838,84	-1447,11
839,03	-1462,60
839,21	-1463,17
839,39	-1476,58
839,57	-1471,58
839,75	-1484,97
839,94	-1507,39
840,12	-1497,89
840,30	-1478,60
840,48	-1406,58
840,66	-1539,99
840,85	-1559,41
841,03	-1400,93
841,21	-1436,42
841,39	-1440,76
841,57	-1526,98
841,76	-1442,33
841,94	-1487,39
842,12	-1448,23
842,30	-1513,38
842,48	-1520,11
842,67	-1480,33
842,85	-1426,76
843,03	-1405,29
843,21	-1546,91
843,39	-1476,69
843,57	-1561,37
843,76	-1446,41
843,94	-1515,19
844,12	-1439,76
844,30	-1574,47
844,48	-1540,87
844,66	-1428,83
844,85	-1549,25
845,03	-1552,48
845,21	-1497,06
845,39	-1468,85
845,57	-1467,33
845,75	-1537,22
845,94	-1430,10
846,12	-1478,67
846,30	-1534,50
846,48	-1490,57
846,66	-1496,23
846,84	-1433,25
847,02	-1496,42
847,21	-1472,39
847,39	-1505,71
847,57	-1591,21
847,75	-1516,34
847,93	-1440,96
848,11	-1526,88
848,29	-1504,86
848,48	-1580,72
848,66	-1483,17
848,84	-1467,44
849,02	-1491,81
849,20	-1539,26
849,38	-1459,31
849,56	-1517,83
849,74	-1467,49
849,93	-1395,70
850,11	-1520,46
850,29	-1541,16
850,47	-1496,66
850,65	-1405,61
850,83	-1496,41
851,01	-1522,05
851,19	-1589,54
851,37	-1539,26
851,56	-1547,68
851,74	-1534,63
851,92	-1564,88
852,10	-1495,51
852,28	-1433,73
852,46	-1499,54
852,64	-1478,85
852,82	-1498,12
853,00	-1440,81
853,18	-1332,71
853,37	-1442,53
853,55	-1472,36
853,73	-1480,26
853,91	-1463,94
854,09	-1478,09
854,27	-1479,81
854,45	-1514,85
854,63	-1495,94
854,81	-1430,23
854,99	-1395,37
855,17	-1567,50
855,35	-1401,65
855,53	-1457,64
855,72	-1476,85
855,90	-1501,96
856,08	-1540,48
856,26	-1488,13
856,44	-1485,60
856,62	-1480,98
856,80	-1450,28
856,98	-1445,76
857,16	-1403,59
857,34	-1521,08
857,52	-1462,24
857,70	-1471,11
857,88	-1495,08
858,06	-1527,98
858,24	-1488,55
858,42	-1388,68
858,60	-1474,00
858,78	-1395,92
858,96	-1578,40
859,15	-1452,11
859,33	-1486,91
859,51	-1463,88
859,69	-1457,57
859,87	-1481,29
860,05	-1455,50
860,23	-1448,55
860,41	-1433,67
860,59	-1450,34
860,77	-1417,89
860,95	-1520,75
861,13	-1527,98
861,31	-1505,20
861,49	-1492,53
861,67	-1591,56
861,85	-1504,00
862,03	-1493,73
862,21	-1487,74
862,39	-1522,14
862,57	-1467,40
862,75	-1465,42
862,93	-1425,03
863,11	-1523,39
863,29	-1487,37
863,47	-1484,13
863,65	-1515,84
863,83	-1438,14
864,01	-1491,51
864,19	-1475,98
864,37	-1401,42
864,55	-1409,06
864,73	-1509,20
864,91	-1567,05
865,09	-1408,68
865,27	-1499,40
865,45	-1478,88
865,63	-1479,08
865,81	-1469,81
865,99	-1462,93
866,17	-1460,29
866,35	-1497,38
866,53	-1466,40
866,71	-1563,47
866,89	-1421,70
867,07	-1435,36
867,24	-1507,59
867,42	-1494,73
867,60	-1472,00
867,78	-1360,55
867,96	-1480,12
868,14	-1522,16
868,32	-1445,87
868,50	-1453,48
868,68	-1424,20
868,86	-1460,84
869,04	-1454,63
869,22	-1411,28
869,40	-1514,17
869,58	-1410,92
869,76	-1403,98
869,94	-1427,08
870,12	-1462,57
870,30	-1437,48
870,48	-1481,73
870,66	-1448,52
870,83	-1507,98
871,01	-1409,61
871,19	-1455,92
871,37	-1519,25
871,55	-1424,06
871,73	-1529,58
871,91	-1514,96
872,09	-1375,81
872,27	-1446,98
872,45	-1489,35
872,63	-1512,43
872,81	-1494,58
872,98	-1416,68
873,16	-1328,20
873,34	-1443,88
873,52	-1583,22
873,70	-1373,79
873,88	-1504,65
874,06	-1514,48
874,24	-1513,53
874,42	-1482,04
874,60	-1535,61
874,78	-1408,19
874,95	-1417,57
875,13	-1422,83
875,31	-1411,82
875,49	-1481,19
875,67	-1474,63
875,85	-1496,66
876,03	-1477,47
876,21	-1437,19
876,39	-1440,27
876,56	-1454,85
876,74	-1508,74
876,92	-1403,47
877,10	-1426,79
877,28	-1562,34
877,46	-1451,03
877,64	-1433,03
877,82	-1490,08
877,99	-1417,14
878,17	-1393,76
878,35	-1493,77
878,53	-1434,05
878,71	-1353,99
878,89	-1480,76
879,07	-1508,81
879,24	-1518,71
879,42	-1441,35
879,60	-1534,57
879,78	-1529,48
879,96	-1485,91
880,14	-1370,08
880,32	-1318,81
880,49	-1421,63
880,67	-1524,17
880,85	-1417,51
881,03	-1419,22
881,21	-1431,82
881,39	-1424,48
881,56	-1424,62
881,74	-1438,66
881,92	-1448,23
882,10	-1455,38
882,28	-1404,07
882,46	-1463,72
882,63	-1435,10
882,81	-1528,24
882,99	-1436,99
883,17	-1409,64
883,35	-1464,80
883,52	-1505,22
883,70	-1497,74
883,88	-1486,91
884,06	-1435,98
884,24	-1403,21
884,42	-1496,74
884,59	-1440,81
884,77	-1448,11
884,95	-1425,86
885,13	-1454,99
885,31	-1436,07
885,48	-1421,23
885,66	-1441,10
885,84	-1468,29
886,02	-1505,99
886,20	-1407,99
886,37	-1447,75
886,55	-1407,02
886,73	-1399,30
886,91	-1443,18
887,08	-1466,03
887,26	-1469,28
887,44	-1463,83
887,62	-1481,00
887,80	-1479,27
887,97	-1496,90
888,15	-1536,07
888,33	-1469,60
888,51	-1525,01
888,68	-1432,69
888,86	-1415,21
889,04	-1395,65
889,22	-1439,11
889,40	-1430,12
889,57	-1503,04
889,75	-1349,83
889,93	-1443,64
890,11	-1444,27
890,28	-1436,65
890,46	-1499,42
890,64	-1523,68
890,82	-1480,90
890,99	-1458,34
891,17	-1536,37
891,35	-1450,92
891,53	-1490,36
891,70	-1406,85
891,88	-1443,33
892,06	-1490,90
892,24	-1441,84
892,41	-1470,51
892,59	-1537,77
892,77	-1437,92
892,94	-1409,22
893,12	-1415,66
893,30	-1470,17
893,48	-1452,53
893,65	-1503,97
893,83	-1461,45
894,01	-1452,97
894,19	-1453,23
894,36	-1383,78
894,54	-1482,45
894,72	-1474,14
894,89	-1455,67
895,07	-1400,41
895,25	-1391,59
895,43	-1505,55
895,60	-1458,63
895,78	-1403,20
895,96	-1408,53
896,13	-1458,49
896,31	-1432,39
896,49	-1426,99
896,66	-1431,44
896,84	-1368,71
897,02	-1478,95
897,20	-1437,78
897,37	-1502,72
897,55	-1534,23
897,73	-1374,57
897,90	-1399,46
898,08	-1397,54
898,26	-1390,47
898,43	-1384,19
898,61	-1405,56
898,79	-1462,79
898,96	-1470,26
899,14	-1425,44
899,32	-1351,53
899,49	-1424,95
899,67	-1363,78
899,85	-1405,83
900,02	-1371,15
900,20	-1424,88
900,38	-1422,04
900,55	-1442,67
900,73	-1408,63
900,91	-1382,19
901,08	-1456,93
901,26	-1445,43
901,44	-1392,13
901,61	-1357,98
901,79	-1514,50
901,97	-1422,06
902,14	-1530,70
902,32	-1461,51
902,50	-1337,75
902,67	-1415,54
902,85	-1506,35
903,02	-1422,08
903,20	-1456,08
903,38	-1446,71
903,55	-1504,24
903,73	-1396,62
903,91	-1508,67
904,08	-1394,19
904,26	-1434,74
904,44	-1364,27
904,61	-1454,92
904,79	-1399,79
904,96	-1397,93
905,14	-1356,16
905,32	-1392,49
905,49	-1358,55
905,67	-1431,50
905,84	-1346,29
906,02	-1470,35
906,20	-1391,95
906,37	-1368,40
906,55	-1430,97
906,73	-1517,35
906,90	-1349,12
907,08	-1374,06
907,25	-1419,33
907,43	-1390,19
907,61	-1408,25
907,78	-1401,04
907,96	-1413,98
908,13	-1457,88
908,31	-1317,15
908,48	-1357,98
908,66	-1411,25
908,84	-1448,41
909,01	-1417,54
909,19	-1468,29
909,36	-1438,38
909,54	-1380,56
909,72	-1450,35
909,89	-1402,25
910,07	-1393,91
910,24	-1385,54
910,42	-1421,06
910,59	-1387,19
910,77	-1401,54
910,95	-1483,18
911,12	-1419,33
911,30	-1417,69
911,47	-1410,85
911,65	-1472,81
911,82	-1397,01
912,00	-1500,46
912,17	-1442,39
912,35	-1375,83
912,53	-1435,50
912,70	-1372,74
912,88	-1409,90
913,05	-1544,87
913,23	-1427,02
913,40	-1406,92
913,58	-1400,55
913,75	-1383,86
913,93	-1424,37
914,10	-1469,09
914,28	-1415,20
914,46	-1471,56
914,63	-1455,76
914,81	-1373,83
914,98	-1403,32
915,16	-1502,45
915,33	-1380,05
915,51	-1322,59
915,68	-1406,69
915,86	-1430,00
916,03	-1372,62
916,21	-1463,36
916,38	-1511,90
916,56	-1496,88
916,73	-1415,69
916,91	-1436,67
917,08	-1473,45
917,26	-1461,60
917,43	-1381,29
917,61	-1437,32
917,78	-1330,28
917,96	-1355,73
918,13	-1347,47
918,31	-1402,39
918,48	-1357,55
918,66	-1404,22
918,83	-1450,44
919,01	-1390,26
919,18	-1401,79
919,36	-1477,47
919,53	-1416,40
919,71	-1423,02
919,88	-1264,36
920,06	-1500,96
920,23	-1461,80
920,41	-1385,18
920,58	-1328,01
920,76	-1450,58
920,93	-1388,46
921,11	-1444,60
921,28	-1441,90
921,45	-1320,05
921,63	-1368,20
921,80	-1421,27
921,98	-1493,59
922,15	-1444,11
922,33	-1461,82
922,50	-1415,66
922,68	-1467,65
922,85	-1382,46
923,03	-1381,98
923,20	-1466,66
923,38	-1419,33
923,55	-1355,17
923,72	-1394,64
923,90	-1440,86
924,07	-1439,36
924,25	-1487,20
924,42	-1390,79
924,60	-1455,91
924,77	-1368,92
924,95	-1388,93
925,12	-1419,24
925,29	-1348,20
925,47	-1428,00
925,64	-1359,98
925,82	-1478,27
925,99	-1439,86
926,17	-1366,73
926,34	-1386,07
926,51	-1410,37
926,69	-1399,05
926,86	-1407,66
927,04	-1379,74
927,21	-1319,96
927,38	-1367,60
927,56	-1375,88
927,73	-1428,23
927,91	-1382,71
928,08	-1362,46
928,25	-1375,46
928,43	-1361,07
928,60	-1441,24
928,78	-1436,27
928,95	-1401,04
929,12	-1395,83
929,30	-1459,70
929,47	-1330,04
929,65	-1477,86
929,82	-1389,47
929,99	-1383,35
930,17	-1403,67
930,34	-1436,09
930,52	-1362,04
930,69	-1407,92
930,86	-1364,10
931,04	-1372,20
931,21	-1384,88
931,38	-1432,48
931,56	-1388,93
931,73	-1323,24
931,91	-1390,51
932,08	-1396,47
932,25	-1444,08
932,43	-1323,78
932,60	-1452,14
932,77	-1438,38
932,95	-1358,93
933,12	-1365,98
933,29	-1369,09
933,47	-1389,94
933,64	-1378,99
933,82	-1355,72
933,99	-1365,43
934,16	-1348,10
934,34	-1391,54
934,51	-1359,82
934,68	-1291,87
934,86	-1357,35
935,03	-1367,52
935,20	-1329,69
935,38	-1343,35
935,55	-1357,96
935,72	-1402,99
935,90	-1375,63
936,07	-1371,70
936,24	-1354,08
936,42	-1372,01
936,59	-1289,26
936,76	-1366,40
936,94	-1247,27
937,11	-1365,16
937,28	-1326,90
937,46	-1417,65
937,63	-1343,96
937,80	-1380,24
937,97	-1369,16
938,15	-1356,56
938,32	-1328,20
938,49	-1362,47
938,67	-1343,19
938,84	-1322,32
939,01	-1362,27
939,19	-1423,14
939,36	-1483,20
939,53	-1358,20
939,70	-1384,24
939,88	-1343,23
940,05	-1279,59
940,22	-1318,83
940,40	-1381,10
940,57	-1356,78
940,74	-1398,81
940,92	-1372,37
941,09	-1348,52
941,26	-1322,22
941,43	-1340,44
941,61	-1377,70
941,78	-1463,86
941,95	-1429,35
942,12	-1347,90
942,30	-1386,62
942,47	-1365,29
942,64	-1321,07
942,82	-1288,14
942,99	-1330,60
943,16	-1413,96
943,33	-1341,20
943,51	-1383,49
943,68	-1322,89
943,85	-1419,94
944,02	-1339,22
944,20	-1414,91
944,37	-1349,74
944,54	-1379,88
944,71	-1309,84
944,89	-1331,07
945,06	-1372,76
945,23	-1273,51
945,40	-1327,79
945,58	-1347,72
945,75	-1331,73
945,92	-1264,85
946,09	-1424,87
946,27	-1334,26
946,44	-1335,66
946,61	-1396,40
946,78	-1378,83
946,95	-1304,12
947,13	-1329,47
947,30	-1307,66
947,47	-1366,78
947,64	-1372,10
947,82	-1310,93
947,99	-1422,16
948,16	-1387,85
948,33	-1371,23
948,50	-1313,69
948,68	-1377,49
948,85	-1365,08
949,02	-1391,70
949,19	-1375,31
949,36	-1356,40
949,54	-1334,78
949,71	-1396,48
949,88	-1364,16
950,05	-1367,53
950,22	-1404,08
950,40	-1380,74
950,57	-1374,73
950,74	-1320,17
950,91	-1342,01
951,08	-1391,84
951,26	-1307,23
951,43	-1426,37
951,60	-1330,35
951,77	-1360,26
951,94	-1316,61
952,11	-1309,01
952,29	-1416,04
952,46	-1312,96
952,63	-1254,63
952,80	-1336,42
952,97	-1373,67
953,15	-1332,32
953,32	-1340,75
953,49	-1454,84
953,66	-1345,91
953,83	-1380,05
954,00	-1333,69
954,17	-1299,77
954,35	-1310,50
954,52	-1423,79
954,69	-1363,27
954,86	-1270,98
955,03	-1427,25
955,20	-1350,67
955,38	-1456,23
955,55	-1330,65
955,72	-1460,41
955,89	-1331,39
956,06	-1390,21
956,23	-1354,67
956,40	-1386,21
956,58	-1323,78
956,75	-1383,58
956,92	-1396,60
957,09	-1317,22
957,26	-1376,39
957,43	-1383,82
957,60	-1361,37
957,77	-1351,48
957,95	-1384,32
958,12	-1307,60
958,29	-1435,71
958,46	-1287,66
958,63	-1399,05
958,80	-1425,79
958,97	-1281,67
959,14	-1323,31
959,31	-1356,49
959,49	-1412,00
959,66	-1406,59
959,83	-1430,26
960,00	-1463,20
960,17	-1329,95
960,34	-1377,45
960,51	-1369,32
960,68	-1423,49
960,85	-1335,52
961,02	-1421,67
961,20	-1291,29
961,37	-1334,59
961,54	-1337,73
961,71	-1342,08
961,88	-1367,62
962,05	-1411,91
962,22	-1333,45
962,39	-1316,84
962,56	-1285,88
962,73	-1404,05
962,90	-1448,86
963,07	-1361,57
963,24	-1396,93
963,42	-1362,93
963,59	-1369,87
963,76	-1312,76
963,93	-1397,70
964,10	-1354,16
964,27	-1460,33
964,44	-1328,04
964,61	-1400,07
964,78	-1403,41
964,95	-1405,29
965,12	-1261,28
965,29	-1411,78
965,46	-1416,91
965,63	-1423,05
965,80	-1403,36
965,97	-1421,17
966,14	-1376,77
966,31	-1456,56
966,48	-1349,32
966,66	-1414,95
966,83	-1387,52
967,00	-1345,85
967,17	-1275,50
967,34	-1391,85
967,51	-1369,87
967,68	-1326,70
967,85	-1306,57
968,02	-1412,26
968,19	-1317,39
968,36	-1449,33
968,53	-1383,33
968,70	-1330,85
968,87	-1463,44
969,04	-1324,61
969,21	-1418,14
969,38	-1375,98
969,55	-1436,90
969,72	-1365,67
969,89	-1341,68
970,06	-1382,14
970,23	-1321,49
970,40	-1395,54
970,57	-1405,93
970,74	-1341,00
970,91	-1366,55
971,08	-1421,58
971,25	-1385,13
971,42	-1327,65
971,59	-1354,20
971,76	-1382,10
971,93	-1355,74
972,10	-1336,22
972,27	-1333,52
972,44	-1351,79
972,61	-1377,77
972,78	-1426,25
972,95	-1400,73
973,12	-1344,84
973,29	-1410,52
973,46	-1358,43
973,63	-1373,01
973,80	-1378,48
973,97	-1333,20
974,14	-1328,39
974,30	-1330,64
974,47	-1322,26
974,64	-1349,71
974,81	-1344,34
974,98	-1360,77
975,15	-1294,55
975,32	-1358,00
975,49	-1413,15
975,66	-1379,16
975,83	-1406,67
976,00	-1401,54
976,17	-1289,73
976,34	-1360,80
976,51	-1420,28
976,68	-1350,80
976,85	-1300,89
977,02	-1310,73
977,19	-1290,56
977,36	-1397,09
977,52	-1344,04
977,69	-1281,33
977,86	-1313,74
978,03	-1354,04
978,20	-1389,52
978,37	-1393,03
978,54	-1377,12
978,71	-1399,44
978,88	-1314,92
979,05	-1388,57
979,22	-1320,26
979,39	-1398,29
979,56	-1299,39
979,72	-1299,53
979,89	-1363,13
980,06	-1278,44
980,23	-1297,03
980,40	-1402,26
980,57	-1383,33
980,74	-1281,19
980,91	-1366,04
981,08	-1363,77
981,25	-1359,93
981,41	-1380,56
981,58	-1347,61
981,75	-1322,05
981,92	-1365,83
982,09	-1363,13
982,26	-1448,29
982,43	-1368,75
982,60	-1397,83
982,77	-1334,05
982,93	-1339,09
983,10	-1361,46
983,27	-1368,75
983,44	-1305,76
983,61	-1296,56
983,78	-1297,83
983,95	-1420,60
984,11	-1354,66
984,28	-1304,42
984,45	-1422,89
984,62	-1430,84
984,79	-1394,65
984,96	-1401,85
985,13	-1443,30
985,30	-1363,28
985,46	-1406,43
985,63	-1441,68
985,80	-1333,01
985,97	-1508,42
986,14	-1387,42
986,31	-1343,77
986,47	-1379,07
986,64	-1310,34
986,81	-1454,59
986,98	-1413,88
987,15	-1354,60
987,32	-1428,88
987,48	-1230,20
987,65	-1426,34
987,82	-1374,73
987,99	-1372,96
988,16	-1214,40
988,33	-1409,06
988,49	-1366,21
988,66	-1336,26
988,83	-1388,57
989,00	-1324,15
989,17	-1392,42
989,34	-1343,39
989,50	-1348,77
989,67	-1465,33
989,84	-1381,86
990,01	-1417,50
990,18	-1353,14
990,34	-1314,32
990,51	-1300,10
990,68	-1379,00
990,85	-1386,92
991,02	-1424,87
991,18	-1342,78
991,35	-1335,98
991,52	-1410,99
991,69	-1306,25
991,86	-1326,93
992,02	-1320,93
992,19	-1362,44
992,36	-1381,39
992,53	-1320,15
992,69	-1347,96
992,86	-1302,09
993,03	-1428,53
993,20	-1378,66
993,37	-1280,52
993,53	-1373,61
993,70	-1338,11
993,87	-1427,32
994,04	-1428,74
994,20	-1446,98
994,37	-1391,85
994,54	-1390,05
994,71	-1456,72
994,87	-1402,21
995,04	-1339,45
995,21	-1323,46
995,38	-1349,99
995,55	-1407,98
995,71	-1366,96
995,88	-1396,77
996,05	-1359,59
996,22	-1385,04
996,38	-1376,55
996,55	-1484,58
996,72	-1310,26
996,88	-1296,33
997,05	-1239,83
997,22	-1385,55
997,39	-1353,43
997,55	-1335,56
997,72	-1390,55
997,89	-1395,29
998,06	-1345,73
998,22	-1326,09
998,39	-1349,33
998,56	-1364,00
998,73	-1371,94
998,89	-1307,42
999,06	-1387,17
999,23	-1362,36
999,39	-1378,42
999,56	-1252,59
999,73	-1420,68
999,90	-1363,83
1000,06	-1311,43
1000,23	-1405,20
1000,40	-1325,93
1000,56	-1375,55
1000,73	-1448,86
1000,90	-1382,62
1001,06	-1355,57
1001,23	-1387,75
1001,40	-1358,80
1001,57	-1342,55
1001,73	-1400,45
1001,90	-1391,43
1002,07	-1381,85
1002,23	-1355,35
1002,40	-1380,64
1002,57	-1364,00
1002,73	-1408,50
1002,90	-1398,23
1003,07	-1396,05
1003,23	-1359,90
1003,40	-1420,78
1003,57	-1344,99
1003,73	-1350,48
1003,90	-1411,68
1004,07	-1417,65
1004,23	-1386,85
1004,40	-1376,38
1004,57	-1289,55
1004,73	-1358,26
1004,90	-1366,21
1005,07	-1343,57
1005,23	-1296,95
1005,40	-1316,97
1005,57	-1433,87
1005,73	-1405,05
1005,90	-1397,25
1006,07	-1329,51
1006,23	-1378,51
1006,40	-1334,83
1006,57	-1318,45
1006,73	-1317,27
1006,90	-1314,76
1007,06	-1365,71
1007,23	-1293,71
1007,40	-1422,24
1007,56	-1409,30
1007,73	-1314,21
1007,90	-1416,29
1008,06	-1319,28
1008,23	-1346,55
1008,40	-1344,24
1008,56	-1299,53
1008,73	-1388,99
1008,89	-1350,23
1009,06	-1325,58
1009,23	-1361,45
1009,39	-1299,32
1009,56	-1402,08
1009,72	-1370,90
1009,89	-1404,90
1010,06	-1399,47
1010,22	-1411,84
1010,39	-1290,60
1010,55	-1384,64
1010,72	-1359,26
1010,89	-1392,83
1011,05	-1413,40
1011,22	-1348,26
1011,38	-1408,33
1011,55	-1386,44
1011,72	-1380,63
1011,88	-1356,05
1012,05	-1379,68
1012,21	-1358,51
1012,38	-1291,44
1012,55	-1325,53
1012,71	-1356,46
1012,88	-1304,29
1013,04	-1346,32
1013,21	-1361,45
1013,37	-1373,77
1013,54	-1403,73
1013,71	-1343,52
1013,87	-1403,41
1014,04	-1329,05
1014,20	-1291,56
1014,37	-1275,47
1014,53	-1479,50
1014,70	-1238,44
1014,87	-1331,07
1015,03	-1322,66
1015,20	-1303,87
1015,36	-1357,30
1015,53	-1334,44
1015,69	-1328,94
1015,86	-1371,54
1016,02	-1381,96
1016,19	-1305,19
1016,36	-1357,27
1016,52	-1431,34
1016,69	-1366,33
1016,85	-1401,28
1017,02	-1333,19
1017,18	-1367,85
1017,35	-1336,85
1017,51	-1300,59
1017,68	-1289,26
1017,84	-1384,31
1018,01	-1367,84
1018,17	-1240,46
1018,34	-1346,95
1018,50	-1425,19
1018,67	-1435,51
1018,84	-1312,23
1019,00	-1321,15
1019,17	-1326,24
1019,33	-1283,41
1019,50	-1375,99
1019,66	-1392,22
1019,83	-1355,80
1019,99	-1453,93
1020,16	-1383,01
1020,32	-1367,19
1020,49	-1376,30
1020,65	-1387,27
1020,82	-1292,86
1020,98	-1362,00
1021,15	-1327,80
1021,31	-1283,49
1021,48	-1396,31
1021,64	-1342,05
1021,81	-1375,74
1021,97	-1344,83
1022,14	-1355,52
1022,30	-1431,50
1022,47	-1338,23
1022,63	-1374,73
1022,79	-1368,04
1022,96	-1351,33
1023,12	-1283,33
1023,29	-1386,69
1023,45	-1396,24
1023,62	-1279,08
1023,78	-1404,33
1023,95	-1324,68
1024,11	-1394,15
1024,28	-1367,35
1024,44	-1387,68
1024,61	-1420,77
1024,77	-1408,72
1024,94	-1316,25
1025,10	-1358,59
1025,26	-1367,02
1025,43	-1400,14
1025,59	-1320,75
1025,76	-1317,65
1025,92	-1385,09
1026,09	-1406,10
1026,25	-1476,08
1026,42	-1363,34
1026,58	-1392,34
1026,74	-1343,25
1026,91	-1392,11
1027,07	-1359,24
1027,24	-1295,17
1027,40	-1402,49
1027,57	-1375,74
1027,73	-1384,80
1027,90	-1317,18
1028,06	-1388,98
1028,22	-1311,24
1028,39	-1423,88
1028,55	-1416,51
1028,72	-1339,38
1028,88	-1438,15
1029,04	-1373,26
1029,21	-1344,61
1029,37	-1366,86
1029,54	-1319,73
1029,70	-1345,82
1029,87	-1379,56
1030,03	-1415,78
1030,19	-1280,88
1030,36	-1299,05
1030,52	-1378,99
1030,69	-1338,44
1030,85	-1345,64
1031,01	-1421,68
1031,18	-1344,24
1031,34	-1259,08
1031,50	-1353,29
1031,67	-1386,52
1031,83	-1379,41
1032,00	-1366,79
1032,16	-1198,42
1032,32	-1328,55
1032,49	-1370,19
1032,65	-1300,13
1032,82	-1297,48
1032,98	-1396,11
1033,14	-1399,22
1033,31	-1270,08
1033,47	-1275,37
1033,63	-1295,19
1033,80	-1323,56
1033,96	-1354,83
1034,13	-1429,77
1034,29	-1375,64
1034,45	-1361,55
1034,62	-1450,25
1034,78	-1348,10
1034,94	-1335,25
1035,11	-1326,29
1035,27	-1344,66
1035,43	-1342,24
1035,60	-1355,35
1035,76	-1385,78
1035,92	-1327,38
1036,09	-1342,13
1036,25	-1354,17
1036,41	-1319,12
1036,58	-1336,46
1036,74	-1316,58
1036,90	-1332,45
1037,07	-1359,73
1037,23	-1367,54
1037,39	-1401,15
1037,56	-1382,92
1037,72	-1350,20
1037,88	-1356,63
1038,05	-1406,75
1038,21	-1305,35
1038,37	-1387,57
1038,54	-1358,02
1038,70	-1378,48
1038,86	-1367,20
1039,03	-1409,73
1039,19	-1367,02
1039,35	-1351,54
1039,52	-1442,07
1039,68	-1334,84
1039,84	-1399,95
1040,00	-1403,25
1040,17	-1353,53
1040,33	-1393,40
1040,49	-1361,39
1040,66	-1418,31
1040,82	-1427,97
1040,98	-1405,29
1041,15	-1349,90
1041,31	-1414,71
1041,47	-1406,76
1041,63	-1264,95
1041,80	-1374,65
1041,96	-1298,31
1042,12	-1404,05
1042,29	-1387,35
1042,45	-1321,44
1042,61	-1400,53
1042,77	-1302,43
1042,94	-1323,92
1043,10	-1342,77
1043,26	-1425,19
1043,42	-1327,13
1043,59	-1382,64
1043,75	-1361,20
1043,91	-1314,43
1044,07	-1365,27
1044,24	-1371,86
1044,40	-1283,37
