345,22	-1467,80
345,44	-1467,80
345,66	-1467,80
345,88	-1400,42
346,10	-1357,72
346,32	-1298,03
346,54	-1322,66
346,75	-1275,41
346,97	-1415,06
347,19	-1338,45
347,41	-1347,98
347,63	-1383,45
347,85	-1417,84
348,07	-1371,88
348,29	-1370,35
348,51	-1286,22
348,73	-1405,47
348,95	-1391,87
349,16	-1321,51
349,38	-1320,52
349,60	-1348,25
349,82	-1351,76
350,04	-1389,25
350,26	-1438,44
350,48	-1406,39
350,70	-1365,76
350,92	-1322,33
351,14	-1352,58
351,35	-1301,06
351,57	-1312,11
351,79	-1329,14
352,01	-1372,95
352,23	-1448,07
352,45	-1380,91
352,67	-1377,22
352,89	-1386,30
353,10	-1406,70
353,32	-1339,61
353,54	-1312,26
353,76	-1238,98
353,98	-1307,04
354,20	-1316,48
354,42	-1358,21
354,64	-1362,80
354,85	-1255,82
355,07	-1282,84
355,29	-1309,41
355,51	-1350,52
355,73	-1352,97
355,95	-1288,33
356,17	-1370,60
356,38	-1367,87
356,60	-1360,84
356,82	-1318,61
357,04	-1423,25
357,26	-1401,95
357,48	-1320,25
357,69	-1359,61
357,91	-1374,51
358,13	-1382,05
358,35	-1358,75
358,57	-1347,03
358,79	-1327,13
359,01	-1352,03
359,22	-1390,04
359,44	-1418,30
359,66	-1292,50
359,88	-1327,81
360,10	-1339,37
360,32	-1306,19
360,53	-1358,94
360,75	-1393,79
360,97	-1291,35
361,19	-1353,99
361,41	-1391,77
361,62	-1334,10
361,84	-1358,24
362,06	-1375,65
362,28	-1387,62
362,50	-1300,72
362,72	-1385,49
362,93	-1410,14
363,15	-1311,51
363,37	-1367,72
363,59	-1323,56
363,81	-1419,98
364,02	-1392,27
364,24	-1326,50
364,46	-1370,00
364,68	-1392,03
364,90	-1333,62
365,11	-1379,30
365,33	-1345,65
365,55	-1232,56
365,77	-1408,17
365,99	-1359,93
366,20	-1401,11
366,42	-1406,68
366,64	-1297,92
366,86	-1304,01
367,07	-1309,85
367,29	-1360,51
367,51	-1350,75
367,73	-1397,03
367,95	-1408,54
368,16	-1283,71
368,38	-1267,31
368,60	-1285,81
368,82	-1316,59
369,03	-1356,75
369,25	-1275,70
369,47	-1342,47
369,69	-1340,37
369,91	-1369,31
370,12	-1369,02
370,34	-1355,50
370,56	-1371,07
370,78	-1349,27
370,99	-1295,56
371,21	-1297,60
371,43	-1370,66
371,65	-1291,45
371,86	-1283,96
372,08	-1251,24
372,30	-1356,03
372,52	-1246,41
372,73	-1364,02
372,95	-1327,04
373,17	-1326,58
373,39	-1281,70
373,60	-1356,58
373,82	-1327,29
374,04	-1319,13
374,26	-1311,71
374,47	-1299,09
374,69	-1392,53
374,91	-1340,50
375,12	-1392,31
375,34	-1400,07
375,56	-1373,12
375,78	-1258,72
375,99	-1366,48
376,21	-1352,53
376,43	-1391,63
376,65	-1317,95
376,86	-1256,37
377,08	-1303,73
377,30	-1400,51
377,51	-1380,42
377,73	-1346,82
377,95	-1351,83
378,17	-1359,02
378,38	-1335,18
378,60	-1322,57
378,82	-1393,33
379,03	-1315,16
379,25	-1325,91
379,47	-1263,82
379,68	-1377,70
379,90	-1341,90
380,12	-1320,21
380,34	-1334,80
380,55	-1312,31
380,77	-1281,78
380,99	-1319,55
381,20	-1286,03
381,42	-1449,30
381,64	-1416,05
381,85	-1441,43
382,07	-1326,12
382,29	-1382,37
382,50	-1323,16
382,72	-1262,91
382,94	-1314,80
383,15	-1328,73
383,37	-1355,59
383,59	-1322,84
383,80	-1323,39
384,02	-1383,79
384,24	-1378,71
384,45	-1374,90
384,67	-1324,11
384,89	-1385,32
385,10	-1389,41
385,32	-1340,41
385,54	-1310,54
385,75	-1381,07
385,97	-1275,22
386,19	-1326,92
386,40	-1325,43
386,62	-1339,96
386,84	-1382,46
387,05	-1406,45
387,27	-1336,17
387,49	-1431,44
387,70	-1386,15
387,92	-1287,83
388,14	-1347,32
388,35	-1244,19
388,57	-1414,08
388,79	-1364,15
389,00	-1326,59
389,22	-1385,82
389,43	-1235,57
389,65	-1283,06
389,87	-1350,55
390,08	-1394,74
390,30	-1376,51
390,52	-1333,39
390,73	-1373,71
390,95	-1300,05
391,17	-1331,18
391,38	-1274,76
391,60	-1405,30
391,81	-1378,31
392,03	-1329,05
392,25	-1353,04
392,46	-1344,12
392,68	-1406,84
392,89	-1404,24
393,11	-1401,62
393,33	-1313,19
393,54	-1340,13
393,76	-1323,01
393,98	-1372,94
394,19	-1333,65
394,41	-1314,05
394,62	-1363,05
394,84	-1320,75
395,06	-1362,63
395,27	-1324,06
395,49	-1273,43
395,70	-1317,16
395,92	-1380,40
396,13	-1396,22
396,35	-1387,72
396,57	-1307,10
396,78	-1377,78
397,00	-1371,15
397,21	-1344,30
397,43	-1381,69
397,65	-1361,98
397,86	-1345,33
398,08	-1371,73
398,29	-1338,96
398,51	-1388,60
398,72	-1300,88
398,94	-1363,19
399,16	-1351,70
399,37	-1430,06
399,59	-1399,57
399,80	-1353,00
400,02	-1300,32
400,23	-1355,52
400,45	-1482,15
400,67	-1342,48
400,88	-1392,29
401,10	-1349,29
401,31	-1372,23
401,53	-1464,29
401,74	-1368,12
401,96	-1431,53
402,17	-1374,92
402,39	-1384,83
402,61	-1328,71
402,82	-1422,43
403,04	-1326,99
403,25	-1347,66
403,47	-1329,00
403,68	-1501,16
403,90	-1329,04
404,11	-1405,96
404,33	-1342,39
404,54	-1401,57
404,76	-1339,70
404,97	-1397,87
405,19	-1279,11
405,41	-1415,41
405,62	-1383,02
405,84	-1332,73
406,05	-1374,94
406,27	-1346,66
406,48	-1351,54
406,70	-1334,87
406,91	-1361,67
407,13	-1337,65
407,34	-1337,90
407,56	-1387,89
407,77	-1383,29
407,99	-1441,71
408,20	-1396,94
408,42	-1391,87
408,63	-1476,00
408,85	-1400,31
409,06	-1339,65
409,28	-1402,57
409,49	-1313,17
409,71	-1469,12
409,92	-1317,68
410,14	-1406,30
410,35	-1301,40
410,57	-1410,02
410,78	-1317,17
411,00	-1441,52
411,21	-1400,08
411,43	-1422,81
411,64	-1406,39
411,86	-1380,01
412,07	-1373,07
412,29	-1394,60
412,50	-1345,20
412,72	-1451,18
412,93	-1480,04
413,15	-1395,22
413,36	-1413,83
413,58	-1470,22
413,79	-1326,46
414,01	-1416,94
414,22	-1457,10
414,43	-1443,79
414,65	-1457,10
414,86	-1397,13
415,08	-1356,68
415,29	-1420,76
415,51	-1466,42
415,72	-1393,60
415,94	-1440,78
416,15	-1464,55
416,37	-1360,40
416,58	-1520,89
416,80	-1455,77
417,01	-1488,70
417,22	-1412,86
417,44	-1398,21
417,65	-1428,02
417,87	-1338,39
418,08	-1398,22
418,30	-1339,80
418,51	-1413,79
418,73	-1482,40
418,94	-1374,01
419,15	-1335,81
419,37	-1396,53
419,58	-1427,28
419,80	-1473,40
420,01	-1490,14
420,23	-1399,41
420,44	-1367,56
420,65	-1494,13
420,87	-1443,40
421,08	-1426,42
421,30	-1412,87
421,51	-1451,19
421,73	-1393,94
421,94	-1406,12
422,15	-1448,33
422,37	-1433,91
422,58	-1449,05
422,80	-1500,33
423,01	-1358,30
423,22	-1418,83
423,44	-1461,75
423,65	-1485,26
423,87	-1385,65
424,08	-1458,70
424,29	-1473,38
424,51	-1397,36
424,72	-1469,48
424,94	-1522,39
425,15	-1441,85
425,36	-1405,23
425,58	-1528,18
425,79	-1451,72
426,01	-1365,49
426,22	-1482,49
426,43	-1421,07
426,65	-1473,72
426,86	-1469,62
427,08	-1468,89
427,29	-1412,77
427,50	-1432,28
427,72	-1470,37
427,93	-1500,19
428,14	-1480,35
428,36	-1518,11
428,57	-1554,17
428,79	-1465,53
429,00	-1449,43
429,21	-1531,06
429,43	-1506,74
429,64	-1506,13
429,85	-1565,62
430,07	-1475,62
430,28	-1462,49
430,49	-1497,80
430,71	-1431,28
430,92	-1479,45
431,14	-1504,96
431,35	-1514,37
431,56	-1502,56
431,78	-1440,65
431,99	-1491,82
432,20	-1591,95
432,42	-1573,90
432,63	-1458,43
432,84	-1544,49
433,06	-1441,53
433,27	-1535,91
433,48	-1538,07
433,70	-1534,62
433,91	-1521,43
434,12	-1607,65
434,34	-1467,59
434,55	-1478,60
434,76	-1541,88
434,98	-1533,72
435,19	-1583,25
435,40	-1588,25
435,62	-1537,30
435,83	-1490,09
436,04	-1649,11
436,26	-1573,30
436,47	-1552,27
436,68	-1550,47
436,90	-1580,62
437,11	-1571,86
437,32	-1586,11
437,54	-1577,70
437,75	-1566,69
437,96	-1582,39
438,17	-1623,35
438,39	-1564,19
438,60	-1610,19
438,81	-1563,34
439,03	-1597,81
439,24	-1632,15
439,45	-1650,13
439,67	-1656,88
439,88	-1662,71
440,09	-1569,92
440,30	-1689,53
440,52	-1580,54
440,73	-1600,77
440,94	-1669,68
441,16	-1711,03
441,37	-1610,47
441,58	-1639,30
441,80	-1733,42
442,01	-1659,42
442,22	-1659,96
442,43	-1707,36
442,65	-1674,53
442,86	-1666,09
443,07	-1636,63
443,28	-1704,32
443,50	-1682,04
443,71	-1735,79
443,92	-1655,33
444,14	-1701,20
444,35	-1724,83
444,56	-1745,12
444,77	-1713,09
444,99	-1764,41
445,20	-1714,66
445,41	-1720,39
445,62	-1696,72
445,84	-1779,37
446,05	-1728,17
446,26	-1739,78
446,47	-1673,35
446,69	-1805,40
446,90	-1822,69
447,11	-1750,12
447,32	-1743,31
447,54	-1782,64
447,75	-1816,31
447,96	-1784,51
448,17	-1813,94
448,39	-1811,39
448,60	-1701,28
448,81	-1756,93
449,02	-1696,84
449,23	-1890,36
449,45	-1767,60
449,66	-1734,98
449,87	-1762,73
450,08	-1868,17
450,30	-1782,81
450,51	-1790,91
450,72	-1758,91
450,93	-1884,07
451,15	-1813,05
451,36	-1747,45
451,57	-1880,95
451,78	-1807,25
451,99	-1755,14
452,21	-1784,68
452,42	-1751,78
452,63	-1807,16
452,84	-1785,25
453,05	-1771,58
453,27	-1829,73
453,48	-1768,91
453,69	-1832,68
453,90	-1740,90
454,11	-1803,53
454,33	-1809,25
454,54	-1772,14
454,75	-1796,78
454,96	-1794,18
455,17	-1826,39
455,39	-1777,29
455,60	-1871,10
455,81	-1795,11
456,02	-1724,67
456,23	-1750,00
456,45	-1808,82
456,66	-1696,23
456,87	-1841,80
457,08	-1825,43
457,29	-1798,85
457,50	-1712,59
457,72	-1774,70
457,93	-1697,08
458,14	-1722,39
458,35	-1781,20
458,56	-1764,24
458,77	-1713,41
458,99	-1710,42
459,20	-1741,07
459,41	-1872,16
459,62	-1782,41
459,83	-1762,61
460,04	-1818,10
460,26	-1763,92
460,47	-1754,74
460,68	-1815,88
460,89	-1816,24
461,10	-1694,77
461,31	-1768,72
461,52	-1718,18
461,74	-1724,71
461,95	-1768,47
462,16	-1792,72
462,37	-1821,26
462,58	-1642,82
462,79	-1727,38
463,00	-1769,87
463,22	-1733,67
463,43	-1673,40
463,64	-1737,78
463,85	-1724,42
464,06	-1718,45
464,27	-1685,81
464,48	-1697,45
464,70	-1682,47
464,91	-1740,29
465,12	-1709,04
465,33	-1749,52
465,54	-1661,19
465,75	-1707,22
465,96	-1799,18
466,17	-1769,33
466,38	-1745,04
466,60	-1685,23
466,81	-1810,20
467,02	-1730,40
467,23	-1751,36
467,44	-1761,62
467,65	-1782,80
467,86	-1672,84
468,07	-1717,79
468,28	-1743,19
468,50	-1726,52
468,71	-1752,47
468,92	-1689,85
469,13	-1762,98
469,34	-1730,80
469,55	-1728,14
469,76	-1765,75
469,97	-1821,86
470,18	-1754,53
470,39	-1779,20
470,60	-1840,31
470,82	-1682,37
471,03	-1743,23
471,24	-1799,69
471,45	-1639,82
471,66	-1835,48
471,87	-1833,09
472,08	-1799,44
472,29	-1707,37
472,50	-1774,28
472,71	-1711,70
472,92	-1681,54
473,13	-1732,26
473,34	-1739,88
473,55	-1703,01
473,77	-1775,68
473,98	-1763,76
474,19	-1806,47
474,40	-1792,37
474,61	-1793,49
474,82	-1740,94
475,03	-1850,89
475,24	-1848,98
475,45	-1823,54
475,66	-1747,68
475,87	-1822,20
476,08	-1775,85
476,29	-1756,26
476,50	-1716,90
476,71	-1839,24
476,92	-1776,33
477,13	-1787,88
477,34	-1750,92
477,55	-1810,17
477,76	-1829,13
477,97	-1815,68
478,18	-1830,23
478,40	-1928,04
478,61	-1848,37
478,82	-1878,31
479,03	-1811,96
479,24	-1871,30
479,45	-1768,25
479,66	-1771,49
479,87	-1838,63
480,08	-1957,12
480,29	-1817,63
480,50	-1831,92
480,71	-1840,56
480,92	-1858,41
481,13	-1895,10
481,34	-1919,13
481,55	-1922,46
481,76	-1855,81
481,97	-1771,49
482,18	-1844,39
482,39	-1942,61
482,60	-1895,66
482,81	-1838,89
483,02	-1839,34
483,23	-1874,91
483,44	-1809,09
483,65	-1989,55
483,86	-1948,24
484,07	-1937,31
484,28	-1838,89
484,49	-1869,96
484,70	-1954,94
484,91	-1812,95
485,12	-1922,64
485,33	-1894,20
485,54	-1953,56
485,75	-1875,13
485,96	-1946,15
486,17	-1898,93
486,38	-1864,08
486,59	-1903,67
486,80	-1925,09
487,01	-1870,29
487,21	-1938,55
487,42	-1912,73
487,63	-2071,88
487,84	-1947,16
488,05	-1915,83
488,26	-1935,09
488,47	-2010,45
488,68	-2003,23
488,89	-1949,73
489,10	-1984,97
489,31	-1954,53
489,52	-1905,12
489,73	-1957,19
489,94	-1979,37
490,15	-1992,61
490,36	-2035,68
490,57	-1972,26
490,78	-1988,50
490,99	-1977,07
491,20	-2082,28
491,41	-1949,76
491,61	-2051,91
491,82	-1998,50
492,03	-2032,62
492,24	-1987,13
492,45	-1965,90
492,66	-2086,32
492,87	-2008,53
493,08	-2065,87
493,29	-1980,71
493,50	-2069,43
493,71	-1962,18
493,92	-2082,00
494,13	-2029,15
494,34	-2074,52
494,54	-2100,51
494,75	-2033,54
494,96	-2020,75
495,17	-2039,33
495,38	-2115,89
495,59	-2021,92
495,80	-2090,70
496,01	-2035,39
496,22	-1997,54
496,43	-2043,30
496,64	-2067,07
496,84	-2130,96
497,05	-2004,39
497,26	-2076,48
497,47	-2057,43
497,68	-2126,83
497,89	-2089,01
498,10	-2101,89
498,31	-2109,73
498,52	-2043,84
498,72	-2136,38
498,93	-2033,26
499,14	-2184,04
499,35	-2110,41
499,56	-2056,58
499,77	-2000,36
499,98	-2028,77
500,19	-2170,03
500,40	-2119,82
500,60	-2187,38
500,81	-2193,34
501,02	-2141,99
501,23	-2212,98
501,44	-2119,26
501,65	-2111,23
501,86	-2203,38
502,06	-2176,82
502,27	-2107,48
502,48	-2144,39
502,69	-2136,61
502,90	-2170,91
503,11	-2177,64
503,32	-2153,82
503,53	-2218,79
503,73	-2096,16
503,94	-2190,94
504,15	-2185,67
504,36	-2157,55
504,57	-2175,78
504,78	-2219,27
504,98	-2171,93
505,19	-2261,53
505,40	-2241,38
505,61	-2198,61
505,82	-2342,88
506,03	-2170,57
506,23	-2158,73
506,44	-2172,18
506,65	-2290,53
506,86	-2203,71
507,07	-2240,14
507,28	-2173,42
507,48	-2174,83
507,69	-2120,13
507,90	-2249,18
508,11	-2237,78
508,32	-2178,42
508,53	-2276,17
508,73	-2229,09
508,94	-2209,59
509,15	-2156,61
509,36	-2210,92
509,57	-2206,25
509,77	-2249,54
509,98	-2207,14
510,19	-2295,14
510,40	-2181,76
510,61	-2264,18
510,81	-2142,50
511,02	-2208,32
511,23	-2270,99
511,44	-2162,03
511,65	-2214,34
511,85	-2245,70
512,06	-2260,06
512,27	-2195,54
512,48	-2262,15
512,69	-2268,96
512,89	-2303,67
513,10	-2314,09
513,31	-2251,62
513,52	-2269,38
513,73	-2263,61
513,93	-2213,80
514,14	-2309,79
514,35	-2228,73
514,56	-2252,83
514,76	-2374,92
514,97	-2306,97
515,18	-2304,03
515,39	-2184,98
515,60	-2223,39
515,80	-2228,00
516,01	-2276,73
516,22	-2300,80
516,43	-2277,69
516,63	-2257,56
516,84	-2376,70
517,05	-2389,75
517,26	-2341,20
517,46	-2242,94
517,67	-2382,94
517,88	-2256,89
518,09	-2414,58
518,29	-2328,07
518,50	-2179,40
518,71	-2322,48
518,92	-2214,49
519,12	-2293,63
519,33	-2241,53
519,54	-2289,58
519,75	-2376,76
519,95	-2318,72
520,16	-2376,89
520,37	-2375,31
520,57	-2297,94
520,78	-2337,19
520,99	-2401,99
521,20	-2360,16
521,40	-2349,91
521,61	-2403,19
521,82	-2426,87
522,03	-2351,88
522,23	-2379,18
522,44	-2359,95
522,65	-2374,99
522,85	-2474,77
523,06	-2448,40
523,27	-2403,97
523,48	-2266,73
523,68	-2390,19
523,89	-2286,41
524,10	-2385,75
524,30	-2493,55
524,51	-2313,70
524,72	-2413,02
524,93	-2349,48
525,13	-2393,51
525,34	-2415,66
525,55	-2306,33
525,75	-2341,13
525,96	-2379,72
526,17	-2467,63
526,37	-2356,64
526,58	-2282,49
526,79	-2508,35
526,99	-2325,95
527,20	-2314,21
527,41	-2405,31
527,62	-2454,32
527,82	-2421,73
528,03	-2467,71
528,24	-2371,18
528,44	-2346,34
528,65	-2399,31
528,86	-2402,53
529,06	-2451,28
529,27	-2450,68
529,48	-2395,27
529,68	-2366,72
529,89	-2450,57
530,10	-2456,89
530,30	-2346,86
530,51	-2489,68
530,72	-2362,56
530,92	-2363,82
531,13	-2440,88
531,34	-2563,78
531,54	-2369,11
531,75	-2432,70
531,96	-2451,39
532,16	-2438,49
532,37	-2368,49
532,57	-2475,86
532,78	-2395,69
532,99	-2430,80
533,19	-2463,33
533,40	-2524,18
533,61	-2510,81
533,81	-2444,31
534,02	-2398,31
534,23	-2399,10
534,43	-2421,12
534,64	-2496,57
534,84	-2585,66
535,05	-2424,15
535,26	-2441,73
535,46	-2485,59
535,67	-2410,62
535,88	-2411,65
536,08	-2345,71
536,29	-2462,84
536,49	-2485,76
536,70	-2422,54
536,91	-2449,88
537,11	-2382,23
537,32	-2484,14
537,53	-2439,96
537,73	-2460,07
537,94	-2503,67
538,14	-2369,34
538,35	-2534,01
538,56	-2539,85
538,76	-2528,14
538,97	-2478,07
539,17	-2513,12
539,38	-2460,89
539,59	-2388,48
539,79	-2458,88
540,00	-2528,54
540,20	-2484,96
540,41	-2424,77
540,62	-2259,59
540,82	-2420,67
541,03	-2422,68
541,23	-2497,60
541,44	-2676,63
541,64	-2474,75
541,85	-2489,03
542,06	-2477,93
542,26	-2455,78
542,47	-2542,62
542,67	-2513,66
542,88	-2537,73
543,08	-2387,04
543,29	-2594,55
543,50	-2514,27
543,70	-2476,67
543,91	-2414,01
544,11	-2355,90
544,32	-2422,04
544,52	-2418,06
544,73	-2448,98
544,94	-2667,20
545,14	-2530,21
545,35	-2466,97
545,55	-2601,82
545,76	-2536,95
545,96	-2439,99
546,17	-2462,08
546,37	-2560,95
546,58	-2546,88
546,78	-2547,60
546,99	-2497,56
547,20	-2461,98
547,40	-2588,43
547,61	-2479,48
547,81	-2560,06
548,02	-2518,65
548,22	-2470,91
548,43	-2490,35
548,63	-2568,34
548,84	-2505,40
549,04	-2574,97
549,25	-2535,39
549,45	-2509,69
549,66	-2483,69
549,86	-2460,79
550,07	-2500,62
550,27	-2458,30
550,48	-2478,07
550,69	-2525,18
550,89	-2527,38
551,10	-2496,97
551,30	-2525,56
551,51	-2622,40
551,71	-2388,60
551,92	-2429,47
552,12	-2472,29
552,33	-2529,61
552,53	-2651,31
552,74	-2483,87
552,94	-2475,64
553,15	-2575,93
553,35	-2462,22
553,56	-2426,24
553,76	-2527,81
553,97	-2439,26
554,17	-2453,26
554,38	-2387,61
554,58	-2419,29
554,79	-2596,01
554,99	-2533,90
555,19	-2556,26
555,40	-2418,75
555,60	-2517,09
555,81	-2455,31
556,01	-2527,01
556,22	-2520,60
556,42	-2470,36
556,63	-2381,01
556,83	-2434,75
557,04	-2506,44
557,24	-2346,60
557,45	-2496,66
557,65	-2554,82
557,86	-2406,96
558,06	-2435,67
558,27	-2371,80
558,47	-2487,09
558,67	-2473,21
558,88	-2532,13
559,08	-2532,81
559,29	-2464,83
559,49	-2486,32
559,70	-2402,49
559,90	-2480,57
560,11	-2587,99
560,31	-2513,05
560,52	-2524,29
560,72	-2410,85
560,92	-2347,84
561,13	-2534,23
561,33	-2505,69
561,54	-2544,27
561,74	-2511,80
561,95	-2471,01
562,15	-2409,35
562,35	-2457,70
562,56	-2523,65
562,76	-2385,93
562,97	-2474,21
563,17	-2483,61
563,38	-2552,63
563,58	-2407,71
563,78	-2499,97
563,99	-2449,35
564,19	-2514,50
564,40	-2481,31
564,60	-2475,65
564,80	-2400,77
565,01	-2398,33
565,21	-2452,44
565,42	-2485,90
565,62	-2524,89
565,83	-2680,75
566,03	-2491,93
566,23	-2419,51
566,44	-2598,39
566,64	-2542,68
566,85	-2468,54
567,05	-2527,13
567,25	-2413,47
567,46	-2466,27
567,66	-2412,28
567,86	-2494,53
568,07	-2470,20
568,27	-2512,86
568,48	-2396,71
568,68	-2410,69
568,88	-2480,00
569,09	-2542,84
569,29	-2428,89
569,50	-2516,52
569,70	-2356,84
569,90	-2444,51
570,11	-2529,43
570,31	-2373,18
570,51	-2471,48
570,72	-2451,70
570,92	-2510,49
571,13	-2437,60
571,33	-2381,69
571,53	-2455,76
571,74	-2379,46
571,94	-2432,64
572,14	-2551,22
572,35	-2427,56
572,55	-2519,45
572,75	-2460,54
572,96	-2409,44
573,16	-2465,32
573,36	-2328,36
573,57	-2403,46
573,77	-2463,03
573,97	-2335,87
574,18	-2454,11
574,38	-2454,92
574,59	-2364,06
574,79	-2434,33
574,99	-2414,40
575,20	-2412,79
575,40	-2301,47
575,60	-2418,68
575,81	-2357,61
576,01	-2377,18
576,21	-2435,26
576,42	-2496,31
576,62	-2457,79
576,82	-2368,07
577,02	-2358,31
577,23	-2419,69
577,43	-2395,42
577,63	-2290,28
577,84	-2365,31
578,04	-2367,20
578,24	-2362,17
578,45	-2391,20
578,65	-2448,93
578,85	-2375,68
579,06	-2345,48
579,26	-2300,00
579,46	-2379,52
579,67	-2311,81
579,87	-2272,01
580,07	-2295,85
580,27	-2355,46
580,48	-2349,20
580,68	-2337,65
580,88	-2311,69
581,09	-2208,73
581,29	-2320,79
581,49	-2314,32
581,69	-2364,64
581,90	-2283,20
582,10	-2292,91
582,30	-2258,94
582,51	-2323,87
582,71	-2383,07
582,91	-2280,95
583,11	-2295,44
583,32	-2258,22
583,52	-2206,26
583,72	-2192,56
583,93	-2241,71
584,13	-2200,37
584,33	-2258,63
584,53	-2237,72
584,74	-2236,14
584,94	-2360,07
585,14	-2153,35
585,34	-2273,81
585,55	-2191,48
585,75	-2208,10
585,95	-2208,51
586,15	-2158,12
586,36	-2158,01
586,56	-2113,82
586,76	-2170,37
586,96	-2178,68
587,17	-2177,56
587,37	-2008,05
587,57	-2158,40
587,77	-2120,58
587,98	-2007,96
588,18	-1959,01
588,38	-2084,21
588,58	-1962,72
588,79	-2099,55
588,99	-2155,58
589,19	-2047,97
589,39	-2085,05
589,60	-1970,82
589,80	-2014,43
590,00	-2061,81
590,20	-1917,44
590,40	-1982,47
590,61	-1944,49
590,81	-2043,57
591,01	-1856,61
591,21	-1925,49
591,42	-1955,06
591,62	-1827,69
591,82	-1842,41
592,02	-1807,55
592,22	-1759,70
592,43	-1909,95
592,63	-1870,29
592,83	-1694,20
593,03	-1816,91
593,23	-1845,57
593,44	-1665,07
593,64	-1760,87
593,84	-1678,07
594,04	-1776,72
594,24	-1723,59
594,45	-1649,60
594,65	-1702,43
594,85	-1593,34
595,05	-1648,07
595,25	-1611,56
595,46	-1481,01
595,66	-1537,65
595,86	-1628,68
596,06	-1594,23
596,26	-1480,39
596,46	-1521,24
596,67	-1439,88
596,87	-1355,28
597,07	-1375,11
597,27	-1395,02
597,47	-1454,41
597,67	-1253,52
597,88	-1230,06
598,08	-1339,72
598,28	-1214,08
598,48	-1247,59
598,68	-1216,55
598,88	-1297,70
599,09	-1145,43
599,29	-1195,37
599,49	-1038,77
599,69	-1117,73
599,89	-1057,53
600,09	-970,71
600,30	-975,57
600,50	-989,09
600,70	-886,12
600,90	-911,92
601,10	-893,71
601,30	-868,18
601,50	-766,92
601,71	-759,26
601,91	-610,10
602,11	-651,82
602,31	-589,62
602,51	-702,80
602,71	-543,70
602,91	-453,71
603,11	-457,34
603,32	-489,17
603,52	-223,52
603,72	-166,55
603,92	-245,12
604,12	-349,54
604,32	-155,12
604,52	-158,59
604,72	37,85
604,93	-33,65
605,13	-39,10
605,33	172,50
605,53	86,25
605,73	69,91
605,93	344,80
606,13	226,28
606,33	418,72
606,53	442,69
606,74	416,35
606,94	591,35
607,14	510,57
607,34	648,11
607,54	700,54
607,74	898,86
607,94	747,00
608,14	974,53
608,34	1031,27
608,54	978,23
608,74	1221,44
608,95	1210,34
609,15	1332,18
609,35	1359,70
609,55	1503,55
609,75	1395,46
609,95	1670,55
610,15	1721,04
610,35	1729,54
610,55	1883,74
610,75	1805,16
610,95	2026,87
611,15	2196,22
611,35	2147,28
611,55	2372,77
611,76	2441,07
611,96	2515,43
612,16	2679,99
612,36	2923,23
612,56	2910,55
612,76	3022,50
612,96	3135,52
613,16	3229,78
613,36	3338,19
613,56	3438,52
613,76	3430,23
613,96	3603,51
614,16	3901,67
614,36	4018,31
614,56	4128,67
614,76	4336,91
614,96	4319,10
615,16	4370,13
615,36	4641,79
615,56	4685,50
615,76	4968,32
615,97	5077,99
616,17	5180,83
616,37	5438,36
616,57	5527,49
616,77	5649,35
616,97	5855,69
617,17	6029,17
617,37	6230,02
617,57	6366,00
617,77	6620,39
617,97	6668,79
618,17	6785,11
618,37	7198,29
618,57	7230,42
618,77	7359,89
618,97	7633,62
619,17	7718,48
619,37	8033,95
619,57	8299,97
619,77	8558,16
619,97	8781,31
620,17	8750,51
620,37	9110,59
620,57	9216,99
620,77	9533,37
620,97	9630,51
621,17	9946,03
621,37	10176,81
621,57	10287,66
621,77	10699,47
621,97	11083,61
622,17	11008,16
622,37	11456,26
622,57	11736,05
622,77	11960,87
622,97	12350,53
623,17	12601,46
623,37	12925,00
623,57	13195,64
623,77	13450,46
623,97	13766,66
624,16	14011,78
624,36	14580,84
624,56	14865,74
624,76	15208,39
624,96	15550,83
625,16	15928,91
625,36	16133,44
625,56	16638,79
625,76	16940,21
625,96	17282,13
626,16	17698,39
626,36	18242,69
626,56	18464,16
626,76	18879,23
626,96	19319,81
627,16	19890,19
627,36	20194,07
627,56	20633,49
627,76	21270,99
627,96	21572,22
628,16	22230,75
628,35	22298,85
628,55	22898,58
628,75	23577,92
628,95	23961,53
629,15	24552,31
629,35	25123,85
629,55	25521,52
629,75	25851,65
629,95	26868,43
630,15	27169,18
630,35	27884,65
630,55	28143,74
630,75	28741,84
630,95	29066,63
631,14	30192,50
631,34	30737,63
631,54	31390,88
631,74	31893,56
631,94	32321,82
632,14	33062,35
632,34	33286,61
632,54	34068,85
632,74	34698,20
632,94	35433,18
633,14	36083,03
633,33	36674,01
633,53	37102,78
633,73	38191,76
633,93	38516,96
634,13	39241,60
634,33	40299,62
634,53	40552,93
634,73	41001,28
634,93	41635,97
635,12	42091,63
635,32	42812,32
635,52	43122,87
635,72	44081,27
635,92	44697,59
636,12	44785,24
636,32	45297,79
636,52	46109,31
636,71	46543,23
636,91	46787,17
637,11	47248,99
637,31	47843,56
637,51	48000,53
637,71	48550,72
637,91	48817,00
638,11	48663,78
638,30	48837,73
638,50	49620,36
638,70	49751,54
638,90	49542,97
639,10	49267,43
639,30	49709,84
639,50	49395,75
639,69	49603,76
639,89	49512,78
640,09	49048,32
640,29	48814,66
640,49	48364,28
640,69	47939,39
640,88	47882,52
641,08	47300,42
641,28	47084,66
641,48	46111,69
641,68	45433,36
641,88	45356,33
642,07	44468,01
642,27	44286,15
642,47	42800,11
642,67	42825,85
642,87	41597,30
643,07	41026,55
643,26	40472,77
643,46	39494,17
643,66	38535,95
643,86	37783,93
644,06	36782,69
644,26	36240,72
644,45	34872,87
644,65	33991,50
644,85	32924,60
645,05	32056,26
645,25	31188,32
645,44	30253,27
645,64	28989,81
645,84	28312,24
646,04	27249,99
646,24	26306,03
646,43	25446,20
646,63	24598,55
646,83	23773,89
647,03	22991,39
647,23	21986,56
647,42	21288,57
647,62	20273,93
647,82	19642,62
648,02	18904,85
648,22	18152,55
648,41	17512,25
648,61	16926,56
648,81	16048,01
649,01	15678,24
649,20	14973,22
649,40	14330,58
649,60	13821,36
649,80	13121,11
650,00	12648,30
650,19	12217,74
650,39	11610,02
650,59	11408,95
650,79	10915,37
650,98	10506,81
651,18	10099,12
651,38	9747,25
651,58	9239,21
651,77	8935,00
651,97	8493,77
652,17	8246,76
652,37	7751,95
652,56	7564,49
652,76	7259,28
652,96	6952,87
653,16	6728,83
653,35	6279,07
653,55	5989,18
653,75	5869,44
653,95	5700,70
654,14	5321,43
654,34	5258,54
654,54	4981,49
654,74	4640,08
654,93	4444,43
655,13	4297,68
655,33	4004,95
655,52	3842,96
655,72	3768,75
655,92	3391,26
656,12	3381,47
656,31	3282,11
656,51	2983,97
656,71	2849,89
656,91	2703,56
657,10	2494,68
657,30	2442,01
657,50	2182,59
657,69	2051,63
657,89	2014,97
658,09	1942,18
658,29	1684,09
658,48	1693,90
658,68	1589,25
658,88	1407,95
659,07	1288,45
659,27	1206,32
659,47	1146,74
659,66	1012,59
659,86	855,66
660,06	792,28
660,26	754,04
660,45	673,06
660,65	536,18
660,85	446,34
661,04	458,40
661,24	335,97
661,44	222,33
661,63	237,65
661,83	196,00
662,03	-6,90
662,22	0,03
662,42	-80,15
662,62	-87,97
662,81	-207,76
663,01	-153,07
663,21	-321,95
663,40	-318,23
663,60	-385,62
663,80	-430,86
663,99	-334,49
664,19	-541,24
664,39	-493,54
664,58	-610,78
664,78	-611,96
664,98	-728,54
665,17	-648,96
665,37	-763,49
665,57	-802,19
665,76	-831,79
665,96	-884,33
666,16	-871,90
666,35	-879,35
666,55	-942,66
666,74	-816,78
666,94	-773,77
667,14	-1036,26
667,33	-921,80
667,53	-973,84
667,73	-1046,35
667,92	-1085,09
668,12	-1001,46
668,32	-1037,43
668,51	-1190,95
668,71	-1073,36
668,90	-1141,81
669,10	-1183,64
669,30	-1162,28
669,49	-1268,63
669,69	-1257,36
669,89	-1194,32
670,08	-1261,76
670,28	-1272,13
670,47	-1275,37
670,67	-1275,57
670,87	-1250,21
671,06	-1295,11
671,26	-1312,72
671,45	-1433,43
671,65	-1324,52
671,85	-1307,24
672,04	-1397,84
672,24	-1360,57
672,43	-1421,80
672,63	-1484,96
672,83	-1436,32
673,02	-1417,09
673,22	-1400,24
673,41	-1612,51
673,61	-1386,06
673,81	-1450,74
674,00	-1405,92
674,20	-1524,84
674,39	-1476,12
674,59	-1508,26
674,78	-1498,65
674,98	-1539,75
675,18	-1546,28
675,37	-1443,50
675,57	-1514,13
675,76	-1556,71
675,96	-1525,46
676,15	-1466,68
676,35	-1526,54
676,55	-1579,68
676,74	-1640,47
676,94	-1562,32
677,13	-1547,09
677,33	-1512,78
677,52	-1562,83
677,72	-1617,40
677,91	-1518,78
678,11	-1556,43
678,31	-1520,62
678,50	-1575,60
678,70	-1631,32
678,89	-1582,06
679,09	-1597,23
679,28	-1653,79
679,48	-1552,41
679,67	-1600,07
679,87	-1507,59
680,06	-1485,86
680,26	-1640,09
680,46	-1577,86
680,65	-1641,18
680,85	-1626,43
681,04	-1613,93
681,24	-1664,77
681,43	-1671,17
681,63	-1561,73
681,82	-1629,16
682,02	-1610,80
682,21	-1586,37
682,41	-1583,46
682,60	-1592,93
682,80	-1626,95
682,99	-1617,50
683,19	-1670,98
683,38	-1592,61
683,58	-1583,84
683,77	-1603,76
683,97	-1599,91
684,16	-1576,45
684,36	-1620,26
684,55	-1618,99
684,75	-1689,32
684,94	-1729,16
685,14	-1589,80
685,33	-1651,27
685,53	-1644,91
685,72	-1593,86
685,92	-1654,22
686,11	-1659,24
686,31	-1623,40
686,50	-1588,31
686,70	-1573,22
686,89	-1651,43
687,09	-1659,94
687,28	-1614,32
687,48	-1672,62
687,67	-1587,28
687,87	-1717,16
688,06	-1611,98
688,26	-1609,33
688,45	-1577,38
688,65	-1588,81
688,84	-1578,87
689,03	-1523,97
689,23	-1673,06
689,42	-1673,71
689,62	-1664,97
689,81	-1610,90
690,01	-1593,84
690,20	-1615,78
690,40	-1740,13
690,59	-1590,62
690,79	-1578,85
690,98	-1607,59
691,17	-1660,33
691,37	-1613,77
691,56	-1634,12
691,76	-1673,61
691,95	-1646,51
692,15	-1674,44
692,34	-1544,21
692,54	-1656,33
692,73	-1631,88
692,92	-1677,29
693,12	-1616,84
693,31	-1735,47
693,51	-1661,42
693,70	-1750,29
693,90	-1693,62
694,09	-1656,55
694,28	-1711,34
694,48	-1644,36
694,67	-1703,66
694,87	-1666,19
695,06	-1670,91
695,26	-1745,99
695,45	-1677,25
695,64	-1679,78
695,84	-1669,42
696,03	-1746,77
696,23	-1635,30
696,42	-1669,00
696,61	-1708,36
696,81	-1725,64
697,00	-1747,83
697,20	-1626,69
697,39	-1823,59
697,58	-1717,25
697,78	-1766,44
697,97	-1646,18
698,17	-1663,02
698,36	-1745,03
698,55	-1696,86
698,75	-1709,16
698,94	-1704,01
699,14	-1678,80
699,33	-1754,72
699,52	-1700,04
699,72	-1669,93
699,91	-1785,83
700,10	-1742,29
700,30	-1808,22
700,49	-1776,23
700,69	-1664,61
700,88	-1724,90
701,07	-1756,93
701,27	-1836,57
701,46	-1814,52
701,65	-1686,18
701,85	-1824,14
702,04	-1701,86
702,23	-1712,60
702,43	-1759,21
702,62	-1695,05
702,82	-1675,36
703,01	-1763,49
703,20	-1721,48
703,40	-1718,06
703,59	-1673,83
703,78	-1686,22
703,98	-1731,94
704,17	-1774,13
704,36	-1785,55
704,56	-1733,58
704,75	-1717,61
704,94	-1834,57
705,14	-1678,80
705,33	-1796,33
705,52	-1751,94
705,72	-1773,68
705,91	-1780,68
706,10	-1800,74
706,30	-1736,68
706,49	-1752,09
706,68	-1758,89
706,88	-1776,36
707,07	-1818,71
707,26	-1706,44
707,46	-1754,28
707,65	-1672,71
707,84	-1762,86
708,04	-1728,67
708,23	-1728,94
708,42	-1744,34
708,62	-1723,72
708,81	-1795,88
709,00	-1756,03
709,19	-1778,58
709,39	-1829,67
709,58	-1786,21
709,77	-1834,13
709,97	-1777,84
710,16	-1690,15
710,35	-1758,61
710,55	-1818,47
710,74	-1783,82
710,93	-1758,66
711,12	-1670,15
711,32	-1771,91
711,51	-1753,80
711,70	-1851,28
711,90	-1768,71
712,09	-1720,18
712,28	-1859,08
712,47	-1765,38
712,67	-1684,10
712,86	-1792,16
713,05	-1738,63
713,24	-1822,83
713,44	-1715,09
713,63	-1737,76
713,82	-1756,17
714,02	-1826,72
714,21	-1702,12
714,40	-1801,96
714,59	-1798,88
714,79	-1664,75
714,98	-1672,11
715,17	-1743,06
715,36	-1788,89
715,56	-1736,10
715,75	-1658,05
715,94	-1703,56
716,13	-1689,90
716,33	-1741,32
716,52	-1688,90
716,71	-1691,11
716,90	-1728,75
717,10	-1709,29
717,29	-1753,22
717,48	-1636,79
717,67	-1687,37
717,87	-1817,33
718,06	-1692,74
718,25	-1702,40
718,44	-1702,76
718,63	-1692,07
718,83	-1733,01
719,02	-1715,65
719,21	-1719,93
719,40	-1704,17
719,60	-1684,12
719,79	-1706,05
719,98	-1742,18
720,17	-1669,12
720,36	-1669,30
720,56	-1738,95
720,75	-1756,18
720,94	-1755,56
721,13	-1801,71
721,33	-1633,54
721,52	-1730,76
721,71	-1674,69
721,90	-1696,54
722,09	-1703,81
722,29	-1827,96
722,48	-1774,13
722,67	-1695,95
722,86	-1727,25
723,05	-1706,00
723,24	-1752,37
723,44	-1758,58
723,63	-1691,46
723,82	-1842,07
724,01	-1728,21
724,20	-1790,92
724,40	-1767,98
724,59	-1724,14
724,78	-1714,90
724,97	-1737,51
725,16	-1686,95
725,35	-1801,16
725,55	-1732,65
725,74	-1704,01
725,93	-1752,99
726,12	-1772,07
726,31	-1703,37
726,51	-1780,01
726,70	-1746,82
726,89	-1806,43
727,08	-1830,15
727,27	-1742,23
727,46	-1702,09
727,65	-1779,94
727,85	-1708,65
728,04	-1710,63
728,23	-1822,03
728,42	-1730,35
728,61	-1731,30
728,80	-1788,82
729,00	-1841,83
729,19	-1675,98
729,38	-1729,96
729,57	-1769,51
729,76	-1854,59
729,95	-1698,79
730,14	-1794,21
730,33	-1756,17
730,53	-1812,27
730,72	-1825,61
730,91	-1735,24
731,10	-1661,72
731,29	-1804,76
731,48	-1745,61
731,67	-1733,16
731,86	-1888,07
732,06	-1722,34
732,25	-1817,91
732,44	-1834,21
732,63	-1826,08
732,82	-1790,40
733,01	-1774,95
733,20	-1775,36
733,39	-1719,68
733,59	-1784,08
733,78	-1849,38
733,97	-1771,26
734,16	-1809,61
734,35	-1721,41
734,54	-1701,69
734,73	-1748,49
734,92	-1816,36
735,11	-1822,83
735,30	-1692,84
735,49	-1856,08
735,69	-1694,65
735,88	-1851,43
736,07	-1835,66
736,26	-1888,42
736,45	-1794,72
736,64	-1815,33
736,83	-1761,91
737,02	-1823,53
737,21	-1855,62
737,40	-1918,88
737,59	-1982,42
737,78	-1776,28
737,98	-1764,82
738,17	-1864,67
738,36	-1816,84
738,55	-1820,39
738,74	-1776,87
738,93	-1699,82
739,12	-1773,84
739,31	-1769,38
739,50	-1806,89
739,69	-1801,62
739,88	-1878,40
740,07	-1817,47
740,26	-1881,73
740,45	-1858,33
740,64	-1850,35
740,83	-1832,40
741,02	-1823,37
741,22	-1831,94
741,41	-1927,17
741,60	-1734,03
741,79	-1760,20
741,98	-1831,85
742,17	-1818,12
742,36	-1825,96
742,55	-1839,21
742,74	-1835,17
742,93	-1788,16
743,12	-1879,68
743,31	-1838,37
743,50	-1858,95
743,69	-1894,59
743,88	-1827,15
744,07	-1805,35
744,26	-1826,71
744,45	-1819,88
744,64	-1718,82
744,83	-1793,74
745,02	-1901,78
745,21	-1828,68
745,40	-1826,91
745,59	-1852,70
745,78	-1801,27
745,97	-1835,27
746,16	-1879,91
746,35	-1804,72
746,54	-1792,16
746,73	-1839,63
746,92	-1771,97
747,11	-1874,01
747,30	-1772,78
747,49	-1809,22
747,68	-1827,43
747,87	-1857,42
748,06	-1889,58
748,25	-1798,63
748,44	-1837,12
748,63	-1748,01
748,82	-1809,44
749,01	-1803,09
749,20	-1811,37
749,39	-1820,69
749,58	-1786,81
749,77	-1762,76
749,96	-1826,99
750,15	-1873,16
750,34	-1796,97
750,53	-1843,01
750,72	-1771,02
750,91	-1787,84
751,10	-1733,61
751,29	-1884,61
751,48	-1726,37
751,67	-1822,74
751,86	-1756,94
752,04	-1741,07
752,23	-1699,91
752,42	-1853,03
752,61	-1902,86
752,80	-1770,50
752,99	-1778,34
753,18	-1876,32
753,37	-1788,94
753,56	-1833,69
753,75	-1810,79
753,94	-1891,70
754,13	-1789,29
754,32	-1781,32
754,51	-1785,80
754,70	-1857,06
754,89	-1830,15
755,08	-1787,59
755,27	-1711,46
755,45	-1789,51
755,64	-1769,61
755,83	-1741,83
756,02	-1756,39
756,21	-1638,02
756,40	-1767,12
756,59	-1682,31
756,78	-1755,32
756,97	-1703,70
757,16	-1735,02
757,35	-1662,16
757,54	-1690,45
757,72	-1645,64
757,91	-1709,74
758,10	-1645,65
758,29	-1646,67
758,48	-1633,38
758,67	-1575,89
758,86	-1623,74
759,05	-1625,58
759,24	-1680,12
759,43	-1587,29
759,61	-1640,09
759,80	-1560,00
759,99	-1595,34
760,18	-1677,05
760,37	-1533,72
760,56	-1572,60
760,75	-1579,86
760,94	-1632,69
761,13	-1512,21
761,31	-1626,64
761,50	-1542,74
761,69	-1513,96
761,88	-1490,45
762,07	-1547,93
762,26	-1556,27
762,45	-1536,02
762,64	-1608,64
762,82	-1535,99
763,01	-1473,64
763,20	-1549,21
763,39	-1559,59
763,58	-1520,45
763,77	-1568,02
763,96	-1556,53
764,14	-1505,49
764,33	-1619,54
764,52	-1602,62
764,71	-1578,48
764,90	-1530,28
765,09	-1643,97
765,27	-1528,36
765,46	-1633,23
765,65	-1624,30
765,84	-1569,19
766,03	-1630,12
766,22	-1663,16
766,41	-1750,27
766,59	-1639,76
766,78	-1601,81
766,97	-1723,50
767,16	-1573,32
767,35	-1720,23
767,54	-1745,29
767,72	-1616,49
767,91	-1690,60
768,10	-1720,82
768,29	-1718,25
768,48	-1683,08
768,66	-1714,84
768,85	-1665,51
769,04	-1702,67
769,23	-1765,05
769,42	-1893,77
769,61	-1703,06
769,79	-1735,05
769,98	-1598,47
770,17	-1800,03
770,36	-1722,38
770,55	-1720,13
770,73	-1751,59
770,92	-1811,44
771,11	-1794,40
771,30	-1759,69
771,49	-1801,16
771,67	-1740,44
771,86	-1782,93
772,05	-1742,57
772,24	-1795,22
772,42	-1755,28
772,61	-1763,59
772,80	-1740,82
772,99	-1798,14
773,18	-1703,11
773,36	-1632,81
773,55	-1777,57
773,74	-1678,00
773,93	-1788,36
774,11	-1655,02
774,30	-1675,28
774,49	-1735,72
774,68	-1776,23
774,87	-1727,15
775,05	-1732,37
775,24	-1711,23
775,43	-1639,57
775,62	-1764,52
775,80	-1687,67
775,99	-1666,99
776,18	-1758,99
776,37	-1775,31
776,55	-1705,32
776,74	-1729,25
776,93	-1636,84
777,12	-1810,98
777,30	-1692,74
777,49	-1756,61
777,68	-1695,59
777,87	-1742,02
778,05	-1696,23
778,24	-1641,90
778,43	-1664,81
778,62	-1733,06
778,80	-1773,03
778,99	-1735,46
779,18	-1731,85
779,36	-1744,29
779,55	-1645,86
779,74	-1720,23
779,93	-1659,33
780,11	-1706,92
780,30	-1687,05
780,49	-1723,68
780,68	-1635,62
780,86	-1675,86
781,05	-1793,29
781,24	-1710,35
781,42	-1737,99
781,61	-1665,21
781,80	-1719,88
781,98	-1681,70
782,17	-1755,43
782,36	-1802,01
782,55	-1650,57
782,73	-1703,70
782,92	-1647,64
783,11	-1802,79
783,29	-1664,72
783,48	-1660,84
783,67	-1712,84
783,85	-1685,55
784,04	-1674,92
784,23	-1635,57
784,42	-1661,19
784,60	-1740,98
784,79	-1659,93
784,98	-1726,90
785,16	-1607,12
785,35	-1692,62
785,54	-1635,59
785,72	-1663,61
785,91	-1729,67
786,10	-1692,08
786,28	-1693,34
786,47	-1738,61
786,66	-1676,31
786,84	-1691,53
787,03	-1705,03
787,22	-1555,49
787,40	-1723,95
787,59	-1679,14
787,78	-1715,78
787,96	-1623,65
788,15	-1624,39
788,34	-1661,50
788,52	-1639,81
788,71	-1706,98
788,89	-1620,87
789,08	-1739,30
789,27	-1605,84
789,45	-1684,72
789,64	-1588,46
789,83	-1703,69
790,01	-1719,35
790,20	-1760,87
790,39	-1732,59
790,57	-1705,50
790,76	-1640,47
790,95	-1653,91
791,13	-1675,47
791,32	-1560,97
791,50	-1695,50
791,69	-1684,77
791,88	-1629,89
792,06	-1666,57
792,25	-1647,34
792,43	-1663,89
792,62	-1618,35
792,81	-1577,07
792,99	-1712,43
793,18	-1727,54
793,37	-1670,28
793,55	-1643,88
793,74	-1683,82
793,92	-1622,47
794,11	-1649,93
794,30	-1654,87
794,48	-1695,72
794,67	-1639,19
794,85	-1670,59
795,04	-1650,75
795,23	-1612,77
795,41	-1620,38
795,60	-1552,01
795,78	-1675,65
795,97	-1663,05
796,15	-1657,47
796,34	-1697,16
796,53	-1626,13
796,71	-1721,41
796,90	-1599,47
797,08	-1700,05
797,27	-1661,38
797,46	-1653,38
797,64	-1632,92
797,83	-1613,93
798,01	-1621,86
798,20	-1661,42
798,38	-1601,26
798,57	-1740,11
798,76	-1759,11
798,94	-1674,28
799,13	-1694,45
799,31	-1626,22
799,50	-1661,11
799,68	-1721,44
799,87	-1645,08
800,05	-1746,23
800,24	-1575,30
800,43	-1665,09
800,61	-1707,41
800,80	-1598,99
800,98	-1657,41
801,17	-1643,58
801,35	-1663,05
801,54	-1744,47
801,72	-1594,50
801,91	-1685,11
802,09	-1590,76
802,28	-1636,93
802,46	-1629,45
802,65	-1646,66
802,84	-1584,59
803,02	-1688,56
803,21	-1651,17
803,39	-1654,67
803,58	-1667,56
803,76	-1654,09
803,95	-1687,69
804,13	-1568,93
804,32	-1648,16
804,50	-1587,38
804,69	-1748,14
804,87	-1579,17
805,06	-1653,54
805,24	-1683,79
805,43	-1673,15
805,61	-1637,52
805,80	-1633,10
805,98	-1607,27
806,17	-1652,17
806,35	-1684,24
806,54	-1648,36
806,72	-1665,94
806,91	-1744,00
807,09	-1624,46
807,28	-1648,71
807,46	-1610,03
807,65	-1832,10
807,83	-1667,63
808,02	-1665,98
808,20	-1604,39
808,39	-1633,08
808,57	-1651,15
808,76	-1618,31
808,94	-1553,07
809,13	-1584,11
809,31	-1650,55
809,49	-1631,98
809,68	-1670,07
809,86	-1559,21
810,05	-1613,89
810,23	-1651,31
810,42	-1602,25
810,60	-1592,01
810,79	-1662,48
810,97	-1617,17
811,16	-1664,95
811,34	-1586,05
811,53	-1508,39
811,71	-1617,37
811,89	-1568,36
812,08	-1539,78
812,26	-1641,35
812,45	-1601,51
812,63	-1671,55
812,82	-1624,78
813,00	-1612,19
813,19	-1644,94
813,37	-1549,83
813,55	-1565,65
813,74	-1618,01
813,92	-1547,27
814,11	-1559,95
814,29	-1706,61
814,48	-1617,32
814,66	-1641,30
814,84	-1550,81
815,03	-1631,09
815,21	-1576,20
815,40	-1551,81
815,58	-1547,39
815,77	-1561,52
815,95	-1599,99
816,13	-1612,73
816,32	-1538,95
816,50	-1603,91
816,69	-1552,87
816,87	-1504,05
817,05	-1553,83
817,24	-1511,34
817,42	-1550,91
817,61	-1510,12
817,79	-1530,71
817,97	-1549,14
818,16	-1639,61
818,34	-1553,36
818,53	-1542,88
818,71	-1514,60
818,89	-1564,91
819,08	-1614,60
819,26	-1522,14
819,45	-1502,45
819,63	-1590,03
819,81	-1532,27
820,00	-1547,87
820,18	-1634,77
820,36	-1486,00
820,55	-1481,95
820,73	-1558,09
820,92	-1618,35
821,10	-1594,41
821,28	-1577,63
821,47	-1655,18
821,65	-1597,87
821,83	-1554,01
822,02	-1516,10
822,20	-1566,15
822,39	-1557,31
822,57	-1635,75
822,75	-1647,58
822,94	-1584,76
823,12	-1532,54
823,30	-1565,95
823,49	-1546,16
823,67	-1633,82
823,85	-1499,94
824,04	-1599,63
824,22	-1524,49
824,40	-1510,03
824,59	-1565,57
824,77	-1553,51
824,95	-1534,26
825,14	-1502,60
825,32	-1533,13
825,50	-1554,17
825,69	-1604,02
825,87	-1584,30
826,05	-1547,90
826,24	-1514,12
826,42	-1497,62
826,60	-1476,14
826,79	-1559,93
826,97	-1562,69
827,15	-1665,40
827,34	-1533,81
827,52	-1634,44
827,70	-1528,08
827,89	-1611,69
828,07	-1449,29
828,25	-1526,22
828,44	-1603,53
828,62	-1537,49
828,80	-1594,38
828,98	-1546,42
829,17	-1516,72
829,35	-1559,03
829,53	-1597,10
829,72	-1490,54
829,90	-1522,01
830,08	-1527,58
830,27	-1530,95
830,45	-1618,60
830,63	-1576,17
830,81	-1501,84
831,00	-1526,06
831,18	-1602,50
831,36	-1606,44
831,55	-1629,77
831,73	-1547,20
831,91	-1518,94
832,09	-1525,77
832,28	-1481,46
832,46	-1610,45
832,64	-1519,41
832,82	-1502,25
833,01	-1655,31
833,19	-1569,46
833,37	-1581,62
833,55	-1627,89
833,74	-1541,84
833,92	-1470,87
834,10	-1528,34
834,29	-1555,70
834,47	-1545,72
834,65	-1548,08
834,83	-1609,61
835,02	-1545,76
835,20	-1612,25
835,38	-1520,63
835,56	-1552,46
835,75	-1487,88
835,93	-1562,19
836,11	-1491,52
836,29	-1628,21
836,47	-1556,71
836,66	-1621,83
836,84	-1616,84
837,02	-1562,83
837,20	-1490,98
837,39	-1469,61
837,57	-1560,76
837,75	-1459,83
837,93	-1559,98
838,12	-1667,45
838,30	-1572,78
838,48	-1553,88
838,66	-1523,62
838,84	-1547,04
839,03	-1503,57
839,21	-1543,94
839,39	-1518,33
839,57	-1581,70
839,75	-1610,58
839,94	-1587,44
840,12	-1565,41
840,30	-1522,57
840,48	-1493,20
840,66	-1529,46
840,85	-1569,51
841,03	-1478,01
841,21	-1503,18
841,39	-1542,10
841,57	-1595,23
841,76	-1556,18
841,94	-1562,95
842,12	-1566,55
842,30	-1586,05
842,48	-1616,31
842,67	-1572,87
842,85	-1476,61
843,03	-1419,78
843,21	-1637,25
843,39	-1492,65
843,57	-1595,78
843,76	-1541,16
843,94	-1528,22
844,12	-1514,60
844,30	-1608,14
844,48	-1558,32
844,66	-1474,22
844,85	-1608,67
845,03	-1597,16
845,21	-1559,43
845,39	-1546,63
845,57	-1473,00
845,75	-1587,06
845,94	-1524,08
846,12	-1547,69
846,30	-1531,34
846,48	-1577,26
846,66	-1554,16
846,84	-1481,66
847,02	-1569,09
847,21	-1548,03
847,39	-1554,83
847,57	-1621,93
847,75	-1558,10
847,93	-1533,59
848,11	-1525,19
848,29	-1554,73
848,48	-1649,02
848,66	-1574,25
848,84	-1535,66
849,02	-1581,44
849,20	-1562,61
849,38	-1576,87
849,56	-1550,02
849,74	-1519,50
849,93	-1447,70
850,11	-1546,01
850,29	-1580,72
850,47	-1497,18
850,65	-1480,52
850,83	-1517,56
851,01	-1585,89
851,19	-1713,75
851,37	-1564,08
851,56	-1509,90
851,74	-1594,80
851,92	-1609,61
852,10	-1518,13
852,28	-1433,51
852,46	-1514,05
852,64	-1518,40
852,82	-1543,55
853,00	-1471,53
853,18	-1431,88
853,37	-1547,61
853,55	-1494,24
853,73	-1524,95
853,91	-1554,27
854,09	-1522,80
854,27	-1495,78
854,45	-1524,20
854,63	-1556,09
854,81	-1440,32
854,99	-1466,55
855,17	-1543,71
855,35	-1465,52
855,53	-1497,18
855,72	-1539,99
855,90	-1509,10
856,08	-1591,06
856,26	-1515,91
856,44	-1574,41
856,62	-1496,97
856,80	-1531,80
856,98	-1510,35
857,16	-1487,32
857,34	-1527,49
857,52	-1510,62
857,70	-1482,66
857,88	-1536,83
858,06	-1550,59
858,24	-1545,76
858,42	-1458,38
858,60	-1456,84
858,78	-1444,32
858,96	-1598,08
859,15	-1462,20
859,33	-1541,91
859,51	-1533,62
859,69	-1489,77
859,87	-1509,06
860,05	-1478,10
860,23	-1510,16
860,41	-1534,34
860,59	-1492,83
860,77	-1460,36
860,95	-1524,95
861,13	-1558,69
861,31	-1543,28
861,49	-1447,37
861,67	-1604,59
861,85	-1538,39
862,03	-1547,25
862,21	-1540,56
862,39	-1524,13
862,57	-1522,38
862,75	-1444,57
862,93	-1457,95
863,11	-1549,67
863,29	-1549,81
863,47	-1497,90
863,65	-1581,15
863,83	-1421,71
864,01	-1545,07
864,19	-1554,57
864,37	-1387,95
864,55	-1414,73
864,73	-1503,09
864,91	-1544,75
865,09	-1414,35
865,27	-1562,52
865,45	-1490,45
865,63	-1453,10
865,81	-1510,84
865,99	-1507,64
866,17	-1496,88
866,35	-1542,81
866,53	-1467,66
866,71	-1551,46
866,89	-1458,29
867,07	-1396,83
867,24	-1555,24
867,42	-1516,60
867,60	-1468,10
867,78	-1391,24
867,96	-1530,00
868,14	-1555,82
868,32	-1493,48
868,50	-1548,26
868,68	-1482,90
868,86	-1470,19
869,04	-1494,90
869,22	-1367,60
869,40	-1526,47
869,58	-1447,53
869,76	-1444,26
869,94	-1488,05
870,12	-1460,88
870,30	-1480,71
870,48	-1529,37
870,66	-1538,86
870,83	-1537,23
871,01	-1460,95
871,19	-1493,29
871,37	-1507,98
871,55	-1519,67
871,73	-1554,41
871,91	-1541,99
872,09	-1469,87
872,27	-1505,68
872,45	-1525,98
872,63	-1526,96
872,81	-1515,73
872,98	-1504,06
873,16	-1339,76
873,34	-1479,00
873,52	-1549,12
873,70	-1370,62
873,88	-1538,30
874,06	-1479,61
874,24	-1506,68
874,42	-1496,56
874,60	-1524,34
874,78	-1427,86
874,95	-1456,38
875,13	-1461,67
875,31	-1460,95
875,49	-1516,30
875,67	-1585,62
875,85	-1515,60
876,03	-1513,36
876,21	-1449,48
876,39	-1440,78
876,56	-1480,40
876,74	-1457,66
876,92	-1471,02
877,10	-1445,71
877,28	-1551,08
877,46	-1497,96
877,64	-1449,00
877,82	-1550,99
877,99	-1481,01
878,17	-1486,34
878,35	-1485,45
878,53	-1446,35
878,71	-1359,66
878,89	-1479,81
879,07	-1537,31
879,24	-1499,34
879,42	-1536,09
879,60	-1554,25
879,78	-1574,18
879,96	-1479,06
880,14	-1397,10
880,32	-1375,33
880,49	-1441,29
880,67	-1478,29
880,85	-1437,90
881,03	-1425,64
881,21	-1473,58
881,39	-1455,94
881,56	-1457,53
881,74	-1459,80
881,92	-1495,17
882,10	-1511,89
882,28	-1429,62
882,46	-1492,21
882,63	-1426,04
882,81	-1541,29
882,99	-1491,32
883,17	-1460,96
883,35	-1502,86
883,52	-1465,99
883,70	-1468,81
883,88	-1527,21
884,06	-1453,44
884,24	-1447,19
884,42	-1499,46
884,59	-1450,91
884,77	-1474,40
884,95	-1446,99
885,13	-1484,23
885,31	-1507,31
885,48	-1431,32
885,66	-1476,20
885,84	-1507,10
886,02	-1528,61
886,20	-1490,92
886,37	-1421,75
886,55	-1450,95
886,73	-1435,90
886,91	-1440,76
887,08	-1494,54
887,26	-1494,83
887,44	-1457,72
887,62	-1528,68
887,80	-1518,07
887,97	-1470,90
888,15	-1546,89
888,33	-1459,06
888,51	-1616,90
888,68	-1472,25
888,86	-1464,32
889,04	-1427,11
889,22	-1437,42
889,40	-1449,06
889,57	-1544,82
889,75	-1354,03
889,93	-1461,10
890,11	-1511,81
890,28	-1465,89
890,46	-1477,83
890,64	-1508,00
890,82	-1483,63
890,99	-1456,65
891,17	-1577,42
891,35	-1449,23
891,53	-1505,61
891,70	-1376,42
891,88	-1501,32
892,06	-1489,95
892,24	-1453,41
892,41	-1505,66
892,59	-1557,44
892,77	-1481,17
892,94	-1490,76
893,12	-1470,69
893,30	-1494,27
893,48	-1489,13
893,65	-1553,07
893,83	-1467,13
894,01	-1509,45
894,19	-1480,27
894,36	-1353,39
894,54	-1479,28
894,72	-1445,93
894,89	-1479,77
895,07	-1426,71
895,25	-1413,47
895,43	-1457,41
895,60	-1440,74
895,78	-1455,25
895,96	-1490,83
896,13	-1465,64
896,31	-1475,62
896,49	-1481,27
896,66	-1463,64
896,84	-1386,89
897,02	-1436,02
897,20	-1501,65
897,37	-1529,02
897,55	-1429,33
897,73	-1377,29
897,90	-1453,74
898,08	-1439,28
898,26	-1444,74
898,43	-1383,97
898,61	-1380,31
898,79	-1408,03
898,96	-1509,10
899,14	-1426,70
899,32	-1367,51
899,49	-1376,10
899,67	-1423,20
899,85	-1430,63
900,02	-1416,55
900,20	-1456,35
900,38	-1417,40
900,55	-1463,78
900,73	-1449,61
900,91	-1361,34
901,08	-1448,61
901,26	-1440,06
901,44	-1349,20
901,61	-1418,17
901,79	-1524,60
901,97	-1385,03
902,14	-1512,05
902,32	-1464,97
902,50	-1403,84
902,67	-1415,32
902,85	-1533,38
903,02	-1406,39
903,20	-1444,07
903,38	-1491,42
903,55	-1459,79
903,73	-1386,09
903,91	-1418,60
904,08	-1358,63
904,26	-1497,14
904,44	-1386,12
904,61	-1431,85
904,79	-1470,28
904,96	-1362,36
905,14	-1375,83
905,32	-1451,20
905,49	-1390,01
905,67	-1429,07
905,84	-1413,84
906,02	-1464,23
906,20	-1409,41
906,37	-1385,84
906,55	-1478,63
906,73	-1523,77
906,90	-1336,38
907,08	-1423,19
907,25	-1475,10
907,43	-1408,38
907,61	-1427,92
907,78	-1414,08
907,96	-1429,23
908,13	-1417,89
908,31	-1411,12
908,48	-1424,07
908,66	-1460,38
908,84	-1496,08
909,01	-1447,50
909,19	-1519,62
909,36	-1426,36
909,54	-1386,24
909,72	-1470,77
909,89	-1401,29
910,07	-1448,23
910,24	-1375,02
910,42	-1420,10
910,59	-1427,51
910,77	-1436,69
910,95	-1466,01
911,12	-1444,15
911,30	-1440,31
911,47	-1430,54
911,65	-1467,43
911,82	-1466,10
912,00	-1561,38
912,17	-1456,18
912,35	-1412,45
912,53	-1441,91
912,70	-1382,83
912,88	-1405,99
913,05	-1480,55
913,23	-1440,06
913,40	-1457,52
913,58	-1440,13
913,75	-1399,11
913,93	-1447,00
914,10	-1457,82
914,28	-1387,72
914,46	-1489,77
914,63	-1498,29
914,81	-1456,11
914,98	-1439,22
915,16	-1471,29
915,33	-1387,20
915,51	-1339,31
915,68	-1412,36
915,86	-1415,79
916,03	-1440,20
916,21	-1452,82
916,38	-1555,15
916,56	-1491,51
916,73	-1440,50
916,91	-1426,13
917,08	-1500,50
917,26	-1498,21
917,43	-1458,40
917,61	-1436,36
917,78	-1334,47
917,96	-1387,20
918,13	-1408,42
918,31	-1495,01
918,48	-1393,43
918,66	-1428,32
918,83	-1458,32
919,01	-1434,98
919,18	-1432,52
919,36	-1505,99
919,53	-1362,44
919,71	-1438,99
919,88	-1303,15
920,06	-1420,44
920,23	-1470,43
920,41	-1426,21
920,58	-1369,04
920,76	-1441,52
920,93	-1418,44
921,11	-1415,64
921,28	-1451,27
921,45	-1383,85
921,63	-1395,24
921,80	-1389,38
921,98	-1455,78
922,15	-1456,42
922,33	-1472,65
922,50	-1409,55
922,68	-1484,38
922,85	-1450,03
923,03	-1425,22
923,20	-1485,58
923,38	-1449,31
923,55	-1415,33
923,72	-1401,79
923,90	-1450,20
924,07	-1425,87
924,25	-1433,19
924,42	-1418,54
924,60	-1422,53
924,77	-1380,49
924,95	-1416,69
925,12	-1343,18
925,29	-1393,61
925,47	-1437,36
925,64	-1360,50
925,82	-1464,79
925,99	-1430,79
926,17	-1391,56
926,34	-1416,79
926,51	-1374,05
926,69	-1436,39
926,86	-1414,06
927,04	-1377,31
927,21	-1303,54
927,38	-1386,55
927,56	-1387,45
927,73	-1452,31
927,91	-1396,49
928,08	-1341,65
928,25	-1361,24
928,43	-1331,39
928,60	-1432,18
928,78	-1407,32
928,95	-1417,77
929,12	-1449,39
929,30	-1424,12
929,47	-1357,81
929,65	-1468,06
929,82	-1422,43
929,99	-1349,98
930,17	-1337,07
930,34	-1376,95
930,52	-1366,24
930,69	-1401,81
930,86	-1328,53
931,04	-1356,50
931,21	-1414,15
931,38	-1404,26
931,56	-1398,29
931,73	-1306,83
931,91	-1424,91
932,08	-1481,74
932,25	-1398,95
932,43	-1341,25
932,60	-1414,35
932,77	-1411,62
932,95	-1409,57
933,12	-1374,60
933,29	-1381,39
933,47	-1373,52
933,64	-1360,35
933,82	-1314,23
933,99	-1404,26
934,16	-1299,97
934,34	-1368,48
934,51	-1298,44
934,68	-1318,90
934,86	-1343,88
935,03	-1381,31
935,20	-1405,39
935,38	-1363,78
935,55	-1358,48
935,72	-1370,35
935,90	-1332,68
936,07	-1386,22
936,24	-1397,37
936,42	-1380,63
936,59	-1306,72
936,76	-1380,17
936,94	-1331,83
937,11	-1380,42
937,28	-1340,68
937,46	-1407,85
937,63	-1372,47
937,80	-1367,49
937,97	-1385,88
938,15	-1329,09
938,32	-1338,30
938,49	-1314,38
938,67	-1362,87
938,84	-1311,05
939,01	-1345,10
939,19	-1419,24
939,36	-1446,88
939,53	-1355,77
939,70	-1368,56
939,88	-1416,69
940,05	-1333,11
940,22	-1310,51
940,40	-1430,97
940,57	-1373,50
940,74	-1375,74
940,92	-1400,15
941,09	-1327,67
941,26	-1319,05
941,43	-1339,49
941,61	-1401,06
941,78	-1468,80
941,95	-1400,43
942,12	-1348,42
942,30	-1388,61
942,47	-1366,55
942,64	-1286,21
942,82	-1340,18
942,99	-1356,15
943,16	-1417,43
943,33	-1352,03
943,51	-1364,85
943,68	-1296,89
943,85	-1393,92
944,02	-1404,57
944,20	-1429,42
944,37	-1339,94
944,54	-1459,95
944,71	-1324,34
944,89	-1277,82
945,06	-1402,03
945,23	-1344,03
945,40	-1342,29
945,58	-1351,92
945,75	-1384,58
945,92	-1338,22
946,09	-1364,98
946,27	-1250,07
946,44	-1365,66
946,61	-1384,40
946,78	-1393,35
946,95	-1331,17
947,13	-1411,78
947,30	-1333,23
947,47	-1351,09
947,64	-1381,47
947,82	-1365,98
947,99	-1421,20
948,16	-1361,12
948,33	-1385,75
948,50	-1303,89
948,68	-1397,89
948,85	-1381,07
949,02	-1359,81
949,19	-1412,68
949,36	-1339,24
949,54	-1326,46
949,71	-1456,64
949,88	-1340,36
950,05	-1329,00
950,22	-1417,86
950,40	-1371,68
950,57	-1329,54
950,74	-1303,02
950,91	-1328,53
951,08	-1365,82
951,26	-1296,70
951,43	-1447,51
951,60	-1420,05
951,77	-1407,16
951,94	-1362,77
952,11	-1313,94
952,29	-1430,54
952,46	-1298,73
952,63	-1249,26
952,80	-1359,04
952,97	-1426,47
953,15	-1353,47
953,32	-1353,79
953,49	-1464,95
953,66	-1339,06
953,83	-1321,60
954,00	-1335,68
954,17	-1288,50
954,35	-1293,36
954,52	-1413,25
954,69	-1420,49
954,86	-1289,90
955,03	-1385,78
955,20	-1354,87
955,38	-1417,68
955,55	-1253,08
955,72	-1438,09
955,89	-1348,13
956,06	-1358,30
956,23	-1403,09
956,40	-1402,20
956,58	-1378,11
956,75	-1382,62
956,92	-1386,80
957,09	-1294,15
957,26	-1348,92
957,43	-1391,71
957,60	-1316,94
957,77	-1388,84
957,95	-1394,42
958,12	-1366,32
958,29	-1411,92
958,46	-1342,67
958,63	-1365,66
958,80	-1419,68
958,97	-1328,58
959,14	-1347,40
959,31	-1396,79
959,49	-1422,84
959,66	-1387,95
959,83	-1409,41
960,00	-1510,91
960,17	-1326,79
960,34	-1349,24
960,51	-1355,09
960,68	-1424,75
960,85	-1347,82
961,02	-1384,60
961,20	-1313,17
961,37	-1315,21
961,54	-1336,78
961,71	-1387,54
961,88	-1329,84
962,05	-1394,00
962,22	-1336,17
962,39	-1355,67
962,56	-1314,40
962,73	-1361,08
962,90	-1401,47
963,07	-1353,25
963,24	-1330,40
963,42	-1339,12
963,59	-1297,52
963,76	-1330,22
963,93	-1415,15
964,10	-1327,40
964,27	-1403,37
964,44	-1358,75
964,61	-1362,29
964,78	-1375,94
964,95	-1375,60
965,12	-1226,44
965,29	-1365,90
965,46	-1413,01
965,63	-1433,88
965,80	-1375,89
965,97	-1407,68
966,14	-1335,29
966,31	-1347,27
966,48	-1339,53
966,66	-1407,37
966,83	-1381,40
967,00	-1392,78
967,17	-1314,32
967,34	-1306,19
967,51	-1381,44
967,68	-1334,58
967,85	-1343,21
968,02	-1359,79
968,19	-1357,71
968,36	-1447,64
968,53	-1328,55
968,70	-1343,15
968,87	-1416,79
969,04	-1379,62
969,21	-1384,03
969,38	-1377,97
969,55	-1383,60
969,72	-1341,88
969,89	-1365,77
970,06	-1434,23
970,23	-1357,39
970,40	-1401,21
970,57	-1380,65
970,74	-1337,10
970,91	-1381,80
971,08	-1416,94
971,25	-1379,75
971,42	-1353,94
971,59	-1395,24
971,76	-1379,67
971,93	-1360,67
972,10	-1285,90
972,27	-1330,36
972,44	-1336,83
972,61	-1337,76
972,78	-1409,08
972,95	-1435,14
973,12	-1340,94
973,29	-1385,98
973,46	-1355,27
973,63	-1330,06
973,80	-1370,16
973,97	-1329,29
974,14	-1341,43
974,30	-1353,99
974,47	-1320,57
974,64	-1326,67
974,81	-1342,65
974,98	-1347,31
975,15	-1292,85
975,32	-1357,04
975,49	-1398,94
975,66	-1413,58
975,83	-1458,74
976,00	-1359,34
976,17	-1347,72
976,34	-1297,95
976,51	-1407,53
976,68	-1334,36
976,85	-1333,08
977,02	-1342,18
977,19	-1333,07
977,36	-1393,18
977,52	-1396,09
977,69	-1316,46
977,86	-1345,16
978,03	-1398,76
978,20	-1429,08
978,37	-1377,34
978,54	-1375,43
978,71	-1406,59
978,88	-1338,99
979,05	-1357,40
979,22	-1326,67
979,39	-1414,27
979,56	-1320,54
979,72	-1316,26
979,89	-1334,93
980,06	-1336,38
980,23	-1322,57
980,40	-1413,84
980,57	-1355,10
980,74	-1313,39
980,91	-1341,51
981,08	-1389,34
981,25	-1375,92
981,41	-1370,77
981,58	-1350,34
981,75	-1341,74
981,92	-1388,45
982,09	-1370,28
982,26	-1419,31
982,43	-1360,42
982,60	-1392,46
982,77	-1345,61
982,93	-1313,82
983,10	-1336,90
983,27	-1400,23
983,44	-1339,44
983,61	-1272,04
983,78	-1295,40
983,95	-1404,90
984,11	-1388,35
984,28	-1305,67
984,45	-1404,98
984,62	-1442,41
984,79	-1411,38
984,96	-1367,01
985,13	-1440,13
985,30	-1352,75
985,46	-1373,77
985,63	-1470,19
985,80	-1315,12
985,97	-1506,73
986,14	-1374,67
986,31	-1301,56
986,47	-1334,62
986,64	-1268,83
986,81	-1379,21
986,98	-1426,20
987,15	-1354,38
987,32	-1422,03
987,48	-1272,70
987,65	-1426,86
987,82	-1398,83
987,99	-1356,54
988,16	-1355,16
988,33	-1448,59
988,49	-1320,30
988,66	-1281,55
988,83	-1377,30
989,00	-1303,31
989,17	-1436,44
989,34	-1333,60
989,50	-1350,76
989,67	-1406,14
989,84	-1351,41
990,01	-1420,97
990,18	-1366,18
990,34	-1391,46
990,51	-1314,63
990,68	-1399,41
990,85	-1369,77
991,02	-1412,12
991,18	-1329,29
991,35	-1306,29
991,52	-1454,23
991,69	-1305,29
991,86	-1339,24
992,02	-1371,56
992,19	-1417,54
992,36	-1395,90
992,53	-1352,33
992,69	-1371,32
992,86	-1327,66
993,03	-1415,05
993,20	-1399,83
993,37	-1351,75
993,53	-1330,67
993,70	-1301,05
993,87	-1368,12
994,04	-1406,42
994,20	-1392,94
994,37	-1393,84
994,54	-1358,88
994,71	-1404,91
994,87	-1396,83
995,04	-1330,40
995,21	-1336,50
995,38	-1381,47
995,55	-1385,65
995,71	-1424,97
995,88	-1333,94
996,05	-1397,69
996,22	-1407,65
996,38	-1393,28
996,55	-1423,17
996,72	-1338,79
996,88	-1256,38
997,05	-1260,04
997,22	-1444,30
997,39	-1325,21
997,55	-1383,95
997,72	-1366,76
997,89	-1395,07
998,06	-1309,40
998,22	-1337,66
998,39	-1366,80
998,56	-1392,53
998,73	-1380,57
998,89	-1375,00
999,06	-1336,84
999,23	-1372,46
999,39	-1329,57
999,56	-1299,50
999,73	-1413,09
999,90	-1390,89
1000,06	-1370,85
1000,23	-1391,72
1000,40	-1253,55
1000,56	-1359,13
1000,73	-1418,41
1000,90	-1411,14
1001,06	-1387,78
1001,23	-1383,85
1001,40	-1367,42
1001,57	-1340,12
1001,73	-1383,27
1001,90	-1408,91
1002,07	-1431,77
1002,23	-1344,82
1002,40	-1384,10
1002,57	-1324,72
1002,73	-1414,17
1002,90	-1371,48
1003,07	-1380,36
1003,23	-1349,36
1003,40	-1429,41
1003,57	-1382,37
1003,73	-1337,00
1003,90	-1398,94
1004,07	-1399,00
1004,23	-1357,89
1004,40	-1357,00
1004,57	-1322,49
1004,73	-1358,04
1004,90	-1354,93
1005,07	-1327,15
1005,23	-1343,14
1005,40	-1322,65
1005,57	-1369,52
1005,73	-1410,73
1005,90	-1338,06
1006,07	-1293,23
1006,23	-1398,19
1006,40	-1284,49
1006,57	-1328,55
1006,73	-1342,83
1006,90	-1286,54
1007,06	-1352,23
1007,23	-1331,09
1007,40	-1422,76
1007,56	-1345,72
1007,73	-1367,01
1007,90	-1463,96
1008,06	-1326,43
1008,23	-1308,75
1008,40	-1369,06
1008,56	-1279,42
1008,73	-1413,09
1008,89	-1321,28
1009,06	-1231,91
1009,23	-1370,82
1009,39	-1335,20
1009,56	-1410,71
1009,72	-1357,42
1009,89	-1395,11
1010,06	-1397,78
1010,22	-1392,47
1010,39	-1277,12
1010,55	-1368,94
1010,72	-1350,93
1010,89	-1360,17
1011,05	-1399,19
1011,22	-1323,72
1011,38	-1397,06
1011,55	-1346,42
1011,72	-1370,83
1011,88	-1338,15
1012,05	-1418,51
1012,21	-1353,13
1012,38	-1328,06
1012,55	-1309,85
1012,71	-1379,84
1012,88	-1290,81
1013,04	-1304,85
1013,21	-1363,45
1013,37	-1382,39
1013,54	-1404,98
1013,71	-1343,30
1013,87	-1401,72
1014,04	-1278,76
1014,20	-1342,87
1014,37	-1320,20
1014,53	-1424,03
1014,70	-1295,70
1014,87	-1352,96
1015,03	-1306,99
1015,20	-1302,91
1015,36	-1348,97
1015,53	-1384,34
1015,69	-1382,48
1015,86	-1340,37
1016,02	-1387,64
1016,19	-1355,78
1016,36	-1316,52
1016,52	-1437,75
1016,69	-1419,89
1016,85	-1418,75
1017,02	-1350,65
1017,18	-1387,53
1017,35	-1413,99
1017,51	-1336,49
1017,68	-1299,36
1017,84	-1369,35
1018,01	-1390,48
1018,17	-1252,02
1018,34	-1302,57
1018,50	-1411,70
1018,67	-1397,69
1018,84	-1317,17
1019,00	-1327,57
1019,17	-1320,13
1019,33	-1292,03
1019,50	-1428,09
1019,66	-1366,22
1019,83	-1378,44
1019,99	-1410,28
1020,16	-1348,86
1020,32	-1316,11
1020,49	-1339,26
1020,65	-1376,73
1020,82	-1314,73
1020,98	-1366,20
1021,15	-1326,11
1021,31	-1349,55
1021,48	-1446,93
1021,64	-1335,20
1021,81	-1368,16
1021,97	-1353,45
1022,14	-1435,62
1022,30	-1417,28
1022,47	-1387,37
1022,63	-1347,98
1022,79	-1372,98
1022,96	-1411,53
1023,12	-1291,22
1023,29	-1342,99
1023,45	-1339,34
1023,62	-1295,80
1023,78	-1454,21
1023,95	-1309,72
1024,11	-1351,20
1024,28	-1356,81
1024,44	-1357,25
1024,61	-1368,94
1024,77	-1352,51
1024,94	-1273,31
1025,10	-1315,62
1025,26	-1363,12
1025,43	-1406,55
1025,59	-1263,80
1025,76	-1377,13
1025,92	-1407,70
1026,09	-1439,06
1026,25	-1464,07
1026,42	-1357,22
1026,58	-1355,25
1026,74	-1389,43
1026,91	-1413,26
1027,07	-1277,98
1027,24	-1358,26
1027,40	-1345,53
1027,57	-1379,94
1027,73	-1364,68
1027,90	-1302,97
1028,06	-1360,01
1028,22	-1308,08
1028,39	-1411,87
1028,55	-1370,60
1028,72	-1364,95
1028,88	-1426,15
1029,04	-1356,09
1029,21	-1316,41
1029,37	-1388,02
1029,54	-1348,24
1029,70	-1360,34
1029,87	-1350,59
1030,03	-1341,82
1030,19	-1321,13
1030,36	-1332,73
1030,52	-1350,77
1030,69	-1338,95
1030,85	-1342,47
1031,01	-1416,31
1031,18	-1425,05
1031,34	-1233,08
1031,50	-1426,03
1031,67	-1416,53
1031,83	-1365,20
1032,00	-1375,41
1032,16	-1258,60
1032,32	-1365,91
1032,49	-1343,47
1032,65	-1323,47
1032,82	-1363,55
1032,98	-1359,78
1033,14	-1422,59
1033,31	-1286,06
1033,47	-1253,80
1033,63	-1283,18
1033,80	-1355,76
1033,96	-1364,92
1034,13	-1395,65
1034,29	-1379,84
1034,45	-1308,31
1034,62	-1390,33
1034,78	-1355,98
1034,94	-1409,49
1035,11	-1351,85
1035,27	-1335,59
1035,43	-1319,19
1035,60	-1367,66
1035,76	-1353,86
1035,92	-1341,90
1036,09	-1327,91
1036,25	-1293,53
1036,41	-1296,07
1036,58	-1307,53
1036,74	-1336,24
1036,90	-1338,87
1037,07	-1323,40
1037,23	-1327,54
1037,39	-1361,16
1037,56	-1308,27
1037,72	-1377,23
1037,88	-1351,26
1038,05	-1385,16
1038,21	-1344,90
1038,37	-1424,91
1038,54	-1283,39
1038,70	-1343,66
1038,86	-1365,51
1039,03	-1406,57
1039,19	-1299,01
1039,35	-1408,10
1039,52	-1348,96
1039,68	-1342,73
1039,84	-1383,52
1040,00	-1363,26
1040,17	-1409,32
1040,33	-1376,24
1040,49	-1349,39
1040,66	-1362,09
1040,82	-1433,65
1040,98	-1400,65
1041,15	-1305,47
1041,31	-1373,23
1041,47	-1407,28
1041,63	-1269,89
1041,80	-1335,37
1041,96	-1315,03
1042,12	-1397,20
1042,29	-1362,82
1042,45	-1297,65
1042,61	-1400,31
1042,77	-1288,22
1042,94	-1303,08
1043,10	-1345,50
1043,26	-1369,68
1043,42	-1326,18
1043,59	-1366,96
1043,75	-1394,12
1043,91	-1333,38
1044,07	-1398,20
1044,24	-1367,22
1044,40	-1317,03
