345,22	-12,61
345,44	-12,61
345,66	-12,61
345,88	33,93
346,10	42,78
346,32	-2,63
346,54	-33,93
346,75	63,70
346,97	-10,37
347,19	53,36
347,41	-35,86
347,63	-2,00
347,85	24,63
348,07	-2,50
348,29	-67,39
348,51	33,40
348,73	-7,58
348,95	-9,90
349,16	80,95
349,38	66,96
349,60	44,33
349,82	17,87
350,04	11,87
350,26	31,56
350,48	-18,53
350,70	-27,05
350,92	0,71
351,14	-66,64
351,35	4,08
351,57	43,14
351,79	-2,65
352,01	42,43
352,23	52,72
352,45	-49,06
352,67	-1,23
352,89	31,01
353,10	34,75
353,32	31,64
353,54	23,03
353,76	16,92
353,98	-8,23
354,20	-10,34
354,42	-16,14
354,64	16,08
354,85	-37,43
355,07	14,03
355,29	-13,18
355,51	62,50
355,73	38,03
355,95	41,64
356,17	34,82
356,38	14,69
356,60	46,61
356,82	12,09
357,04	83,87
357,26	22,04
357,48	17,39
357,69	57,78
357,91	67,50
358,13	-32,68
358,35	-13,42
358,57	-4,66
358,79	12,76
359,01	46,76
359,22	-21,35
359,44	43,30
359,66	18,02
359,88	97,97
360,10	85,89
360,32	102,86
360,53	0,87
360,75	22,04
360,97	-39,25
361,19	-8,13
361,41	22,99
361,62	-36,08
361,84	26,23
362,06	18,46
362,28	48,82
362,50	-17,41
362,72	-19,25
362,93	148,22
363,15	57,27
363,37	-2,21
363,59	40,58
363,81	53,50
364,02	-46,75
364,24	47,02
364,46	37,40
364,68	99,72
364,90	-128,69
365,11	-29,44
365,33	-14,69
365,55	28,82
365,77	-9,45
365,99	106,42
366,20	-83,03
366,42	-6,33
366,64	42,07
366,86	26,93
367,07	-13,71
367,29	88,64
367,51	88,04
367,73	70,21
367,95	-22,28
368,16	-0,19
368,38	-21,49
368,60	27,85
368,82	26,15
369,03	-43,34
369,25	7,94
369,47	17,74
369,69	117,52
369,91	-37,18
370,12	89,91
370,34	74,42
370,56	99,60
370,78	34,36
370,99	-15,70
371,21	28,48
371,43	75,88
371,65	80,30
371,86	10,22
372,08	-59,50
372,30	21,57
372,52	14,26
372,73	12,47
372,95	7,08
373,17	80,50
373,39	95,52
373,60	56,82
373,82	67,15
374,04	54,01
374,26	1,64
374,47	19,88
374,69	44,99
374,91	-41,66
375,12	1,15
375,34	38,63
375,56	1,86
375,78	60,36
375,99	65,04
376,21	-44,67
376,43	27,46
376,65	24,33
376,86	2,49
377,08	63,72
377,30	-21,47
377,51	13,18
377,73	85,70
377,95	45,96
378,17	10,91
378,38	56,65
378,60	-4,34
378,82	-24,63
379,03	16,20
379,25	55,15
379,47	-63,24
379,68	92,54
379,90	93,26
380,12	-5,92
380,34	31,01
380,55	36,44
380,77	-37,35
380,99	38,02
381,20	2,50
381,42	96,55
381,64	59,18
381,85	59,23
382,07	-87,00
382,29	-3,93
382,50	-51,83
382,72	34,41
382,94	112,66
383,15	68,24
383,37	36,44
383,59	-12,60
383,80	51,04
384,02	3,45
384,24	51,00
384,45	-66,87
384,67	-26,20
384,89	79,34
385,10	102,57
385,32	33,90
385,54	40,25
385,75	57,63
385,97	44,76
386,19	12,00
386,40	-27,10
386,62	45,39
386,84	29,56
387,05	48,17
387,27	98,63
387,49	32,99
387,70	17,71
387,92	18,72
388,14	67,03
388,35	78,54
388,57	40,88
388,79	84,41
389,00	39,87
389,22	-12,93
389,43	48,97
389,65	43,76
389,87	31,72
390,08	103,05
390,30	38,78
390,52	34,92
390,73	57,97
390,95	100,66
391,17	36,41
391,38	44,20
391,60	-22,36
391,81	-4,16
392,03	65,50
392,25	115,01
392,46	100,07
392,68	-17,56
392,89	33,95
393,11	23,71
393,33	10,38
393,54	18,91
393,76	44,69
393,98	-13,40
394,19	54,56
394,41	37,01
394,62	103,98
394,84	20,20
395,06	90,42
395,27	17,14
395,49	78,69
395,70	-30,79
395,92	96,13
396,13	53,84
396,35	-4,62
396,57	89,83
396,78	91,24
397,00	50,01
397,21	39,77
397,43	-28,62
397,65	23,24
397,86	49,73
398,08	36,29
398,29	23,07
398,51	120,49
398,72	17,91
398,94	-8,62
399,16	0,36
399,37	68,48
399,59	-38,66
399,80	56,19
400,02	19,05
400,23	99,55
400,45	102,20
400,67	38,86
400,88	50,04
401,10	64,41
401,31	82,66
401,53	110,88
401,74	63,54
401,96	97,64
402,17	104,10
402,39	70,82
402,61	56,79
402,82	114,45
403,04	27,57
403,25	64,11
403,47	-50,70
403,68	101,85
403,90	38,70
404,11	94,45
404,33	169,32
404,54	75,79
404,76	54,51
404,97	138,60
405,19	-52,62
405,41	42,18
405,62	29,38
405,84	145,37
406,05	27,15
406,27	114,44
406,48	84,82
406,70	82,66
406,91	69,64
407,13	171,54
407,34	178,79
407,56	17,25
407,77	123,70
407,99	90,54
408,20	4,58
408,42	176,40
408,63	113,19
408,85	99,40
409,06	106,28
409,28	-30,96
409,49	157,36
409,71	88,76
409,92	144,26
410,14	154,33
410,35	61,72
410,57	137,22
410,78	229,34
411,00	163,38
411,21	163,13
411,43	138,95
411,64	226,34
411,86	180,89
412,07	106,93
412,29	163,43
412,50	204,84
412,72	140,54
412,93	84,25
413,15	201,99
413,36	239,63
413,58	193,23
413,79	222,98
414,01	212,57
414,22	181,56
414,43	224,24
414,65	241,35
414,86	274,78
415,08	292,26
415,29	267,62
415,51	267,80
415,72	305,03
415,94	306,01
416,15	258,11
416,37	332,12
416,58	366,38
416,80	405,00
417,01	385,62
417,22	383,54
417,44	369,78
417,65	428,57
417,87	500,91
418,08	306,39
418,30	507,55
418,51	458,67
418,73	497,29
418,94	518,96
419,15	613,67
419,37	528,15
419,58	674,60
419,80	610,31
420,01	639,13
420,23	746,16
420,44	708,78
420,65	730,66
420,87	664,52
421,08	813,51
421,30	762,63
421,51	814,46
421,73	900,44
421,94	977,11
422,15	980,82
422,37	1013,07
422,58	1085,91
422,80	1115,40
423,01	1127,21
423,22	1165,83
423,44	1239,46
423,65	1223,06
423,87	1377,03
424,08	1335,01
424,29	1423,03
424,51	1527,18
424,72	1490,34
424,94	1630,80
425,15	1691,60
425,36	1719,58
425,58	1819,02
425,79	1791,22
426,01	1854,63
426,22	1963,66
426,43	2024,30
426,65	2175,30
426,86	2223,38
427,08	2268,03
427,29	2408,57
427,50	2509,07
427,72	2579,19
427,93	2675,66
428,14	2871,35
428,36	2898,77
428,57	3002,24
428,79	3144,87
429,00	3273,56
429,21	3364,34
429,43	3427,38
429,64	3554,62
429,85	3778,83
430,07	3836,61
430,28	4054,12
430,49	4238,58
430,71	4363,24
430,92	4531,23
431,14	4616,09
431,35	4850,90
431,56	5023,32
431,78	5147,34
431,99	5332,42
432,20	5534,57
432,42	5745,96
432,63	5994,29
432,84	6159,46
433,06	6400,24
433,27	6592,42
433,48	6757,84
433,70	6976,65
433,91	7137,90
434,12	7540,92
434,34	7738,77
434,55	7852,19
434,76	8200,44
434,98	8393,37
435,19	8653,82
435,40	8995,53
435,62	9293,41
435,83	9418,70
436,04	9858,05
436,26	10104,50
436,47	10501,50
436,68	10819,75
436,90	11080,19
437,11	11421,49
437,32	11866,15
437,54	12181,72
437,75	12562,02
437,96	12820,11
438,17	13247,63
438,39	13592,80
438,60	13962,86
438,81	14390,77
439,03	14791,89
439,24	15273,59
439,45	15668,74
439,67	16178,07
439,88	16578,67
440,09	17075,02
440,30	17478,01
440,52	18071,63
440,73	18515,20
440,94	19005,65
441,16	19502,89
441,37	19997,93
441,58	20454,52
441,80	21042,50
442,01	21530,30
442,22	22051,74
442,43	22618,32
442,65	23155,96
442,86	23750,25
443,07	24409,75
443,28	24971,64
443,50	25552,62
443,71	26170,14
443,92	26874,48
444,14	27552,91
444,35	27999,23
444,56	28504,26
444,77	29267,02
444,99	29882,80
445,20	30424,60
445,41	31014,54
445,62	31674,07
445,84	32192,10
446,05	32751,57
446,26	33285,24
446,47	33910,90
446,69	34521,41
446,90	35077,75
447,11	35508,28
447,32	36271,69
447,54	36818,15
447,75	37372,13
447,96	37889,92
448,17	38403,40
448,39	38884,20
448,60	39395,71
448,81	40027,63
449,02	40537,46
449,23	40934,58
449,45	41382,80
449,66	41774,53
449,87	42343,29
450,08	42844,46
450,30	43378,70
450,51	43759,43
450,72	44033,06
450,93	44421,62
451,15	44694,35
451,36	45052,31
451,57	45335,06
451,78	45570,10
451,99	45842,78
452,21	45980,89
452,42	46161,53
452,63	46448,24
452,84	46570,06
453,05	46678,61
453,27	46633,96
453,48	46593,00
453,69	46938,36
453,90	46821,52
454,11	46815,36
454,33	46777,98
454,54	46420,40
454,75	46228,21
454,96	46210,47
455,17	46078,33
455,39	45831,17
455,60	45616,57
455,81	45275,53
456,02	45191,42
456,23	44810,38
456,45	44570,76
456,66	44261,04
456,87	43934,16
457,08	43412,17
457,29	42943,81
457,50	42536,75
457,72	42126,41
457,93	41673,68
458,14	41144,82
458,35	40643,72
458,56	40254,74
458,77	39777,32
458,99	39207,60
459,20	38774,37
459,41	38239,48
459,62	37634,03
459,83	37127,11
460,04	36733,69
460,26	36156,73
460,47	35558,64
460,68	34945,26
460,89	34374,00
461,10	33807,66
461,31	33226,91
461,52	32675,52
461,74	32054,77
461,95	31707,91
462,16	31136,49
462,37	30491,22
462,58	29917,20
462,79	29430,51
463,00	29077,58
463,22	28555,47
463,43	28175,10
463,64	27736,30
463,85	27304,23
464,06	26881,74
464,27	26498,50
464,48	26012,75
464,70	25664,38
464,91	25315,39
465,12	24965,20
465,33	24491,82
465,54	24036,01
465,75	23784,61
465,96	23530,02
466,17	23271,82
466,38	22887,76
466,60	22614,82
466,81	22275,12
467,02	21877,63
467,23	21636,29
467,44	21326,16
467,65	21057,21
467,86	20641,00
468,07	20471,33
468,28	20153,92
468,50	19933,00
468,71	19585,03
468,92	19327,86
469,13	19138,74
469,34	18866,92
469,55	18659,54
469,76	18502,26
469,97	18196,35
470,18	18111,81
470,39	17739,98
470,60	17484,54
470,82	17332,98
471,03	17146,98
471,24	16828,07
471,45	16728,50
471,66	16485,36
471,87	16363,40
472,08	16138,50
472,29	15995,33
472,50	15646,45
472,71	15537,56
472,92	15339,73
473,13	15091,52
473,34	14943,94
473,55	14745,82
473,77	14505,18
473,98	14365,35
474,19	14234,74
474,40	14072,86
474,61	13864,50
474,82	13752,59
475,03	13548,97
475,24	13432,22
475,45	13201,43
475,66	12982,96
475,87	12923,93
476,08	12711,93
476,29	12466,78
476,50	12280,72
476,71	12097,90
476,92	12023,93
477,13	11846,44
477,34	11687,78
477,55	11517,20
477,76	11369,38
477,97	11205,95
478,18	11071,66
478,40	10972,23
478,61	10772,45
478,82	10672,72
479,03	10471,34
479,24	10251,75
479,45	10224,48
479,66	10006,38
479,87	9859,58
480,08	9779,19
480,29	9620,71
480,50	9400,32
480,71	9337,23
480,92	9162,86
481,13	9082,57
481,34	8934,33
481,55	8857,54
481,76	8688,81
481,97	8553,01
482,18	8453,05
482,39	8360,77
482,60	8219,64
482,81	8209,33
483,02	8005,68
483,23	7887,52
483,44	7793,11
483,65	7691,38
483,86	7577,47
484,07	7483,92
484,28	7363,66
484,49	7296,60
484,70	7216,46
484,91	7094,12
485,12	7084,28
485,33	6974,44
485,54	6823,18
485,75	6791,55
485,96	6655,41
486,17	6627,86
486,38	6580,68
486,59	6433,49
486,80	6282,31
487,01	6295,69
487,21	6171,01
487,42	6119,67
487,63	5953,14
487,84	5984,32
488,05	5864,65
488,26	5644,99
488,47	5738,06
488,68	5672,34
488,89	5485,89
489,10	5456,50
489,31	5349,21
489,52	5357,85
489,73	5230,62
489,94	5044,77
490,15	5111,42
490,36	4966,69
490,57	4899,13
490,78	4854,00
490,99	4793,14
491,20	4746,09
491,41	4588,24
491,61	4443,20
491,82	4453,65
492,03	4361,71
492,24	4315,65
492,45	4324,52
492,66	4120,75
492,87	4119,59
493,08	4044,51
493,29	4035,93
493,50	3974,13
493,71	3875,89
493,92	3798,52
494,13	3751,18
494,34	3667,96
494,54	3640,06
494,75	3552,68
494,96	3354,99
495,17	3465,10
495,38	3455,32
495,59	3376,16
495,80	3276,59
496,01	3189,30
496,22	3172,37
496,43	3227,39
496,64	3138,11
496,84	3198,30
497,05	3074,84
497,26	2942,88
497,47	2920,36
497,68	2878,17
497,89	2946,99
498,10	2802,90
498,31	2692,69
498,52	2745,93
498,72	2619,27
498,93	2674,93
499,14	2591,22
499,35	2622,24
499,56	2566,49
499,77	2571,81
499,98	2452,48
500,19	2438,39
500,40	2420,72
500,60	2461,50
500,81	2264,60
501,02	2326,77
501,23	2239,31
501,44	2293,28
501,65	2227,88
501,86	2190,36
502,06	2157,65
502,27	2076,29
502,48	2026,91
502,69	2025,84
502,90	1906,62
503,11	2048,86
503,32	1967,38
503,53	1906,72
503,73	1891,23
503,94	1876,10
504,15	1792,52
504,36	1794,84
504,57	1811,98
504,78	1775,91
504,98	1784,89
505,19	1754,60
505,40	1698,93
505,61	1683,86
505,82	1700,44
506,03	1576,33
506,23	1636,89
506,44	1570,28
506,65	1485,24
506,86	1556,48
507,07	1511,11
507,28	1513,70
507,48	1439,88
507,69	1420,21
507,90	1482,68
508,11	1439,43
508,32	1406,19
508,53	1428,28
508,73	1400,67
508,94	1424,34
509,15	1343,09
509,36	1379,30
509,57	1362,53
509,77	1215,09
509,98	1257,39
510,19	1270,85
510,40	1262,29
510,61	1236,36
510,81	1148,44
511,02	1158,79
511,23	1153,24
511,44	1222,08
511,65	1222,66
511,85	1092,21
512,06	1186,99
512,27	1131,69
512,48	1109,75
512,69	1060,54
512,89	1069,28
513,10	1088,72
513,31	1025,32
513,52	1037,49
513,73	1091,06
513,93	958,11
514,14	932,64
514,35	947,23
514,56	1020,62
514,76	1019,17
514,97	974,01
515,18	936,68
515,39	960,87
515,60	953,51
515,80	919,80
516,01	872,52
516,22	835,28
516,43	973,46
516,63	850,39
516,84	872,19
517,05	900,70
517,26	805,84
517,46	822,19
517,67	836,21
517,88	790,08
518,09	863,02
518,29	855,59
518,50	735,51
518,71	856,37
518,92	707,47
519,12	771,54
519,33	770,39
519,54	734,89
519,75	668,45
519,95	700,03
520,16	728,23
520,37	800,69
520,57	733,45
520,78	607,97
520,99	688,41
521,20	641,21
521,40	764,81
521,61	657,82
521,82	711,83
522,03	709,69
522,23	584,44
522,44	697,05
522,65	652,59
522,85	620,01
523,06	577,88
523,27	550,77
523,48	551,29
523,68	575,73
523,89	580,80
524,10	627,91
524,30	576,13
524,51	553,29
524,72	591,61
524,93	568,38
525,13	596,98
525,34	571,94
525,55	532,94
525,75	500,51
525,96	477,53
526,17	528,51
526,37	397,45
526,58	523,07
526,79	552,68
526,99	554,47
527,20	490,05
527,41	545,57
527,62	518,08
527,82	535,94
528,03	516,26
528,24	495,69
528,44	434,22
528,65	517,40
528,86	468,64
529,06	516,53
529,27	498,84
529,48	473,03
529,68	367,51
529,89	371,83
530,10	429,51
530,30	471,82
530,51	473,45
530,72	419,75
530,92	432,69
531,13	455,84
531,34	412,04
531,54	373,04
531,75	483,44
531,96	276,81
532,16	428,16
532,37	372,45
532,57	383,20
532,78	410,29
532,99	434,02
533,19	350,87
533,40	341,42
533,61	416,07
533,81	399,62
534,02	338,47
534,23	422,65
534,43	372,85
534,64	337,22
534,84	362,66
535,05	350,24
535,26	362,90
535,46	358,52
535,67	310,26
535,88	360,47
536,08	370,25
536,29	285,46
536,49	344,53
536,70	310,19
536,91	439,23
537,11	327,16
537,32	381,04
537,53	301,26
537,73	229,42
537,94	337,26
538,14	327,77
538,35	322,88
538,56	293,61
538,76	318,61
538,97	329,20
539,17	355,53
539,38	266,69
539,59	311,49
539,79	319,72
540,00	281,06
540,20	283,81
540,41	284,64
540,62	70,79
540,82	346,68
541,03	302,64
541,23	291,66
541,44	325,23
541,64	280,21
541,85	377,39
542,06	275,06
542,26	346,93
542,47	285,16
542,67	291,72
542,88	242,66
543,08	218,99
543,29	202,77
543,50	173,01
543,70	193,36
543,91	198,93
544,11	245,38
544,32	276,45
544,52	214,02
544,73	347,88
544,94	300,44
545,14	286,87
545,35	300,16
545,55	239,58
545,76	257,27
545,96	215,60
546,17	257,81
546,37	196,00
546,58	230,20
546,78	306,48
546,99	269,90
547,20	137,91
547,40	239,95
547,61	231,06
547,81	326,19
548,02	166,19
548,22	231,01
548,43	107,57
548,63	186,87
548,84	185,94
549,04	215,34
549,25	258,04
549,45	249,19
549,66	263,54
549,86	197,10
550,07	238,43
550,27	250,32
550,48	194,70
550,69	215,58
550,89	179,26
551,10	217,15
551,30	129,54
551,51	237,23
551,71	161,54
551,92	186,67
552,12	259,81
552,33	239,70
552,53	261,95
552,74	254,07
552,94	219,16
553,15	225,95
553,35	139,52
553,56	169,01
553,76	190,00
553,97	130,62
554,17	220,71
554,38	118,61
554,58	212,04
554,79	228,82
554,99	245,55
555,19	260,76
555,40	215,21
555,60	169,38
555,81	194,12
556,01	217,36
556,22	173,45
556,42	251,77
556,63	233,23
556,83	151,88
557,04	218,24
557,24	151,62
557,45	174,80
557,65	262,89
557,86	225,70
558,06	159,12
558,27	192,60
558,47	194,78
558,67	118,57
558,88	261,03
559,08	204,95
559,29	245,52
559,49	118,42
559,70	242,12
559,90	206,09
560,11	192,28
560,31	145,61
560,52	178,52
560,72	172,19
560,92	143,31
561,13	201,32
561,33	161,82
561,54	134,12
561,74	81,95
561,95	232,13
562,15	99,93
562,35	182,63
562,56	129,45
562,76	248,44
562,97	165,19
563,17	145,45
563,38	140,18
563,58	184,49
563,78	182,50
563,99	195,55
564,19	257,23
564,40	142,87
564,60	186,33
564,80	143,91
565,01	196,45
565,21	185,71
565,42	114,82
565,62	219,07
565,83	153,87
566,03	182,75
566,23	194,91
566,44	156,72
566,64	158,93
566,85	163,31
567,05	138,46
567,25	204,82
567,46	118,64
567,66	164,66
567,86	146,97
568,07	158,70
568,27	171,49
568,48	296,69
568,68	181,17
568,88	193,69
569,09	117,76
569,29	143,46
569,50	206,68
569,70	118,35
569,90	151,54
570,11	121,97
570,31	185,46
570,51	107,98
570,72	165,94
570,92	118,58
571,13	97,75
571,33	196,87
571,53	73,96
571,74	183,11
571,94	130,96
572,14	92,97
572,35	225,08
572,55	148,65
572,75	211,20
572,96	77,58
573,16	101,02
573,36	152,55
573,57	130,02
573,77	134,87
573,97	187,98
574,18	216,63
574,38	128,95
574,59	110,43
574,79	171,39
574,99	237,04
575,20	90,38
575,40	181,50
575,60	119,93
575,81	77,32
576,01	109,88
576,21	196,82
576,42	189,21
576,62	156,29
576,82	175,08
577,02	140,64
577,23	156,20
577,43	107,32
577,63	170,65
577,84	165,21
578,04	154,20
578,24	197,87
578,45	161,79
578,65	171,59
578,85	155,31
579,06	125,38
579,26	124,38
579,46	190,40
579,67	155,53
579,87	93,43
580,07	104,52
580,27	144,69
580,48	174,59
580,68	184,41
580,88	104,04
581,09	142,60
581,29	144,62
581,49	90,19
581,69	195,46
581,90	187,46
582,10	221,62
582,30	149,97
582,51	170,24
582,71	136,40
582,91	113,70
583,11	169,17
583,32	148,03
583,52	98,27
583,72	159,66
583,93	118,13
584,13	113,59
584,33	98,75
584,53	87,81
584,74	80,19
584,94	250,15
585,14	156,33
585,34	92,03
585,55	192,12
585,75	146,86
585,95	174,73
586,15	216,48
586,36	106,45
586,56	87,47
586,76	107,16
586,96	180,48
587,17	131,01
587,37	72,68
587,57	139,23
587,77	229,05
587,98	92,45
588,18	179,03
588,38	157,04
588,58	173,86
588,79	145,66
588,99	187,19
589,19	118,82
589,39	130,84
589,60	166,30
589,80	150,30
590,00	126,73
590,20	191,07
590,40	167,04
590,61	165,71
590,81	121,62
591,01	183,37
591,21	158,85
591,42	192,26
591,62	199,02
591,82	219,05
592,02	53,23
592,22	125,63
592,43	143,78
592,63	135,41
592,83	90,16
593,03	125,41
593,23	130,37
593,44	105,11
593,64	169,57
593,84	144,25
594,04	144,69
594,24	168,38
594,45	219,64
594,65	163,92
594,85	152,53
595,05	157,71
595,25	127,41
595,46	89,06
595,66	97,42
595,86	174,35
596,06	215,40
596,26	131,06
596,46	185,46
596,67	228,29
596,87	157,92
597,07	119,12
597,27	219,71
597,47	190,60
597,67	124,92
597,88	191,80
598,08	124,22
598,28	128,35
598,48	130,36
598,68	133,74
598,88	152,88
599,09	86,49
599,29	226,29
599,49	121,04
599,69	141,77
599,89	140,67
600,09	128,39
600,30	167,01
600,50	141,88
600,70	188,56
600,90	159,75
601,10	153,76
601,30	58,48
601,50	158,98
601,71	90,72
601,91	128,55
602,11	146,29
602,31	179,07
602,51	123,84
602,71	230,11
602,91	147,47
603,11	192,23
603,32	98,51
603,52	153,42
603,72	73,72
603,92	182,38
604,12	155,62
604,32	166,53
604,52	70,85
604,72	173,06
604,93	129,26
605,13	110,59
605,33	148,08
605,53	141,84
605,73	206,10
605,93	66,33
606,13	150,76
606,33	159,38
606,53	209,08
606,74	87,18
606,94	108,85
607,14	147,84
607,34	186,35
607,54	186,98
607,74	116,30
607,94	195,08
608,14	87,41
608,34	161,90
608,54	123,92
608,74	129,51
608,95	184,96
609,15	110,26
609,35	189,65
609,55	153,53
609,75	154,23
609,95	85,25
610,15	205,40
610,35	161,28
610,55	116,82
610,75	153,15
610,95	174,46
611,15	120,14
611,35	120,88
611,55	98,33
611,76	84,89
611,96	158,23
612,16	129,55
612,36	72,51
612,56	110,63
612,76	112,33
612,96	141,30
613,16	63,23
613,36	104,33
613,56	131,83
613,76	106,66
613,96	130,77
614,16	132,56
614,36	183,65
614,56	158,53
614,76	174,61
614,96	148,33
615,16	185,91
615,36	186,94
615,56	123,64
615,76	101,07
615,97	154,52
616,17	138,89
616,37	108,68
616,57	176,20
616,77	131,29
616,97	122,68
617,17	139,03
617,37	82,72
617,57	189,79
617,77	154,02
617,97	103,24
618,17	180,21
618,37	113,04
618,57	114,48
618,77	145,46
618,97	154,88
619,17	76,56
619,37	151,12
619,57	190,07
619,77	114,82
619,97	129,81
620,17	162,15
620,37	149,37
620,57	214,14
620,77	89,31
620,97	174,21
621,17	139,56
621,37	167,92
621,57	151,14
621,77	225,73
621,97	93,94
622,17	164,55
622,37	183,81
622,57	93,83
622,77	152,86
622,97	182,90
623,17	145,60
623,37	-12,62
623,57	127,37
623,77	175,80
623,97	116,77
624,16	158,27
624,36	119,89
624,56	177,37
624,76	147,00
624,96	202,55
625,16	104,60
625,36	170,81
625,56	178,02
625,76	154,27
625,96	129,47
626,16	181,86
626,36	111,11
626,56	60,13
626,76	143,33
626,96	135,71
627,16	139,29
627,36	201,55
627,56	89,96
627,76	175,46
627,96	157,93
628,16	121,27
628,35	138,24
628,55	194,89
628,75	155,62
628,95	193,71
629,15	80,15
629,35	198,40
629,55	127,19
629,75	83,86
629,95	152,21
630,15	168,67
630,35	153,46
630,55	188,85
630,75	101,01
630,95	63,24
631,14	165,56
631,34	123,81
631,54	141,64
631,74	159,51
631,94	178,69
632,14	201,85
632,34	152,03
632,54	156,62
632,74	189,14
632,94	119,72
633,14	79,20
633,33	223,98
633,53	170,34
633,73	65,63
633,93	126,34
634,13	124,86
634,33	163,62
634,53	240,83
634,73	138,44
634,93	224,17
635,12	126,90
635,32	175,33
635,52	193,65
635,72	149,05
635,92	171,69
636,12	104,88
636,32	121,93
636,52	149,60
636,71	169,03
636,91	131,29
637,11	204,15
637,31	209,37
637,51	198,15
637,71	65,43
637,91	193,16
638,11	154,72
638,30	170,07
638,50	198,10
638,70	52,72
638,90	123,34
639,10	92,65
639,30	164,28
639,50	105,38
639,69	133,13
639,89	173,41
640,09	181,02
640,29	144,76
640,49	161,89
640,69	188,29
640,88	187,53
641,08	163,58
641,28	82,67
641,48	172,89
641,68	177,47
641,88	121,47
642,07	156,76
642,27	83,35
642,47	144,49
642,67	155,83
642,87	98,45
643,07	98,70
643,26	137,17
643,46	113,53
643,66	194,73
643,86	129,00
644,06	138,12
644,26	102,22
644,45	154,27
644,65	198,72
644,85	161,66
645,05	172,21
645,25	123,02
645,44	124,89
645,64	178,96
645,84	103,47
646,04	243,68
646,24	198,93
646,43	93,43
646,63	96,85
646,83	149,53
647,03	57,11
647,23	213,49
647,42	135,06
647,62	132,12
647,82	166,42
648,02	201,15
648,22	146,77
648,41	151,98
648,61	177,33
648,81	141,54
649,01	130,99
649,20	100,08
649,40	139,90
649,60	94,57
649,80	135,75
650,00	112,65
650,19	174,55
650,39	160,66
650,59	94,25
650,79	127,45
650,98	170,51
651,18	206,66
651,38	139,01
651,58	156,94
651,77	176,11
651,97	128,94
652,17	208,27
652,37	139,10
652,56	212,26
652,76	139,76
652,96	121,63
653,16	141,84
653,35	169,12
653,55	142,27
653,75	194,73
653,95	96,95
654,14	121,44
654,34	212,48
654,54	152,52
654,74	107,98
654,93	135,80
655,13	118,42
655,33	193,54
655,52	90,63
655,72	53,58
655,92	170,48
656,12	184,56
656,31	111,13
656,51	113,37
656,71	155,78
656,91	133,41
657,10	210,02
657,30	142,22
657,50	140,45
657,69	58,97
657,89	139,95
658,09	77,23
658,29	64,47
658,48	132,96
658,68	158,34
658,88	88,30
659,07	106,15
659,27	165,89
659,47	172,29
659,66	109,43
659,86	180,32
660,06	149,25
660,26	149,45
660,45	58,47
660,65	81,60
660,85	155,46
661,04	184,86
661,24	66,78
661,44	188,78
661,63	136,30
661,83	179,72
662,03	171,24
662,22	120,15
662,42	178,44
662,62	121,80
662,81	195,37
663,01	150,10
663,21	127,25
663,40	188,00
663,60	153,30
663,80	158,87
663,99	53,65
664,19	152,34
664,39	184,80
664,58	155,51
664,78	214,84
664,98	207,30
665,17	190,55
665,37	128,16
665,57	122,11
665,76	109,73
665,96	174,34
666,16	180,32
666,35	190,63
666,55	139,79
666,74	117,90
666,94	68,48
667,14	215,14
667,33	132,29
667,53	160,68
667,73	149,95
667,92	103,54
668,12	164,88
668,32	65,58
668,51	198,28
668,71	101,53
668,90	186,25
669,10	162,65
669,30	190,07
669,49	102,19
669,69	126,38
669,89	178,11
670,08	203,49
670,28	-42,86
670,47	68,95
670,67	152,20
670,87	113,14
671,06	129,56
671,26	103,33
671,45	173,60
671,65	41,64
671,85	179,07
672,04	155,94
672,24	166,74
672,43	83,43
672,63	123,83
672,83	133,63
673,02	149,90
673,22	97,56
673,41	120,19
673,61	136,24
673,81	72,34
674,00	38,90
674,20	126,90
674,39	181,45
674,59	133,77
674,78	160,89
674,98	53,93
675,18	94,18
675,37	204,99
675,57	125,33
675,76	107,63
675,96	80,74
676,15	64,08
676,35	95,30
676,55	153,04
676,74	158,44
676,94	166,92
677,13	113,87
677,33	63,36
677,52	107,95
677,72	152,83
677,91	146,55
678,11	159,07
678,31	135,02
678,50	43,60
678,70	159,86
678,89	110,10
679,09	96,18
679,28	117,26
679,48	63,71
679,67	120,05
679,87	154,51
680,06	140,98
680,26	50,89
680,46	114,95
680,65	157,48
680,85	175,62
681,04	122,18
681,24	155,92
681,43	179,35
681,63	97,45
681,82	105,77
682,02	122,77
682,21	129,39
682,41	146,56
682,60	104,56
682,80	105,52
682,99	115,05
683,19	142,19
683,38	58,49
683,58	111,85
683,77	95,06
683,97	63,25
684,16	53,23
684,36	133,18
684,55	129,76
684,75	163,06
684,94	164,38
685,14	69,58
685,33	159,46
685,53	80,21
685,72	124,98
685,92	95,08
686,11	128,60
686,31	162,60
686,50	43,44
686,70	133,98
686,89	143,21
687,09	113,46
687,28	87,33
687,48	172,30
687,67	84,85
687,87	63,75
688,06	168,97
688,26	79,45
688,45	131,31
688,65	98,74
688,84	116,16
689,03	165,56
689,23	210,66
689,42	33,45
689,62	135,24
689,81	66,65
690,01	131,34
690,20	139,32
690,40	95,71
690,59	48,64
690,79	154,76
690,98	154,04
691,17	115,51
691,37	118,87
691,56	124,94
691,76	90,33
691,95	100,43
692,15	208,52
692,34	146,13
692,54	184,45
692,73	160,76
692,92	79,13
693,12	131,23
693,31	101,46
693,51	89,97
693,70	126,99
693,90	115,16
694,09	119,43
694,28	138,57
694,48	127,04
694,67	144,97
694,87	30,04
695,06	94,63
695,26	119,94
695,45	101,11
695,64	122,19
695,84	119,89
696,03	141,02
696,23	171,24
696,42	134,70
696,61	94,41
696,81	142,40
697,00	120,01
697,20	78,94
697,39	140,70
697,58	175,59
697,78	101,96
697,97	69,86
698,17	60,24
698,36	99,68
698,55	160,59
698,75	-24,74
698,94	96,41
699,14	101,04
699,33	142,17
699,52	52,90
699,72	72,85
699,91	115,04
700,10	115,61
700,30	161,70
700,49	88,11
700,69	120,13
700,88	124,82
701,07	122,75
701,27	109,21
701,46	-8,66
701,65	79,35
701,85	124,92
702,04	3,97
702,23	124,54
702,43	132,27
702,62	84,23
702,82	93,47
703,01	33,17
703,20	56,06
703,40	99,61
703,59	121,72
703,78	49,55
703,98	49,21
704,17	106,72
704,36	125,34
704,56	69,64
704,75	89,84
704,94	109,08
705,14	40,93
705,33	73,04
705,52	95,54
705,72	93,78
705,91	77,82
706,10	69,69
706,30	62,56
706,49	65,52
706,68	84,06
706,88	54,70
707,07	93,25
707,26	158,11
707,46	60,23
707,65	57,02
707,84	123,69
708,04	160,56
708,23	54,97
708,42	83,62
708,62	124,00
708,81	134,65
709,00	25,77
709,19	94,50
709,39	135,38
709,58	87,79
709,77	132,89
709,97	54,18
710,16	81,45
710,35	-7,87
710,55	119,48
710,74	61,32
710,93	75,46
711,12	1,90
711,32	135,81
711,51	32,29
711,70	189,24
711,90	114,21
712,09	121,78
712,28	87,10
712,47	190,22
712,67	110,25
712,86	63,98
713,05	75,15
713,24	118,56
713,44	50,35
713,63	68,49
713,82	150,16
714,02	40,79
714,21	68,91
714,40	133,72
714,59	54,99
714,79	113,84
714,98	151,71
715,17	-8,97
715,36	106,24
715,56	52,94
715,75	142,03
715,94	57,88
716,13	63,80
716,33	91,07
716,52	106,79
716,71	32,51
716,90	42,58
717,10	115,74
717,29	84,95
717,48	55,36
717,67	71,11
717,87	115,23
718,06	72,41
718,25	78,32
718,44	5,42
718,63	37,63
718,83	128,75
719,02	124,84
719,21	72,71
719,40	97,23
719,60	71,96
719,79	77,71
719,98	126,60
720,17	106,75
720,36	64,59
720,56	128,59
720,75	97,48
720,94	62,30
721,13	113,21
721,33	118,76
721,52	88,50
721,71	65,89
721,90	19,17
722,09	119,74
722,29	99,73
722,48	145,13
722,67	83,50
722,86	-22,53
723,05	69,19
723,24	-10,87
723,44	90,65
723,63	77,12
723,82	18,41
724,01	84,99
724,20	39,27
724,40	130,70
724,59	68,66
724,78	104,18
724,97	109,28
725,16	33,92
725,35	65,47
725,55	78,12
725,74	99,30
725,93	50,03
726,12	97,41
726,31	70,06
726,51	45,63
726,70	163,98
726,89	78,26
727,08	112,25
727,27	83,58
727,46	61,26
727,65	63,27
727,85	169,93
728,04	122,63
728,23	154,22
728,42	90,29
728,61	80,55
728,80	96,33
729,00	35,91
729,19	56,68
729,38	3,88
729,57	135,75
729,76	126,93
729,95	47,41
730,14	93,02
730,33	140,63
730,53	143,23
730,72	140,02
730,91	120,54
731,10	37,81
731,29	-17,97
731,48	1,74
731,67	81,17
731,86	117,31
732,06	126,01
732,25	86,23
732,44	60,76
732,63	78,18
732,82	-19,35
733,01	53,55
733,20	154,06
733,39	79,57
733,59	142,81
733,78	81,82
733,97	4,79
734,16	16,46
734,35	39,89
734,54	57,89
734,73	89,96
734,92	77,94
735,11	104,69
735,30	97,65
735,49	28,73
735,69	16,18
735,88	172,46
736,07	123,54
736,26	104,28
736,45	58,88
736,64	151,99
736,83	16,37
737,02	76,45
737,21	85,87
737,40	60,46
737,59	-42,07
737,78	92,80
737,98	173,41
738,17	110,85
738,36	-4,64
738,55	130,42
738,74	35,45
738,93	63,36
739,12	71,48
739,31	140,06
739,50	190,96
739,69	-23,61
739,88	28,73
740,07	51,20
740,26	53,96
740,45	41,41
740,64	50,47
740,83	98,73
741,02	155,74
741,22	161,70
741,41	57,42
741,60	46,28
741,79	84,56
741,98	50,77
742,17	107,60
742,36	45,08
742,55	67,29
742,74	-12,56
742,93	56,63
743,12	62,82
743,31	46,95
743,50	73,36
743,69	54,32
743,88	52,92
744,07	105,06
744,26	-48,37
744,45	79,69
744,64	-12,30
744,83	90,97
745,02	94,41
745,21	65,47
745,40	65,72
745,59	17,78
745,78	128,11
745,97	-10,98
746,16	38,03
746,35	79,35
746,54	129,12
746,73	153,68
746,92	-7,85
747,11	77,57
747,30	82,86
747,49	60,26
747,68	80,81
747,87	73,14
748,06	19,95
748,25	29,94
748,44	-5,69
748,63	-65,82
748,82	29,45
749,01	50,44
749,20	83,45
749,39	94,13
749,58	45,85
749,77	22,09
749,96	96,82
750,15	62,11
750,34	115,36
750,53	52,88
750,72	54,02
750,91	68,45
751,10	-39,66
751,29	47,07
751,48	146,17
751,67	101,02
751,86	39,06
752,04	-2,72
752,23	36,51
752,42	85,79
752,61	35,49
752,80	17,17
752,99	84,88
753,18	54,38
753,37	65,47
753,56	124,05
753,75	24,74
753,94	82,89
754,13	7,52
754,32	38,51
754,51	69,64
754,70	-53,36
754,89	-29,35
755,08	74,83
755,27	66,58
755,45	33,86
755,64	20,48
755,83	-5,47
756,02	-16,38
756,21	74,45
756,40	-8,17
756,59	96,37
756,78	55,14
756,97	30,21
757,16	35,83
757,35	-21,02
757,54	44,45
757,72	52,27
757,91	108,71
758,10	59,01
758,29	73,35
758,48	17,81
758,67	46,97
758,86	101,44
759,05	51,75
759,24	35,09
759,43	29,39
759,61	107,40
759,80	77,29
759,99	-20,73
760,18	82,98
760,37	68,46
760,56	138,01
760,75	67,39
760,94	89,51
761,13	63,87
761,31	-30,10
761,50	61,27
761,69	51,28
761,88	102,47
762,07	143,04
762,26	28,68
762,45	42,81
762,64	36,06
762,82	91,15
763,01	53,84
763,20	58,36
763,39	105,68
763,58	59,31
763,77	89,10
763,96	75,63
764,14	59,74
764,33	42,77
764,52	90,82
764,71	21,76
764,90	60,77
765,09	50,45
765,27	-9,71
765,46	69,99
765,65	128,60
765,84	30,46
766,03	52,33
766,22	72,40
766,41	85,21
766,59	108,30
766,78	27,58
766,97	61,47
767,16	59,77
767,35	104,78
767,54	-18,64
767,72	46,26
767,91	51,11
768,10	62,52
768,29	59,71
768,48	60,78
768,66	62,50
768,85	26,16
769,04	78,30
769,23	48,86
769,42	69,15
769,61	27,35
769,79	8,38
769,98	65,60
770,17	109,30
770,36	-56,12
770,55	39,45
770,73	27,57
770,92	50,80
771,11	21,97
771,30	50,19
771,49	65,94
771,67	-47,06
771,86	63,07
772,05	84,17
772,24	23,44
772,42	63,12
772,61	23,37
772,80	89,22
772,99	43,80
773,18	36,64
773,36	66,90
773,55	13,77
773,74	56,59
773,93	51,89
774,11	53,45
774,30	-48,41
774,49	58,91
774,68	4,75
774,87	20,73
775,05	54,05
775,24	106,66
775,43	64,46
775,62	16,98
775,80	45,64
775,99	16,24
776,18	-8,27
776,37	24,20
776,55	-4,23
776,74	40,46
776,93	36,53
777,12	62,79
777,30	10,54
777,49	70,17
777,68	62,27
777,87	84,25
778,05	90,31
778,24	59,91
778,43	77,05
778,62	91,56
778,80	-28,10
778,99	39,62
779,18	28,25
779,36	54,91
779,55	86,72
779,74	15,02
779,93	52,70
780,11	90,73
780,30	113,73
780,49	46,34
780,68	90,90
780,86	10,76
781,05	28,37
781,24	44,57
781,42	47,55
781,61	18,94
781,80	113,99
781,98	46,43
782,17	9,43
782,36	80,88
782,55	70,64
782,73	97,16
782,92	-0,45
783,11	68,38
783,29	5,46
783,48	3,01
783,67	38,05
783,85	108,08
784,04	-29,37
784,23	14,58
784,42	71,50
784,60	40,24
784,79	26,00
784,98	83,98
785,16	24,95
785,35	127,94
785,54	31,48
785,72	-34,10
785,91	46,76
786,10	107,90
786,28	51,46
786,47	21,44
786,66	46,60
786,84	11,53
787,03	-6,12
787,22	44,54
787,40	70,95
787,59	6,10
787,78	-56,67
787,96	54,34
788,15	24,45
788,34	5,91
788,52	30,85
788,71	2,87
788,89	22,38
789,08	54,68
789,27	-27,52
789,45	-73,30
789,64	74,34
789,83	116,50
790,01	75,35
790,20	19,35
790,39	86,66
790,57	28,85
790,76	34,11
790,95	70,97
791,13	33,67
791,32	63,20
791,50	-12,83
791,69	72,43
791,88	21,58
792,06	-27,97
792,25	-4,59
792,43	46,41
792,62	10,56
792,81	85,56
792,99	58,08
793,18	26,97
793,37	83,49
793,55	60,26
793,74	17,81
793,92	-7,78
794,11	-4,02
794,30	69,09
794,48	-2,02
794,67	33,97
794,85	72,20
795,04	87,28
795,23	32,34
795,41	44,83
795,60	36,77
795,78	49,07
795,97	-23,27
796,15	-20,73
796,34	34,16
796,53	60,78
796,71	6,82
796,90	26,04
797,08	78,00
797,27	1,04
797,46	56,01
797,64	37,27
797,83	25,67
798,01	96,67
798,20	-22,37
798,38	-10,47
798,57	82,36
798,76	80,96
798,94	21,91
799,13	59,53
799,31	-18,10
799,50	76,18
799,68	56,89
799,87	33,59
800,05	-1,03
800,24	41,44
800,43	82,03
800,61	-40,59
800,80	-57,42
800,98	75,35
801,17	40,67
801,35	8,59
801,54	-64,01
801,72	15,34
801,91	2,99
802,09	42,63
802,28	24,40
802,46	53,64
802,65	49,99
802,84	-25,85
803,02	-23,34
803,21	47,68
803,39	69,69
803,58	11,21
803,76	43,47
803,95	39,49
804,13	99,31
804,32	65,74
804,50	-35,04
804,69	39,21
804,87	71,43
805,06	25,94
805,24	-57,16
805,43	12,45
805,61	-28,91
805,80	92,67
805,98	24,05
806,17	51,53
806,35	79,98
806,54	43,26
806,72	70,77
806,91	21,39
807,09	4,97
807,28	75,70
807,46	-5,48
807,65	-37,97
807,83	79,49
808,02	41,70
808,20	2,62
808,39	87,38
808,57	15,13
808,76	12,87
808,94	-4,47
809,13	49,52
809,31	34,43
809,49	18,67
809,68	54,96
809,86	-11,83
810,05	47,75
810,23	4,45
810,42	-17,60
810,60	45,44
810,79	85,30
810,97	59,18
811,16	0,07
811,34	14,09
811,53	53,18
811,71	70,88
811,89	-4,79
812,08	32,86
812,26	30,51
812,45	-7,32
812,63	24,30
812,82	-59,69
813,00	30,98
813,19	56,41
813,37	28,48
813,55	50,99
813,74	67,36
813,92	-23,30
814,11	29,70
814,29	147,48
814,48	-36,83
814,66	-21,34
814,84	-23,70
815,03	69,14
815,21	-1,29
815,40	22,78
815,58	13,01
815,77	-8,95
815,95	23,83
816,13	44,20
816,32	-63,64
816,50	2,50
816,69	34,07
816,87	64,36
817,05	4,78
817,24	-47,00
817,42	71,55
817,61	19,42
817,79	-46,23
817,97	-45,81
818,16	72,46
818,34	-64,05
818,53	95,00
818,71	30,93
818,89	61,58
819,08	-3,42
819,26	52,60
819,45	-12,58
819,63	16,50
819,81	11,82
820,00	-78,86
820,18	80,70
820,36	-0,91
820,55	80,18
820,73	30,14
820,92	49,83
821,10	47,89
821,28	60,24
821,47	-27,92
821,65	-5,73
821,83	-102,49
822,02	43,18
822,20	24,63
822,39	31,48
822,57	67,58
822,75	15,82
822,94	24,13
823,12	131,71
823,30	43,10
823,49	-57,92
823,67	4,62
823,85	-16,34
824,04	79,58
824,22	21,41
824,40	-28,36
824,59	57,84
824,77	-10,54
824,95	66,47
825,14	-44,33
825,32	10,79
825,50	43,13
825,69	27,98
825,87	34,56
826,05	68,44
826,24	52,58
826,42	-19,62
826,60	22,18
826,79	38,56
826,97	64,39
827,15	77,70
827,34	81,86
827,52	45,54
827,70	72,39
827,89	76,84
828,07	75,88
828,25	42,38
828,44	16,59
828,62	49,94
828,80	-15,13
828,98	8,88
829,17	97,88
829,35	-60,75
829,53	55,32
829,72	34,96
829,90	46,36
830,08	24,48
830,27	-29,05
830,45	-65,64
830,63	12,91
830,81	60,46
831,00	54,25
831,18	55,29
831,36	-9,21
831,55	85,55
831,73	87,46
831,91	33,81
832,09	-76,87
832,28	17,10
832,46	67,17
832,64	27,83
832,82	-6,72
833,01	-18,90
833,19	46,90
833,37	8,46
833,55	52,53
833,74	10,83
833,92	109,49
834,10	63,79
834,29	17,09
834,47	-6,76
834,65	-8,65
834,83	66,85
835,02	29,59
835,20	18,09
835,38	6,02
835,56	6,71
835,75	23,96
835,93	16,61
836,11	22,86
836,29	58,06
836,47	-55,06
836,66	41,55
836,84	11,48
837,02	-4,27
837,20	23,38
837,39	5,04
837,57	36,71
837,75	5,08
837,93	61,53
838,12	32,10
838,30	40,36
838,48	50,06
838,66	-39,45
838,84	19,88
839,03	-21,79
839,21	35,96
839,39	64,49
839,57	27,82
839,75	-68,86
839,94	66,43
840,12	27,46
840,30	43,70
840,48	19,03
840,66	35,74
840,85	23,52
841,03	50,07
841,21	-11,40
841,39	-43,74
841,57	90,92
841,76	16,42
841,94	-10,73
842,12	11,44
842,30	34,04
842,48	-45,90
842,67	-17,72
842,85	40,44
843,03	58,03
843,21	-17,20
843,39	-3,30
843,57	76,36
843,76	-20,83
843,94	70,84
844,12	17,79
844,30	88,35
844,48	51,63
844,66	-17,92
844,85	20,52
845,03	29,17
845,21	-2,16
845,39	-51,11
845,57	3,47
845,75	4,04
845,94	17,49
846,12	18,30
846,30	-23,86
846,48	43,94
846,66	-63,39
846,84	82,46
847,02	32,57
847,21	10,06
847,39	21,37
847,57	9,04
847,75	83,29
847,93	13,76
848,11	54,47
848,29	37,55
848,48	46,37
848,66	-20,60
848,84	0,15
849,02	27,41
849,20	40,99
849,38	30,24
849,56	56,16
849,74	-58,79
849,93	-26,44
850,11	19,91
850,29	-32,19
850,47	21,15
850,65	55,79
850,83	69,76
851,01	55,44
851,19	-8,00
851,37	50,67
851,56	1,88
851,74	2,36
851,92	46,50
852,10	49,26
852,28	43,35
852,46	64,85
852,64	-46,85
852,82	-9,89
853,00	-15,13
853,18	35,52
853,37	52,26
853,55	22,42
853,73	57,61
853,91	37,15
854,09	53,01
854,27	-47,06
854,45	19,76
854,63	17,86
854,81	63,41
854,99	-4,97
855,17	66,94
855,35	11,23
855,53	0,92
855,72	64,64
855,90	-44,81
856,08	-77,58
856,26	58,87
856,44	-78,11
856,62	58,64
856,80	62,36
856,98	62,55
857,16	14,48
857,34	44,87
857,52	-13,86
857,70	-5,79
857,88	-31,93
858,06	29,96
858,24	-59,47
858,42	-31,16
858,60	5,82
858,78	65,15
858,96	3,03
859,15	28,17
859,33	63,25
859,51	17,21
859,69	-17,08
859,87	21,70
860,05	21,54
860,23	-56,63
860,41	-32,05
860,59	-13,28
860,77	-29,23
860,95	30,29
861,13	5,87
861,31	38,62
861,49	37,95
861,67	-16,14
861,85	40,46
862,03	-36,41
862,21	-9,70
862,39	-10,63
862,57	4,65
862,75	10,27
862,93	24,17
863,11	-35,86
863,29	70,94
863,47	27,10
863,65	-16,15
863,83	11,90
864,01	14,18
864,19	55,21
864,37	4,92
864,55	-12,38
864,73	48,13
864,91	6,34
865,09	-16,64
865,27	-14,45
865,45	20,30
865,63	2,80
865,81	-16,34
865,99	-24,04
866,17	31,86
866,35	16,51
866,53	-56,63
866,71	56,48
866,89	25,18
867,07	7,01
867,24	37,15
867,42	-0,34
867,60	-50,06
867,78	-7,24
867,96	34,47
868,14	10,27
868,32	-32,73
868,50	-13,26
868,68	28,23
868,86	27,77
869,04	13,97
869,22	76,93
869,40	61,12
869,58	1,59
869,76	-56,49
869,94	51,16
870,12	41,84
870,30	-20,64
870,48	-21,92
870,66	36,07
870,83	2,54
871,01	-31,59
871,19	81,05
871,37	-9,14
871,55	71,48
871,73	6,85
871,91	-104,77
872,09	-18,72
872,27	-31,81
872,45	48,72
872,63	62,16
872,81	39,39
872,98	-38,25
873,16	-4,08
873,34	-44,57
873,52	22,07
873,70	16,57
873,88	-15,70
874,06	69,52
874,24	-42,90
874,42	61,88
874,60	83,45
874,78	56,33
874,95	-16,86
875,13	40,13
875,31	-7,37
875,49	-20,22
875,67	-1,53
875,85	-5,72
876,03	44,89
876,21	1,82
876,39	52,63
876,56	36,88
876,74	122,49
876,92	19,30
877,10	-50,35
877,28	22,09
877,46	36,17
877,64	-34,33
877,82	-14,12
877,99	50,46
878,17	24,61
878,35	81,27
878,53	-4,59
878,71	-33,91
878,89	67,74
879,07	-66,56
879,24	3,02
879,42	18,23
879,60	24,73
879,78	-26,06
879,96	63,73
880,14	-26,34
880,32	70,70
880,49	58,31
880,67	8,66
880,85	24,81
881,03	46,40
881,21	3,45
881,39	35,55
881,56	17,85
881,74	21,81
881,92	-51,25
882,10	-3,37
882,28	-12,98
882,46	18,62
882,63	55,73
882,81	69,43
882,99	52,58
883,17	16,58
883,35	-62,01
883,52	-29,23
883,70	-29,62
883,88	52,28
884,06	63,77
884,24	15,00
884,42	-80,03
884,59	-14,57
884,77	-41,44
884,95	51,61
885,13	9,46
885,31	21,30
885,48	-15,38
885,66	-79,91
885,84	40,43
886,02	17,47
886,20	-17,90
886,37	9,50
886,55	-45,26
886,73	7,41
886,91	-30,30
887,08	-3,78
887,26	-28,09
887,44	18,26
887,62	58,89
887,80	-45,76
887,97	-4,88
888,15	11,97
888,33	65,21
888,51	52,19
888,68	15,23
888,86	5,08
889,04	5,50
889,22	-36,40
889,40	31,42
889,57	-7,55
889,75	-63,27
889,93	4,34
890,11	61,97
890,28	6,50
890,46	-27,29
890,64	9,25
890,82	-12,92
890,99	-67,49
891,17	17,97
891,35	39,41
891,53	14,09
891,70	70,30
891,88	34,55
892,06	4,27
892,24	24,64
892,41	23,87
892,59	40,90
892,77	-31,33
892,94	8,33
893,12	22,61
893,30	85,89
893,48	-18,28
893,65	-94,98
893,83	-8,01
894,01	26,11
894,19	-24,05
894,36	-24,65
894,54	-1,60
894,72	21,36
894,89	27,69
895,07	20,22
895,25	-37,91
895,43	47,76
895,60	28,64
895,78	-24,98
895,96	-19,25
896,13	-22,44
896,31	31,20
896,49	1,87
896,66	69,65
896,84	-38,93
897,02	-28,36
897,20	27,13
897,37	59,17
897,55	39,37
897,73	-45,92
897,90	-2,90
898,08	1,69
898,26	0,09
898,43	35,77
898,61	0,29
898,79	31,56
898,96	36,71
899,14	30,57
899,32	77,84
899,49	81,07
899,67	18,66
899,85	-37,23
900,02	-60,38
900,20	7,88
900,38	-14,58
900,55	-83,78
900,73	-49,87
900,91	53,54
901,08	-6,66
901,26	0,83
901,44	74,99
901,61	-15,13
901,79	-27,21
901,97	2,59
902,14	26,23
902,32	17,30
902,50	67,45
902,67	52,00
902,85	-16,17
903,02	26,67
903,20	18,47
903,38	-53,88
903,55	45,14
903,73	-0,35
903,91	-17,15
904,08	-36,05
904,26	11,79
904,44	-120,19
904,61	37,98
904,79	63,55
904,96	30,54
905,14	80,52
905,32	-29,88
905,49	41,68
905,67	78,29
905,84	10,89
906,02	18,53
906,20	25,23
906,37	-130,56
906,55	8,78
906,73	34,51
906,90	2,10
907,08	20,37
907,25	57,20
907,43	-1,69
907,61	22,76
907,78	71,33
907,96	38,30
908,13	-17,83
908,31	-22,35
908,48	41,85
908,66	21,07
908,84	-17,27
909,01	-52,90
909,19	-43,78
909,36	32,17
909,54	-2,62
909,72	-3,80
909,89	77,13
910,07	50,24
910,24	-62,68
910,42	-82,87
910,59	17,83
910,77	42,24
910,95	48,80
911,12	11,15
911,30	37,96
911,47	6,01
911,65	4,97
911,82	12,45
912,00	-54,77
912,17	49,81
912,35	4,63
912,53	-64,05
912,70	-103,20
912,88	6,52
913,05	-44,99
913,23	-9,78
913,40	-24,93
913,58	19,66
913,75	-4,36
913,93	52,69
914,10	46,03
914,28	25,96
914,46	46,65
914,63	0,06
914,81	-45,68
914,98	26,54
915,16	-7,62
915,33	25,45
915,51	49,91
915,68	-15,27
915,86	-13,34
916,03	45,84
916,21	68,90
916,38	25,52
916,56	-22,77
916,73	6,78
916,91	-11,81
917,08	37,31
917,26	-15,34
917,43	-14,41
917,61	33,06
917,78	-1,71
917,96	94,62
918,13	30,23
918,31	-14,27
918,48	77,75
918,66	36,93
918,83	-39,15
919,01	-11,83
919,18	52,08
919,36	-12,99
919,53	-30,14
919,71	-121,28
919,88	-55,28
920,06	5,32
920,23	70,06
920,41	33,60
920,58	59,60
920,76	69,88
920,93	-29,93
921,11	55,06
921,28	0,62
921,45	26,67
921,63	-25,30
921,80	-11,72
921,98	9,89
922,15	28,20
922,33	0,01
922,50	-1,94
922,68	46,90
922,85	72,70
923,03	28,58
923,20	-50,34
923,38	24,25
923,55	5,34
923,72	17,44
923,90	-102,31
924,07	47,25
924,25	47,59
924,42	-64,05
924,60	-10,64
924,77	37,64
924,95	3,11
925,12	35,39
925,29	-110,24
925,47	-17,04
925,64	80,19
925,82	69,64
925,99	56,67
926,17	-31,19
926,34	28,44
926,51	58,75
926,69	-12,32
926,86	-39,14
927,04	22,51
927,21	-14,27
927,38	95,31
927,56	32,22
927,73	-5,62
927,91	22,90
928,08	-131,55
928,25	27,01
928,43	-58,25
928,60	41,78
928,78	8,55
928,95	-25,27
929,12	-31,86
929,30	-46,64
929,47	-21,34
929,65	27,02
929,82	40,68
929,99	8,47
930,17	114,33
930,34	-14,78
930,52	34,70
930,69	55,79
930,86	1,76
931,04	34,54
931,21	64,68
931,38	22,06
931,56	-34,12
931,73	-89,93
931,91	14,04
932,08	65,34
932,25	-22,53
932,43	24,27
932,60	47,49
932,77	26,41
932,95	51,36
933,12	24,95
933,29	9,70
933,47	-21,48
933,64	37,83
933,82	14,13
933,99	-51,47
934,16	0,37
934,34	-6,42
934,51	7,06
934,68	-31,19
934,86	-31,45
935,03	85,62
935,20	53,90
935,38	35,07
935,55	81,29
935,72	-57,25
935,90	-7,01
936,07	31,89
936,24	20,90
936,42	-24,06
936,59	-8,52
936,76	-102,29
936,94	45,76
937,11	-52,69
937,28	44,49
937,46	44,26
937,63	-21,78
937,80	8,32
937,97	-68,22
938,15	-20,63
938,32	31,05
938,49	-68,44
938,67	35,86
938,84	-10,04
939,01	50,83
939,19	47,76
939,36	28,66
939,53	5,80
939,70	-1,90
939,88	60,45
940,05	-37,45
940,22	-15,88
940,40	-29,16
940,57	-31,77
940,74	-3,42
940,92	17,26
941,09	39,64
941,26	69,55
941,43	-63,58
941,61	37,21
941,78	35,07
941,95	-41,26
942,12	-47,49
942,30	11,55
942,47	4,59
942,64	50,83
942,82	-68,42
942,99	-30,69
943,16	75,74
943,33	7,55
943,51	52,29
943,68	-3,01
943,85	61,06
944,02	-9,94
944,20	-21,04
944,37	-10,53
944,54	7,43
944,71	-45,24
944,89	19,47
945,06	79,39
945,23	-35,84
945,40	-31,46
945,58	27,70
945,75	75,06
945,92	-20,04
946,09	-31,70
946,27	-34,88
946,44	32,97
946,61	-49,76
946,78	-23,41
946,95	-15,95
947,13	9,59
947,30	9,24
947,47	-7,89
947,64	32,35
947,82	80,08
947,99	71,44
948,16	4,48
948,33	3,01
948,50	-0,52
948,68	-79,46
948,85	24,71
949,02	-12,34
949,19	-16,44
949,36	42,28
949,54	43,98
949,71	-110,43
949,88	24,76
950,05	-4,62
950,22	25,92
950,40	45,85
950,57	41,70
950,74	-38,52
950,91	-50,99
951,08	53,40
951,26	13,73
951,43	32,15
951,60	-0,08
951,77	-44,08
951,94	-37,19
952,11	29,22
952,29	-19,94
952,46	57,64
952,63	-69,01
952,80	9,55
952,97	8,06
953,15	30,60
953,32	70,39
953,49	62,31
953,66	-15,06
953,83	79,44
954,00	43,38
954,17	30,54
954,35	-66,00
954,52	93,76
954,69	-32,39
954,86	-65,92
955,03	-27,66
955,20	-44,13
955,38	-21,49
955,55	9,11
955,72	-45,83
955,89	84,05
956,06	-13,89
956,23	55,91
956,40	-66,44
956,58	38,93
956,75	36,09
956,92	1,39
957,09	-4,82
957,26	-18,99
957,43	55,34
957,60	10,22
957,77	27,19
957,95	-15,64
958,12	-64,34
958,29	3,60
958,46	-17,29
958,63	26,21
958,80	-29,74
958,97	-6,62
959,14	16,77
959,31	15,24
959,49	35,42
959,66	24,71
959,83	0,89
960,00	52,64
960,17	-41,87
960,34	-0,60
960,51	4,91
960,68	-63,47
960,85	-64,72
961,02	44,89
961,20	-30,54
961,37	-5,37
961,54	-15,18
961,71	13,26
961,88	-29,19
962,05	-11,28
962,22	-34,35
962,39	-34,86
962,56	43,51
962,73	47,57
962,90	76,83
963,07	-5,64
963,24	-27,08
963,42	54,87
963,59	-30,94
963,76	9,42
963,93	-124,22
964,10	42,58
964,27	10,17
964,44	-25,23
964,61	-29,37
964,78	-2,53
964,95	-6,94
965,12	42,96
965,29	-37,43
965,46	56,04
965,63	-63,81
965,80	29,65
965,97	132,29
966,14	88,43
966,31	36,31
966,48	-38,43
966,66	-19,79
966,83	-0,41
967,00	6,63
967,17	77,23
967,34	-12,42
967,51	-9,81
967,68	-73,47
967,85	19,99
968,02	-3,70
968,19	53,33
968,36	-34,99
968,53	34,19
968,70	-16,28
968,87	8,38
969,04	48,90
969,21	21,71
969,38	-111,67
969,55	21,86
969,72	39,63
969,89	66,49
970,06	-5,92
970,23	-5,60
970,40	55,42
970,57	11,08
970,74	-16,18
970,91	-14,48
971,08	-13,92
971,25	62,80
971,42	-8,34
971,59	-35,58
971,76	-13,16
971,93	-38,65
972,10	42,66
972,27	-33,21
972,44	13,98
972,61	-50,30
972,78	27,12
972,95	-16,32
973,12	-78,19
973,29	3,17
973,46	76,35
973,63	-25,93
973,80	19,24
973,97	93,34
974,14	-14,40
974,30	-28,04
974,47	-39,09
974,64	-0,20
974,81	46,61
974,98	-84,05
975,15	41,75
975,32	2,85
975,49	74,48
975,66	52,07
975,83	-5,99
976,00	30,20
976,17	39,27
976,34	14,39
976,51	48,49
976,68	36,26
976,85	33,84
977,02	1,61
977,19	44,85
977,36	52,42
977,52	-68,20
977,69	-21,83
977,86	-119,49
978,03	-7,97
978,20	-67,55
978,37	-10,50
978,54	-50,32
978,71	-24,92
978,88	-8,71
979,05	62,78
979,22	-13,41
979,39	12,67
979,56	-5,91
979,72	44,30
979,89	-27,60
980,06	39,29
980,23	-32,82
980,40	19,98
980,57	40,27
980,74	0,77
980,91	-20,05
981,08	-23,12
981,25	-12,25
981,41	51,58
981,58	65,99
981,75	130,51
981,92	-13,16
982,09	-8,22
982,26	40,97
982,43	91,66
982,60	-86,80
982,77	-2,63
982,93	-3,45
983,10	49,50
983,27	67,24
983,44	32,45
983,61	-100,41
983,78	-14,47
983,95	37,97
984,11	41,50
984,28	-96,62
984,45	25,37
984,62	18,65
984,79	51,12
984,96	-37,83
985,13	38,67
985,30	-33,83
985,46	34,29
985,63	-18,60
985,80	-67,97
985,97	26,05
986,14	59,63
986,31	15,86
986,47	22,78
986,64	48,47
986,81	59,63
986,98	54,12
987,15	-21,91
987,32	-36,54
987,48	17,02
987,65	-0,69
987,82	-27,49
987,99	-19,42
988,16	-309,49
988,33	-53,88
988,49	-13,28
988,66	-66,30
988,83	78,65
989,00	-42,12
989,17	64,11
989,34	-35,55
989,50	15,49
989,67	82,58
989,84	93,93
990,01	70,03
990,18	-31,91
990,34	18,75
990,51	-1,55
990,68	-3,04
990,85	-57,96
991,02	-70,33
991,18	34,97
991,35	-4,73
991,52	-95,81
991,69	59,54
991,86	-12,71
992,02	1,17
992,19	33,29
992,36	-6,31
992,53	-37,67
992,69	-33,37
992,86	-36,28
993,03	-96,24
993,20	92,48
993,37	-58,75
993,53	-82,22
993,70	28,22
993,87	102,46
994,04	20,98
994,20	64,22
994,37	30,26
994,54	-4,50
994,71	12,34
994,87	-85,63
995,04	-24,15
995,21	-4,80
995,38	133,60
995,55	38,05
995,71	86,70
995,88	27,12
996,05	20,93
996,22	0,57
996,38	6,41
996,55	66,67
996,72	172,05
996,88	-89,60
997,05	-758,95
997,22	31,40
997,39	65,34
997,55	14,52
997,72	20,72
997,89	45,98
998,06	77,38
998,22	20,68
998,39	23,10
998,56	81,18
998,73	58,11
998,89	37,02
999,06	1,69
999,23	-36,91
999,39	-10,24
999,56	-76,40
999,73	-3,94
999,90	28,07
1000,06	-43,79
1000,23	6,94
1000,40	-33,58
1000,56	-36,30
1000,73	10,68
1000,90	28,00
1001,06	-3,95
1001,23	53,19
1001,40	-25,58
1001,57	-31,62
1001,73	34,04
1001,90	86,57
1002,07	50,66
1002,23	-38,09
1002,40	77,09
1002,57	46,12
1002,73	42,96
1002,90	23,82
1003,07	-34,48
1003,23	80,08
1003,40	27,24
1003,57	2,31
1003,73	22,82
1003,90	23,40
1004,07	75,45
1004,23	-17,18
1004,40	0,75
1004,57	42,04
1004,73	39,72
1004,90	4,13
1005,07	-31,51
1005,23	5,78
1005,40	38,42
1005,57	32,12
1005,73	-16,58
1005,90	30,65
1006,07	-66,70
1006,23	-84,35
1006,40	4,99
1006,57	34,48
1006,73	47,09
1006,90	20,59
1007,06	13,19
1007,23	9,10
1007,40	1,19
1007,56	21,59
1007,73	-14,06
1007,90	37,99
1008,06	-17,14
1008,23	-51,50
1008,40	-65,03
1008,56	41,55
1008,73	-9,18
1008,89	4,36
1009,06	-52,13
1009,23	77,88
1009,39	-36,12
1009,56	-1,62
1009,72	-38,00
1009,89	27,42
1010,06	18,36
1010,22	8,35
1010,39	38,27
1010,55	-17,66
1010,72	-13,30
1010,89	2,54
1011,05	-26,27
1011,22	63,44
1011,38	-50,66
1011,55	-10,27
1011,72	14,75
1011,88	6,31
1012,05	-19,52
1012,21	-4,60
1012,38	16,93
1012,55	-47,29
1012,71	34,42
1012,88	-15,51
1013,04	-5,18
1013,21	90,34
1013,37	7,19
1013,54	25,93
1013,71	-4,13
1013,87	-5,67
1014,04	-35,79
1014,20	-65,11
1014,37	75,35
1014,53	29,93
1014,70	55,68
1014,87	-8,65
1015,03	17,23
1015,20	24,09
1015,36	28,33
1015,53	49,01
1015,69	-16,74
1015,86	35,18
1016,02	-35,44
1016,19	1,49
1016,36	36,46
1016,52	-8,48
1016,69	27,38
1016,85	48,99
1017,02	10,17
1017,18	-18,55
1017,35	59,31
1017,51	-12,45
1017,68	-38,25
1017,84	39,68
1018,01	70,44
1018,17	-61,59
1018,34	-60,43
1018,50	37,61
1018,67	-4,18
1018,84	-116,84
1019,00	44,24
1019,17	-58,82
1019,33	11,56
1019,50	-29,94
1019,66	-39,66
1019,83	75,09
1019,99	-11,28
1020,16	84,57
1020,32	50,39
1020,49	-23,25
1020,65	-11,10
1020,82	-23,04
1020,98	-47,19
1021,15	2,04
1021,31	-35,25
1021,48	22,78
1021,64	-20,79
1021,81	-46,66
1021,97	28,17
1022,14	3,61
1022,30	-15,12
1022,47	-32,96
1022,63	-0,71
1022,79	26,54
1022,96	-7,21
1023,12	-0,67
1023,29	4,07
1023,45	-49,27
1023,62	-5,02
1023,78	70,98
1023,95	50,98
1024,11	-20,02
1024,28	70,48
1024,44	-42,66
1024,61	40,48
1024,77	33,93
1024,94	-14,02
1025,10	-44,47
1025,26	92,72
1025,43	-37,06
1025,59	0,69
1025,76	-3,29
1025,92	-2,18
1026,09	28,51
1026,25	-47,63
1026,42	5,10
1026,58	42,20
1026,74	-39,54
1026,91	-39,53
1027,07	55,53
1027,24	-101,87
1027,40	-2,06
1027,57	-10,03
1027,73	-1,73
1027,90	4,87
1028,06	-13,43
1028,22	37,68
1028,39	54,74
1028,55	16,74
1028,72	-18,43
1028,88	-46,31
1029,04	22,24
1029,21	-56,23
1029,37	40,92
1029,54	-12,64
1029,70	33,27
1029,87	82,76
1030,03	41,68
1030,19	-49,85
1030,36	12,90
1030,52	6,36
1030,69	26,98
1030,85	37,51
1031,01	-52,55
1031,18	8,17
1031,34	2,01
1031,50	-5,57
1031,67	52,71
1031,83	13,17
1032,00	32,10
1032,16	-15,30
1032,32	-23,42
1032,49	-11,29
1032,65	-4,15
1032,82	-26,70
1032,98	-12,83
1033,14	52,21
1033,31	-2,47
1033,47	-31,38
1033,63	68,55
1033,80	9,18
1033,96	7,80
1034,13	-42,38
1034,29	-19,04
1034,45	33,66
1034,62	-1,50
1034,78	-55,04
1034,94	60,72
1035,11	41,69
1035,27	66,16
1035,43	29,73
1035,60	-24,86
1035,76	51,00
1035,92	91,67
1036,09	47,50
1036,25	8,46
1036,41	18,62
1036,58	-28,32
1036,74	-28,88
1036,90	70,24
1037,07	45,26
1037,23	64,34
1037,39	-26,75
1037,56	6,20
1037,72	30,10
1037,88	42,42
1038,05	80,60
1038,21	-51,95
1038,37	-36,33
1038,54	-22,95
1038,70	-11,97
1038,86	-34,33
1039,03	-4,55
1039,19	-9,64
1039,35	30,65
1039,52	33,12
1039,68	40,37
1039,84	60,44
1040,00	-63,81
1040,17	-27,95
1040,33	31,02
1040,49	-23,72
1040,66	-22,04
1040,82	-27,23
1040,98	-12,60
1041,15	2,61
1041,31	-4,39
1041,47	-35,25
1041,63	58,11
1041,80	15,95
1041,96	-88,52
1042,12	43,91
1042,29	15,51
1042,45	-17,89
1042,61	55,79
1042,77	4,11
1042,94	-92,14
1043,10	-29,47
1043,26	-52,00
1043,42	59,66
1043,59	-21,77
1043,75	9,89
1043,91	-7,05
1044,07	-6,68
1044,24	-0,42
1044,40	0,69
