345,22	-3,79
345,44	-3,79
345,66	-3,79
345,88	50,12
346,10	24,27
346,32	-10,05
346,54	-144,01
346,75	-11,23
346,97	-38,07
347,19	-25,10
347,41	-18,14
347,63	17,05
347,85	37,94
348,07	-5,60
348,29	-84,45
348,51	10,87
348,73	-34,25
348,95	-31,82
349,16	61,82
349,38	49,08
349,60	29,66
349,82	7,09
350,04	5,79
350,26	25,06
350,48	-21,95
350,70	-31,02
350,92	-1,30
351,14	-67,95
351,35	1,65
351,57	40,42
351,79	-11,27
352,01	29,37
352,23	38,84
352,45	-64,78
352,67	-18,49
352,89	14,04
353,10	12,76
353,32	13,47
353,54	16,28
353,76	11,29
353,98	-12,51
354,20	-16,03
354,42	-22,18
354,64	6,64
354,85	-42,46
355,07	3,95
355,29	-29,97
355,51	43,92
355,73	13,53
355,95	8,82
356,17	0,63
356,38	-23,94
356,60	8,12
356,82	-24,62
357,04	54,18
357,26	-9,12
357,48	-13,40
357,69	31,95
357,91	43,74
358,13	-50,08
358,35	-32,52
358,57	-24,08
358,79	-7,39
359,01	22,54
359,22	-47,47
359,44	14,40
359,66	-18,66
359,88	56,17
360,10	49,64
360,32	62,04
360,53	-37,53
360,75	-12,97
360,97	-71,92
361,19	-31,90
361,41	7,60
361,62	-51,50
361,84	6,44
362,06	6,58
362,28	28,46
362,50	-39,24
362,72	-42,04
362,93	119,57
363,15	29,99
363,37	-28,39
363,59	21,51
363,81	40,90
364,02	-65,67
364,24	21,94
364,46	18,03
364,68	75,19
364,90	-146,36
365,11	-42,30
365,33	-29,70
365,55	8,58
365,77	-26,33
365,99	78,02
366,20	-116,84
366,42	-47,41
366,64	1,47
366,86	-12,68
367,07	-50,38
367,29	58,93
367,51	72,48
367,73	55,07
367,95	-38,90
368,16	-9,10
368,38	-31,56
368,60	22,75
368,82	23,29
369,03	-44,41
369,25	8,96
369,47	20,49
369,69	118,38
369,91	-44,44
370,12	73,74
370,34	50,20
370,56	71,42
370,78	10,32
370,99	-35,53
371,21	17,83
371,43	66,71
371,65	74,76
371,86	4,37
372,08	-65,66
372,30	11,88
372,52	2,67
372,73	-5,77
372,95	-10,11
373,17	71,59
373,39	84,61
373,60	42,07
373,82	54,83
374,04	26,54
374,26	-27,00
374,47	-9,43
374,69	18,77
374,91	-57,50
375,12	-23,88
375,34	15,03
375,56	-22,55
375,78	31,98
375,99	38,92
376,21	-66,06
376,43	-0,53
376,65	-13,17
376,86	-34,57
377,08	21,89
377,30	-56,69
377,51	-11,93
377,73	57,21
377,95	22,85
378,17	-8,78
378,38	27,13
378,60	-31,51
378,82	-55,72
379,03	-18,45
379,25	16,81
379,47	-100,10
379,68	65,01
379,90	71,50
380,12	-28,44
380,34	-1,10
380,55	-3,60
380,77	-72,49
380,99	0,37
381,20	-26,12
381,42	75,56
381,64	38,55
381,85	48,50
382,07	-106,20
382,29	-24,56
382,50	-79,73
382,72	7,00
382,94	87,36
383,15	47,88
383,37	23,27
383,59	-38,84
383,80	24,63
384,02	-27,03
384,24	13,80
384,45	-101,71
384,67	-63,26
384,89	52,61
385,10	85,13
385,32	17,68
385,54	23,86
385,75	32,62
385,97	19,24
386,19	-23,86
386,40	-53,08
386,62	19,65
386,84	0,15
387,05	21,35
387,27	69,35
387,49	-1,64
387,70	-21,28
387,92	-26,21
388,14	20,47
388,35	33,12
388,57	1,48
388,79	44,63
389,00	5,39
389,22	-41,76
389,43	17,61
389,65	13,90
389,87	1,54
390,08	74,85
390,30	17,86
390,52	14,91
390,73	33,84
390,95	72,58
391,17	-0,14
391,38	15,10
391,60	-50,43
391,81	-36,61
392,03	32,51
392,25	81,01
392,46	70,26
392,68	-40,63
392,89	7,96
393,11	-6,32
393,33	-29,91
393,54	-21,32
393,76	6,83
393,98	-38,77
394,19	19,93
394,41	7,00
394,62	71,86
394,84	-19,92
395,06	51,66
395,27	-26,61
395,49	25,69
395,70	-85,91
395,92	39,81
396,13	6,78
396,35	-47,60
396,57	52,76
396,78	47,86
397,00	4,34
397,21	-11,70
397,43	-77,36
397,65	-16,63
397,86	17,99
398,08	11,02
398,29	1,56
398,51	98,34
398,72	-1,32
398,94	-26,90
399,16	-23,22
399,37	40,87
399,59	-66,54
399,80	24,52
400,02	-16,66
400,23	56,41
400,45	54,46
400,67	-16,06
400,88	-16,75
401,10	-7,87
401,31	11,52
401,53	40,30
401,74	-6,18
401,96	31,95
402,17	39,72
402,39	2,13
402,61	3,37
402,82	65,66
403,04	-30,89
403,25	6,49
403,47	-113,37
403,68	40,19
403,90	-20,38
404,11	39,19
404,33	116,41
404,54	6,34
404,76	-8,54
404,97	65,33
405,19	-122,26
405,41	-36,17
405,62	-45,23
405,84	76,68
406,05	-53,12
406,27	49,27
406,48	19,45
406,70	2,94
406,91	-8,45
407,13	74,72
407,34	89,38
407,56	-69,51
407,77	40,02
407,99	12,69
408,20	-83,18
408,42	88,64
408,63	26,69
408,85	11,22
409,06	13,20
409,28	-126,32
409,49	54,41
409,71	-26,86
409,92	29,87
410,14	39,11
410,35	-61,81
410,57	10,31
410,78	87,89
411,00	17,49
411,21	11,31
411,43	-17,03
411,64	82,46
411,86	22,70
412,07	-59,54
412,29	1,44
412,50	39,16
412,72	-26,34
412,93	-84,97
413,15	27,37
413,36	63,82
413,58	5,04
413,79	32,33
414,01	17,37
414,22	-30,98
414,43	1,59
414,65	4,00
414,86	35,82
415,08	43,76
415,29	8,76
415,51	-0,20
415,72	18,54
415,94	5,19
416,15	-54,24
416,37	16,04
416,58	35,23
416,80	66,58
417,01	35,31
417,22	14,31
417,44	-7,05
417,65	29,73
417,87	79,89
418,08	-127,73
418,30	48,25
418,51	-22,12
418,73	0,71
418,94	-4,10
419,15	57,86
419,37	-45,55
419,58	78,59
419,80	-3,37
420,01	6,97
420,23	80,11
420,44	24,14
420,65	10,40
420,87	-87,21
421,08	36,59
421,30	-44,39
421,51	-39,30
421,73	14,34
421,94	47,09
422,15	6,01
422,37	-4,54
422,58	20,10
422,80	14,18
423,01	-10,57
423,22	-18,59
423,44	17,38
423,65	-44,55
423,87	57,00
424,08	-26,33
424,29	7,68
424,51	58,89
424,72	-30,91
424,94	47,46
425,15	49,95
425,36	20,16
425,58	45,76
425,79	-46,34
426,01	-45,38
426,22	-20,96
426,43	-45,33
426,65	23,08
426,86	-10,54
427,08	-52,16
427,29	1,23
427,50	5,56
427,72	-13,68
427,93	-21,42
428,14	81,53
428,36	6,47
428,57	-8,15
428,79	25,52
429,00	37,31
429,21	10,10
429,43	-50,31
429,64	-50,48
429,85	35,70
430,07	-65,15
430,28	0,41
430,49	14,21
430,71	-7,87
430,92	18,00
431,14	-52,72
431,35	2,53
431,56	5,48
431,78	-48,83
431,99	-24,59
432,20	-6,14
432,42	10,69
432,63	61,09
432,84	22,76
433,06	57,82
433,27	48,69
433,48	-6,14
433,70	-6,48
433,91	-79,86
434,12	76,72
434,34	44,71
434,55	-42,07
434,76	45,89
434,98	-7,14
435,19	-9,09
435,40	12,42
435,62	37,53
435,83	-122,32
436,04	6,04
436,26	-33,69
436,47	51,07
436,68	72,53
436,90	-6,91
437,11	-28,19
437,32	30,10
437,54	4,03
437,75	23,95
437,96	-60,45
438,17	12,53
438,39	-3,59
438,60	-35,94
438,81	-23,28
439,03	-48,46
439,24	29,53
439,45	0,54
439,67	20,97
439,88	-10,06
440,09	-0,54
440,30	-47,71
440,52	68,49
440,73	50,34
440,94	21,52
441,16	25,94
441,37	16,70
441,58	-33,15
441,80	62,80
442,01	54,15
442,22	13,07
442,43	-6,06
442,65	-97,66
442,86	-63,52
443,07	53,89
443,28	30,33
443,50	-13,89
443,71	-37,86
443,92	25,45
444,14	62,18
444,35	-10,12
444,56	-42,79
444,77	28,12
444,99	27,69
445,20	-35,98
445,41	-40,23
445,62	0,71
445,84	-6,60
446,05	25,09
446,26	-87,69
446,47	-39,13
446,69	-12,04
446,90	18,79
447,11	-58,02
447,32	10,83
447,54	15,17
447,75	28,78
447,96	14,44
448,17	46,05
448,39	-13,03
448,60	46,71
448,81	7,66
449,02	-38,41
449,23	-19,18
449,45	-23,23
449,66	-53,46
449,87	9,53
450,08	-36,60
450,30	45,85
450,51	18,35
450,72	34,17
450,93	2,47
451,15	-41,81
451,36	-39,01
451,57	-11,78
451,78	18,49
451,99	34,71
452,21	17,15
452,42	1,02
452,63	51,19
452,84	26,58
453,05	26,18
453,27	10,51
453,48	-132,47
453,69	75,78
453,90	-12,59
454,11	29,16
454,33	81,00
454,54	12,38
454,75	2,55
454,96	48,40
455,17	2,73
455,39	-14,58
455,60	34,14
455,81	21,01
456,02	100,65
456,23	-39,20
456,45	-2,60
456,66	-18,61
456,87	5,19
457,08	-26,68
457,29	-63,24
457,50	22,62
457,72	35,00
457,93	48,56
458,14	11,17
458,35	-40,65
458,56	4,76
458,77	65,07
458,99	-15,13
459,20	-22,89
459,41	3,01
459,62	-15,72
459,83	12,76
460,04	99,17
460,26	-18,89
460,47	33,79
460,68	43,79
460,89	54,28
461,10	-0,90
461,31	18,20
461,52	-7,22
461,74	-37,16
461,95	55,83
462,16	25,11
462,37	-19,18
462,58	-38,47
462,79	-31,33
463,00	40,41
463,22	-67,49
463,43	-20,85
463,64	9,36
463,85	1,79
464,06	-7,87
464,27	-13,22
464,48	-61,06
464,70	16,87
464,91	3,72
465,12	28,86
465,33	-33,79
465,54	-86,38
465,75	-0,45
465,96	18,57
466,17	53,54
466,38	33,02
466,60	53,53
466,81	4,95
467,02	-72,65
467,23	11,67
467,44	21,30
467,65	64,13
467,86	-67,60
468,07	37,54
468,28	2,49
468,50	34,45
468,71	-20,85
468,92	-26,35
469,13	8,01
469,34	23,13
469,55	31,34
469,76	62,02
469,97	-24,78
470,18	110,72
470,39	-4,53
470,60	-15,12
470,82	44,16
471,03	72,57
471,24	-28,06
471,45	53,68
471,66	-17,84
471,87	57,97
472,08	36,42
472,29	62,59
472,50	-88,97
472,71	24,43
472,92	27,32
473,13	-38,32
473,34	-13,06
473,55	-15,64
473,77	-90,71
473,98	-50,32
474,19	13,29
474,40	33,30
474,61	-22,55
474,82	47,31
475,03	28,82
475,24	70,63
475,45	20,56
475,66	-44,82
475,87	79,22
476,08	46,90
476,29	-21,67
476,50	-33,51
476,71	-30,67
476,92	60,79
477,13	23,52
477,34	-1,87
477,55	-19,12
477,76	-11,67
477,97	-7,73
478,18	7,80
478,40	66,25
478,61	18,65
478,82	59,10
479,03	21,97
479,24	-57,72
479,45	69,28
479,66	-3,73
479,87	-2,82
480,08	62,42
480,29	38,18
480,50	-43,33
480,71	20,27
480,92	-20,75
481,13	25,09
481,34	-2,80
481,55	42,52
481,76	8,93
481,97	-16,51
482,18	-7,56
482,39	6,69
482,60	-26,37
482,81	77,55
483,02	-8,75
483,23	-13,53
483,44	3,32
483,65	11,02
483,86	5,45
484,07	11,82
484,28	-4,98
484,49	18,08
484,70	18,62
484,91	-9,59
485,12	73,75
485,33	60,71
485,54	-14,07
485,75	34,01
485,96	-20,62
486,17	25,82
486,38	72,79
486,59	7,45
486,80	-66,27
487,01	45,75
487,21	10,67
487,42	38,27
487,63	-43,83
487,84	63,27
488,05	19,19
488,26	-126,58
488,47	58,27
488,68	77,18
488,89	-28,47
489,10	23,64
489,31	-0,77
489,52	83,92
489,73	20,48
489,94	-85,11
490,15	64,57
490,36	6,14
490,57	25,12
490,78	58,83
490,99	74,36
491,20	105,07
491,41	15,15
491,61	-62,04
491,82	16,11
492,03	-11,48
492,24	22,26
492,45	93,47
492,66	-31,49
492,87	26,77
493,08	-5,55
493,29	47,84
493,50	39,48
493,71	19,62
493,92	12,34
494,13	28,74
494,34	-0,58
494,54	31,46
494,75	6,98
494,96	-133,74
495,17	29,67
495,38	69,52
495,59	32,82
495,80	-5,42
496,01	-33,32
496,22	1,82
496,43	88,21
496,64	31,19
496,84	132,83
497,05	67,65
497,26	-14,50
497,47	7,87
497,68	16,40
497,89	136,59
498,10	31,61
498,31	-36,32
498,52	57,99
498,72	-38,79
498,93	58,67
499,14	11,45
499,35	79,37
499,56	71,79
499,77	109,62
499,98	29,15
500,19	44,42
500,40	48,76
500,60	115,99
500,81	-49,42
501,02	55,03
501,23	10,54
501,44	97,40
501,65	73,29
501,86	65,78
502,06	72,27
502,27	14,42
502,48	-5,78
502,69	28,10
502,90	-64,55
503,11	114,14
503,32	57,79
503,53	33,14
503,73	45,09
503,94	46,00
504,15	-11,18
504,36	6,04
504,57	47,80
504,78	44,31
504,98	83,31
505,19	82,80
505,40	46,52
505,61	54,14
505,82	92,24
506,03	-3,68
506,23	78,26
506,44	33,43
506,65	-26,13
506,86	63,86
507,07	38,90
507,28	61,62
507,48	2,50
507,69	4,08
507,90	84,07
508,11	48,45
508,32	26,98
508,53	69,57
508,73	55,09
508,94	93,08
509,15	30,29
509,36	84,79
509,57	90,76
509,77	-32,24
509,98	28,69
510,19	58,78
510,40	60,60
510,61	58,04
510,81	-13,22
511,02	9,58
511,23	13,37
511,44	107,79
511,65	129,73
511,85	5,24
512,06	113,61
512,27	66,42
512,48	58,38
512,69	31,29
512,89	55,64
513,10	96,65
513,31	50,28
513,52	79,62
513,73	152,18
513,93	35,49
514,14	12,59
514,35	41,81
514,56	126,77
514,76	137,70
514,97	106,14
515,18	77,73
515,39	109,46
515,60	110,16
515,80	80,85
516,01	39,43
516,22	18,63
516,43	165,32
516,63	53,90
516,84	87,74
517,05	131,19
517,26	58,22
517,46	82,63
517,67	110,29
517,88	78,88
518,09	171,81
518,29	178,87
518,50	78,32
518,71	208,74
518,92	66,18
519,12	135,78
519,33	146,69
519,54	126,47
519,75	73,24
519,95	114,19
520,16	159,38
520,37	239,23
520,57	187,62
520,78	65,66
520,99	159,83
521,20	118,57
521,40	250,48
521,61	157,24
521,82	223,97
522,03	242,27
522,23	127,83
522,44	250,31
522,65	209,71
522,85	191,59
523,06	164,05
523,27	152,43
523,48	168,66
523,68	198,76
523,89	217,03
524,10	280,51
524,30	241,70
524,51	242,25
524,72	290,82
524,93	274,57
525,13	324,41
525,34	311,54
525,55	283,39
525,75	268,51
525,96	266,15
526,17	326,77
526,37	203,69
526,58	349,75
526,79	388,39
526,99	401,83
527,20	356,93
527,41	417,86
527,62	399,14
527,82	419,92
528,03	411,18
528,24	407,39
528,44	368,67
528,65	468,12
528,86	444,41
529,06	513,48
529,27	510,32
529,48	515,68
529,68	429,11
529,89	438,28
530,10	521,45
530,30	582,55
530,51	612,47
530,72	596,33
530,92	630,35
531,13	665,89
531,34	645,05
531,54	627,09
531,75	767,12
531,96	598,74
532,16	777,68
532,37	752,97
532,57	793,43
532,78	840,12
532,99	887,18
533,19	830,10
533,40	842,03
533,61	947,69
533,81	959,93
534,02	926,37
534,23	1052,61
534,43	1040,63
534,64	1032,57
534,84	1093,47
535,05	1120,07
535,26	1170,47
535,46	1207,74
535,67	1185,20
535,88	1277,20
536,08	1321,47
536,29	1280,47
536,49	1394,14
536,70	1410,79
536,91	1586,10
537,11	1513,77
537,32	1624,45
537,53	1593,85
537,73	1572,87
537,94	1733,30
538,14	1775,12
538,35	1840,37
538,56	1867,86
538,76	1957,21
538,97	2029,48
539,17	2112,59
539,38	2102,75
539,59	2212,98
539,79	2303,45
540,00	2342,68
540,20	2413,96
540,41	2494,99
540,62	2354,74
540,82	2706,60
541,03	2744,30
541,23	2820,53
541,44	2950,50
541,64	2998,12
541,85	3187,28
542,06	3186,90
542,26	3369,65
542,47	3422,17
542,67	3539,64
542,88	3631,19
543,08	3735,43
543,29	3855,52
543,50	3946,50
543,70	4088,09
543,91	4223,64
544,11	4410,16
544,32	4592,41
544,52	4684,22
544,73	4968,27
544,94	5076,64
545,14	5221,86
545,35	5419,25
545,55	5527,23
545,76	5723,73
545,96	5877,02
546,17	6125,83
546,37	6261,99
546,58	6521,05
546,78	6821,17
546,99	7008,66
547,20	7111,91
547,40	7460,54
547,61	7694,48
547,81	8046,60
548,02	8143,02
548,22	8484,78
548,43	8644,76
548,63	9014,87
548,84	9313,33
549,04	9646,19
549,25	10002,06
549,45	10323,17
549,66	10676,14
549,86	10938,08
550,07	11343,17
550,27	11713,88
550,48	12019,83
550,69	12415,30
550,89	12739,48
551,10	13148,06
551,30	13420,35
551,51	13879,20
551,71	14180,11
551,92	14556,52
552,12	14981,26
552,33	15312,38
552,53	15683,16
552,74	16032,63
552,94	16356,06
553,15	16718,80
553,35	16990,01
553,56	17368,46
553,76	17722,16
553,97	17997,94
554,17	18427,14
554,38	18642,73
554,58	19070,21
554,79	19414,56
554,99	19744,64
555,19	20094,56
555,40	20330,45
555,60	20570,86
555,81	20879,31
556,01	21169,49
556,22	21385,13
556,42	21719,73
556,63	21924,79
556,83	22074,13
557,04	22346,95
557,24	22478,42
557,45	22689,45
557,65	22942,98
557,86	23051,15
558,06	23139,11
558,27	23326,23
558,47	23462,87
558,67	23484,10
558,88	23746,39
559,08	23799,45
559,29	23952,90
559,49	23919,11
559,70	24156,46
559,90	24213,28
560,11	24263,99
560,31	24318,36
560,52	24436,56
560,72	24498,16
560,92	24555,96
561,13	24666,34
561,33	24708,28
561,54	24704,14
561,74	24709,97
561,95	24900,19
562,15	24823,96
562,35	24911,65
562,56	24872,80
562,76	24995,83
562,97	24906,14
563,17	24869,49
563,38	24868,91
563,58	24878,41
563,78	24865,14
563,99	24839,73
564,19	24904,99
564,40	24738,47
564,60	24739,64
564,80	24634,27
565,01	24617,58
565,21	24523,46
565,42	24391,38
565,62	24417,97
565,83	24275,62
566,03	24175,75
566,23	24095,50
566,44	23946,73
566,64	23835,60
566,85	23695,70
567,05	23542,67
567,25	23459,68
567,46	23240,36
567,66	23134,64
567,86	22953,60
568,07	22788,59
568,27	22621,17
568,48	22542,72
568,68	22252,69
568,88	22052,48
569,09	21735,05
569,29	21555,04
569,50	21395,89
569,70	21073,26
569,90	20863,86
570,11	20580,70
570,31	20401,14
570,51	20068,33
570,72	19878,74
570,92	19574,20
571,13	19312,30
571,33	19145,25
571,53	18756,07
571,74	18633,35
571,94	18308,82
572,14	18013,52
572,35	17895,69
572,55	17564,91
572,75	17395,20
572,96	17024,05
573,16	16823,91
573,36	16631,42
573,57	16364,49
573,77	16117,45
573,97	15959,47
574,18	15759,62
574,38	15452,48
574,59	15224,24
574,79	15086,30
574,99	14947,40
575,20	14608,56
575,40	14489,68
575,60	14218,38
575,81	13979,68
576,01	13830,90
576,21	13761,80
576,42	13588,96
576,62	13384,54
576,82	13251,34
577,02	13041,52
577,23	12900,79
577,43	12682,41
577,63	12579,14
577,84	12407,59
578,04	12242,67
578,24	12144,62
578,45	11969,09
578,65	11836,48
578,85	11668,58
579,06	11481,74
579,26	11339,15
579,46	11259,18
579,67	11095,67
579,87	10887,85
580,07	10765,79
580,27	10675,74
580,48	10578,82
580,68	10463,71
580,88	10241,47
581,09	10144,81
581,29	10023,70
581,49	9843,18
581,69	9835,53
581,90	9696,27
582,10	9616,18
582,30	9418,61
582,51	9318,91
582,71	9169,83
582,91	9034,62
583,11	8965,91
583,32	8834,61
583,52	8677,23
583,72	8618,44
583,93	8453,18
584,13	8335,00
584,33	8195,97
584,53	8072,97
584,74	7950,34
584,94	8008,80
585,14	7807,01
585,34	7629,71
585,55	7630,19
585,75	7473,07
585,95	7377,05
586,15	7316,63
586,36	7105,88
586,56	6990,71
586,76	6918,42
586,96	6907,35
587,17	6749,05
587,37	6591,98
587,57	6566,76
587,77	6558,62
587,98	6326,05
588,18	6315,78
588,38	6212,47
588,58	6154,44
588,79	6045,35
588,99	6013,63
589,19	5867,43
589,39	5786,05
589,60	5755,46
589,80	5665,60
590,00	5561,46
590,20	5548,67
590,40	5448,05
590,61	5372,38
590,81	5253,10
591,01	5243,50
591,21	5136,64
591,42	5104,74
591,62	5046,37
591,82	4993,28
592,02	4768,74
592,22	4777,56
592,43	4733,03
592,63	4663,70
592,83	4555,50
593,03	4541,24
593,23	4484,40
593,44	4399,72
593,64	4402,75
593,84	4315,36
594,04	4255,89
594,24	4228,92
594,45	4226,24
594,65	4112,90
594,85	4040,55
595,05	3993,41
595,25	3904,52
595,46	3813,76
595,66	3755,38
595,86	3779,19
596,06	3763,30
596,26	3627,08
596,46	3637,81
596,67	3630,64
596,87	3510,54
597,07	3422,52
597,27	3470,12
597,47	3399,19
597,67	3295,98
597,88	3321,47
598,08	3203,82
598,28	3164,99
598,48	3122,06
598,68	3085,66
598,88	3053,36
599,09	2928,07
599,29	3028,68
599,49	2874,72
599,69	2852,66
599,89	2817,65
600,09	2767,54
600,30	2773,40
600,50	2713,20
600,70	2731,54
600,90	2661,95
601,10	2612,57
601,30	2477,65
601,50	2542,70
601,71	2435,31
601,91	2432,00
602,11	2417,23
602,31	2414,89
602,51	2326,62
602,71	2400,45
602,91	2276,66
603,11	2275,56
603,32	2143,06
603,52	2172,35
603,72	2075,74
603,92	2157,64
604,12	2109,57
604,32	2098,00
604,52	1958,37
604,72	2033,28
604,93	1952,33
605,13	1899,85
605,33	1905,62
605,53	1873,45
605,73	1911,89
605,93	1751,74
606,13	1802,04
606,33	1775,55
606,53	1798,37
606,74	1640,24
606,94	1638,15
607,14	1656,88
607,34	1671,20
607,54	1650,75
607,74	1552,89
607,94	1611,73
608,14	1473,29
608,34	1516,98
608,54	1451,04
608,74	1438,95
608,95	1469,79
609,15	1373,97
609,35	1435,14
609,55	1366,27
609,75	1341,74
609,95	1252,14
610,15	1349,63
610,35	1290,26
610,55	1222,72
610,75	1248,52
610,95	1252,53
611,15	1179,78
611,35	1163,35
611,55	1123,52
611,76	1092,89
611,96	1156,77
612,16	1117,34
612,36	1045,33
612,56	1067,60
612,76	1043,72
612,96	1051,94
613,16	952,11
613,36	972,22
613,56	983,58
613,76	943,02
613,96	942,96
614,16	919,02
614,36	954,29
614,56	903,22
614,76	898,78
614,96	857,23
615,16	883,87
615,36	881,22
615,56	811,17
615,76	773,91
615,97	808,55
616,17	783,78
616,37	728,05
616,57	794,10
616,77	748,91
616,97	733,35
617,17	743,51
617,37	676,99
617,57	772,20
617,77	723,75
617,97	658,98
618,17	722,21
618,37	638,72
618,57	633,87
618,77	656,01
618,97	658,04
619,17	567,55
619,37	629,17
619,57	664,05
619,77	582,15
619,97	585,74
620,17	606,07
620,37	586,32
620,57	634,31
620,77	501,67
620,97	582,08
621,17	540,70
621,37	558,65
621,57	535,11
621,77	595,64
621,97	454,88
622,17	524,75
622,37	536,94
622,57	445,80
622,77	498,21
622,97	524,64
623,17	485,07
623,37	315,64
623,57	451,96
623,77	489,82
623,97	417,46
624,16	453,78
624,36	409,70
624,56	456,17
624,76	416,45
624,96	462,96
625,16	356,36
625,36	420,75
625,56	423,97
625,76	393,06
625,96	367,33
626,16	405,86
626,36	333,65
626,56	279,54
626,76	348,89
626,96	345,91
627,16	342,82
627,36	401,06
627,56	286,71
627,76	362,01
627,96	337,85
628,16	291,74
628,35	307,57
628,55	360,41
628,75	323,30
628,95	350,84
629,15	229,11
629,35	351,46
629,55	267,22
629,75	222,36
629,95	290,50
630,15	303,61
630,35	289,12
630,55	319,13
630,75	226,22
630,95	185,75
631,14	280,70
631,34	244,89
631,54	256,79
631,74	268,97
631,94	287,49
632,14	308,43
632,34	247,64
632,54	255,84
632,74	285,27
632,94	211,76
633,14	173,23
633,33	308,27
633,53	259,00
633,73	146,81
633,93	198,88
634,13	193,96
634,33	226,41
634,53	287,73
634,73	184,86
634,93	276,38
635,12	161,17
635,32	207,36
635,52	224,77
635,72	176,74
635,92	206,57
636,12	137,37
636,32	158,96
636,52	202,16
636,71	211,60
636,91	175,25
637,11	243,69
637,31	242,17
637,51	231,75
637,71	100,79
637,91	223,26
638,11	182,23
638,30	195,64
638,50	220,60
638,70	77,28
638,90	144,61
639,10	107,39
639,30	172,17
639,50	103,36
639,69	129,06
639,89	171,81
640,09	178,39
640,29	143,02
640,49	157,92
640,69	183,06
640,88	175,77
641,08	153,34
641,28	68,72
641,48	160,79
641,68	167,11
641,88	111,19
642,07	145,50
642,27	75,70
642,47	138,13
642,67	146,32
642,87	80,24
643,07	80,04
643,26	107,72
643,46	91,53
643,66	177,34
643,86	110,41
644,06	124,11
644,26	83,61
644,45	126,72
644,65	167,39
644,85	125,20
645,05	133,70
645,25	85,71
645,44	91,85
645,64	138,66
645,84	71,84
646,04	213,04
646,24	162,19
646,43	61,29
646,63	65,34
646,83	112,01
647,03	29,83
647,23	189,14
647,42	114,03
647,62	108,28
647,82	139,17
648,02	172,57
648,22	121,14
648,41	127,96
648,61	157,35
648,81	122,41
649,01	106,51
649,20	79,03
649,40	121,62
649,60	67,71
649,80	108,53
650,00	84,35
650,19	142,74
650,39	134,83
650,59	62,71
650,79	92,91
650,98	128,01
651,18	167,07
651,38	101,50
651,58	123,67
651,77	148,28
651,97	91,14
652,17	171,81
652,37	105,38
652,56	172,75
652,76	109,88
652,96	86,84
653,16	102,89
653,35	129,35
653,55	103,75
653,75	151,73
653,95	53,53
654,14	71,54
654,34	160,88
654,54	100,84
654,74	56,53
654,93	82,72
655,13	78,30
655,33	145,84
655,52	34,89
655,72	4,93
655,92	118,93
656,12	133,55
656,31	54,31
656,51	49,67
656,71	96,84
656,91	79,78
657,10	161,26
657,30	95,26
657,50	92,34
657,69	7,24
657,89	94,18
658,09	34,83
658,29	15,96
658,48	85,12
658,68	107,55
658,88	40,54
659,07	60,15
659,27	119,29
659,47	124,59
659,66	59,67
659,86	122,11
660,06	94,80
660,26	92,57
660,45	-5,15
660,65	20,00
660,85	104,09
661,04	137,34
661,24	22,46
661,44	140,34
661,63	79,83
661,83	120,05
662,03	99,44
662,22	46,64
662,42	104,79
662,62	45,11
662,81	131,83
663,01	83,51
663,21	57,81
663,40	114,78
663,60	69,73
663,80	70,24
663,99	-29,39
664,19	71,06
664,39	101,93
664,58	69,11
664,78	129,21
664,98	108,34
665,17	95,22
665,37	22,98
665,57	23,75
665,76	15,40
665,96	79,12
666,16	91,12
666,35	102,08
666,55	55,39
666,74	39,05
666,94	-13,12
667,14	141,07
667,33	60,30
667,53	84,14
667,73	67,33
667,92	21,79
668,12	82,25
668,32	-35,75
668,51	98,34
668,71	2,41
668,90	78,58
669,10	74,89
669,30	96,59
669,49	14,41
669,69	25,93
669,89	79,32
670,08	109,62
670,28	-132,71
670,47	-8,73
670,67	73,56
670,87	37,64
671,06	50,58
671,26	31,25
671,45	107,54
671,65	-41,80
671,85	97,09
672,04	62,62
672,24	77,91
672,43	1,99
672,63	41,42
672,83	62,90
673,02	68,04
673,22	11,86
673,41	32,22
673,61	41,05
673,81	-13,33
674,00	-45,33
674,20	46,62
674,39	103,12
674,59	57,43
674,78	83,80
674,98	-22,35
675,18	23,09
675,37	120,32
675,57	42,68
675,76	23,27
675,96	1,05
676,15	-9,33
676,35	14,27
676,55	63,77
676,74	67,79
676,94	68,31
677,13	15,72
677,33	-32,31
677,52	6,55
677,72	53,61
677,91	51,00
678,11	56,58
678,31	29,20
678,50	-65,50
678,70	48,09
678,89	11,06
679,09	2,12
679,28	24,34
679,48	-19,27
679,67	38,12
679,87	74,93
680,06	56,47
680,26	-37,27
680,46	24,34
680,65	63,55
680,85	73,72
681,04	24,59
681,24	59,95
681,43	68,84
681,63	-11,82
681,82	0,21
682,02	14,02
682,21	28,31
682,41	50,77
682,60	11,22
682,80	16,79
682,99	32,19
683,19	55,57
683,38	-20,76
683,58	25,99
683,77	12,63
683,97	-24,95
684,16	-39,56
684,36	36,84
684,55	32,67
684,75	70,71
684,94	70,34
685,14	-21,14
685,33	72,52
685,53	-8,52
685,72	36,81
685,92	2,72
686,11	44,29
686,31	77,23
686,50	-34,13
686,70	61,95
686,89	65,84
687,09	42,12
687,28	15,71
687,48	99,17
687,67	12,06
687,87	-20,83
688,06	82,27
688,26	-1,25
688,45	54,05
688,65	20,35
688,84	44,42
689,03	86,28
689,23	128,02
689,42	-37,18
689,62	57,42
689,81	-13,64
690,01	44,96
690,20	52,74
690,40	14,01
690,59	-30,16
690,79	70,10
690,98	66,62
691,17	26,41
691,37	25,45
691,56	34,74
691,76	8,89
691,95	14,67
692,15	118,51
692,34	56,21
692,54	95,10
692,73	72,52
692,92	-17,43
693,12	30,55
693,31	2,97
693,51	0,82
693,70	41,31
693,90	35,73
694,09	46,34
694,28	57,17
694,48	50,54
694,67	73,11
694,87	-39,86
695,06	28,99
695,26	53,80
695,45	35,90
695,64	57,99
695,84	47,83
696,03	65,42
696,23	94,23
696,42	50,81
696,61	9,15
696,81	54,12
697,00	33,64
697,20	-5,99
697,39	53,62
697,58	94,38
697,78	18,75
697,97	-15,57
698,17	-27,59
698,36	17,22
698,55	79,64
698,75	-103,37
698,94	21,94
699,14	26,87
699,33	70,99
699,52	-21,56
699,72	1,44
699,91	48,81
700,10	43,06
700,30	100,63
700,49	33,73
700,69	67,46
700,88	83,51
701,07	67,48
701,27	46,64
701,46	-71,78
701,65	20,48
701,85	75,91
702,04	-40,47
702,23	82,08
702,43	89,41
702,62	40,99
702,82	39,62
703,01	-20,72
703,20	3,36
703,40	48,70
703,59	75,06
703,78	10,27
703,98	12,16
704,17	81,73
704,36	92,78
704,56	28,92
704,75	47,34
704,94	67,16
705,14	-6,65
705,33	27,56
705,52	49,36
705,72	43,47
705,91	23,01
706,10	27,09
706,30	20,26
706,49	28,33
706,68	46,67
706,88	11,46
707,07	55,30
707,26	116,12
707,46	15,20
707,65	6,85
707,84	80,91
708,04	117,53
708,23	9,13
708,42	35,17
708,62	72,70
708,81	77,57
709,00	-38,93
709,19	29,54
709,39	80,01
709,58	32,29
709,77	84,80
709,97	10,98
710,16	37,60
710,35	-53,61
710,55	67,28
710,74	6,79
710,93	13,78
711,12	-49,66
711,32	86,68
711,51	-12,16
711,70	145,40
711,90	68,83
712,09	73,14
712,28	35,91
712,47	134,92
712,67	54,57
712,86	14,92
713,05	31,21
713,24	77,38
713,44	13,56
713,63	26,23
713,82	105,22
714,02	-1,04
714,21	22,10
714,40	88,57
714,59	12,85
714,79	74,18
714,98	117,17
715,17	-41,31
715,36	71,63
715,56	13,90
715,75	107,71
715,94	19,33
716,13	31,72
716,33	66,93
716,52	83,43
716,71	16,41
716,90	26,74
717,10	102,40
717,29	74,74
717,48	49,75
717,67	71,00
717,87	110,96
718,06	66,42
718,25	72,79
718,44	-3,64
718,63	29,43
718,83	119,27
719,02	111,82
719,21	62,77
719,40	84,55
719,60	60,03
719,79	68,58
719,98	110,69
720,17	93,53
720,36	51,93
720,56	122,33
720,75	104,97
720,94	68,59
721,13	122,36
721,33	125,14
721,52	95,29
721,71	72,24
721,90	28,06
722,09	132,60
722,29	103,64
722,48	152,05
722,67	90,61
722,86	-10,83
723,05	85,37
723,24	-10,94
723,44	90,06
723,63	66,40
723,82	9,65
724,01	83,41
724,20	33,85
724,40	121,23
724,59	58,16
724,78	99,91
724,97	115,03
725,16	42,32
725,35	74,05
725,55	77,33
725,74	104,14
725,93	56,19
726,12	114,38
726,31	94,59
726,51	68,49
726,70	184,96
726,89	99,34
727,08	120,81
727,27	88,93
727,46	66,46
727,65	62,70
727,85	172,74
728,04	123,59
728,23	160,01
728,42	95,98
728,61	82,34
728,80	104,72
729,00	40,85
729,19	62,58
729,38	5,63
729,57	141,22
729,76	134,28
729,95	57,51
730,14	107,80
730,33	161,53
730,53	161,89
730,72	154,00
730,91	132,39
731,10	46,92
731,29	-14,28
731,48	13,72
731,67	99,86
731,86	138,65
732,06	148,73
732,25	104,53
732,44	69,27
732,63	74,35
732,82	-31,32
733,01	53,00
733,20	157,04
733,39	92,47
733,59	159,85
733,78	91,19
733,97	7,55
734,16	9,33
734,35	33,43
734,54	65,72
734,73	101,11
734,92	94,71
735,11	124,85
735,30	112,63
735,49	31,76
735,69	15,16
735,88	174,39
736,07	125,95
736,26	105,60
736,45	70,60
736,64	168,03
736,83	30,89
737,02	80,38
737,21	94,12
737,40	58,22
737,59	-36,76
737,78	101,34
737,98	183,47
738,17	115,51
738,36	-8,81
738,55	129,69
738,74	37,46
738,93	59,14
739,12	80,11
739,31	156,62
739,50	208,65
739,69	-10,32
739,88	45,16
740,07	64,71
740,26	63,01
740,45	64,68
740,64	75,45
740,83	119,14
741,02	173,36
741,22	180,04
741,41	70,87
741,60	63,22
741,79	106,03
741,98	69,28
742,17	131,42
742,36	72,36
742,55	90,81
742,74	6,50
742,93	67,56
743,12	76,92
743,31	63,05
743,50	94,90
743,69	74,79
743,88	71,56
744,07	114,44
744,26	-45,41
744,45	83,38
744,64	-13,70
744,83	96,31
745,02	109,77
745,21	85,32
745,40	84,41
745,59	27,57
745,78	133,08
745,97	-8,64
746,16	35,69
746,35	83,02
746,54	132,96
746,73	156,94
746,92	1,22
747,11	91,11
747,30	96,37
747,49	69,61
747,68	87,53
747,87	79,04
748,06	34,25
748,25	44,55
748,44	12,56
748,63	-48,66
748,82	43,36
749,01	66,19
749,20	93,75
749,39	99,25
749,58	55,72
749,77	31,14
749,96	105,05
750,15	78,69
750,34	121,75
750,53	57,90
750,72	67,21
750,91	80,22
751,10	-26,26
751,29	68,08
751,48	163,86
751,67	130,20
751,86	63,53
752,04	20,13
752,23	59,74
752,42	96,79
752,61	45,43
752,80	34,17
752,99	107,26
753,18	77,06
753,37	88,64
753,56	146,69
753,75	44,13
753,94	99,07
754,13	15,87
754,32	54,49
754,51	83,39
754,70	-40,12
754,89	-0,31
755,08	103,37
755,27	99,71
755,45	61,48
755,64	48,63
755,83	22,55
756,02	7,08
756,21	107,10
756,40	28,88
756,59	137,24
756,78	93,11
756,97	70,72
757,16	72,57
757,35	15,75
757,54	82,02
757,72	85,88
757,91	145,94
758,10	98,85
758,29	111,48
758,48	56,64
758,67	81,39
758,86	137,95
759,05	82,95
759,24	71,71
759,43	64,72
759,61	150,39
759,80	119,60
759,99	25,30
760,18	138,29
760,37	119,14
760,56	186,68
760,75	115,04
760,94	138,02
761,13	114,67
761,31	16,10
761,50	106,92
761,69	92,03
761,88	148,42
762,07	187,77
762,26	67,82
762,45	79,65
762,64	59,81
762,82	112,44
763,01	84,78
763,20	93,67
763,39	146,30
763,58	99,73
763,77	134,14
763,96	121,44
764,14	100,25
764,33	79,36
764,52	126,33
764,71	60,25
764,90	98,75
765,09	92,55
765,27	36,87
765,46	111,04
765,65	170,86
765,84	73,63
766,03	87,05
766,22	101,52
766,41	118,19
766,59	142,35
766,78	67,90
766,97	103,51
767,16	98,22
767,35	139,82
767,54	16,83
767,72	80,41
767,91	85,37
768,10	90,72
768,29	86,25
768,48	81,07
768,66	84,35
768,85	44,22
769,04	88,60
769,23	58,60
769,42	78,98
769,61	41,45
769,79	18,84
769,98	77,95
770,17	116,20
770,36	-45,48
770,55	60,77
770,73	48,15
770,92	71,86
771,11	41,24
771,30	57,57
771,49	80,81
771,67	-38,65
771,86	72,44
772,05	93,84
772,24	32,99
772,42	71,68
772,61	35,48
772,80	104,77
772,99	48,05
773,18	45,08
773,36	77,55
773,55	29,31
773,74	84,08
773,93	71,46
774,11	70,69
774,30	-31,59
774,49	74,48
774,68	23,62
774,87	37,77
775,05	74,78
775,24	122,62
775,43	91,37
775,62	43,08
775,80	71,95
775,99	39,52
776,18	13,94
776,37	51,80
776,55	29,42
776,74	67,43
776,93	58,65
777,12	80,53
777,30	29,96
777,49	84,86
777,68	80,59
777,87	106,40
778,05	106,58
778,24	83,50
778,43	97,15
778,62	112,44
778,80	-4,80
778,99	63,40
779,18	50,86
779,36	81,43
779,55	107,05
779,74	39,74
779,93	83,29
780,11	122,30
780,30	138,40
780,49	68,95
780,68	104,42
780,86	31,06
781,05	44,39
781,24	60,49
781,42	56,87
781,61	23,91
781,80	122,86
781,98	53,24
782,17	12,11
782,36	82,35
782,55	72,50
782,73	102,65
782,92	6,45
783,11	81,58
783,29	23,96
783,48	22,94
783,67	62,46
783,85	125,20
784,04	-4,63
784,23	29,71
784,42	87,24
784,60	57,41
784,79	44,70
784,98	100,44
785,16	37,97
785,35	143,91
785,54	45,01
785,72	-19,74
785,91	63,29
786,10	121,35
786,28	66,13
786,47	39,72
786,66	69,04
786,84	36,38
787,03	13,52
787,22	63,84
787,40	90,70
787,59	25,58
787,78	-29,61
787,96	86,34
788,15	57,52
788,34	41,34
788,52	67,35
788,71	36,75
788,89	47,74
789,08	80,95
789,27	0,40
789,45	-45,27
789,64	98,71
789,83	140,53
790,01	97,46
790,20	34,02
790,39	105,31
790,57	43,64
790,76	46,25
790,95	90,10
791,13	62,34
791,32	92,73
791,50	16,67
791,69	96,86
791,88	39,98
792,06	-9,85
792,25	17,97
792,43	73,24
792,62	33,67
792,81	106,53
792,99	78,52
793,18	44,52
793,37	98,66
793,55	71,17
793,74	27,97
793,92	-2,68
794,11	7,08
794,30	78,48
794,48	6,91
794,67	49,25
794,85	88,92
795,04	105,86
795,23	57,48
795,41	63,06
795,60	53,78
795,78	70,20
795,97	-6,25
796,15	7,36
796,34	59,51
796,53	80,21
796,71	28,94
796,90	48,05
797,08	102,30
797,27	23,74
797,46	67,93
797,64	36,99
797,83	27,42
798,01	104,77
798,20	-18,88
798,38	-7,08
798,57	77,99
798,76	65,59
798,94	9,12
799,13	47,35
799,31	-26,41
799,50	75,59
799,68	53,94
799,87	37,32
800,05	9,26
800,24	56,18
800,43	107,61
800,61	-13,78
800,80	-26,76
800,98	99,50
801,17	65,96
801,35	34,81
801,54	-38,84
801,72	42,99
801,91	19,59
802,09	56,90
802,28	41,27
802,46	70,04
802,65	72,58
802,84	-6,39
803,02	-12,98
803,21	48,58
803,39	72,98
803,58	20,07
803,76	51,80
803,95	50,75
804,13	108,47
804,32	75,61
804,50	-21,98
804,69	53,30
804,87	87,57
805,06	41,44
805,24	-41,19
805,43	30,40
805,61	-12,59
805,80	96,56
805,98	27,18
806,17	48,42
806,35	74,22
806,54	42,36
806,72	62,38
806,91	13,59
807,09	-5,12
807,28	71,25
807,46	-9,59
807,65	-39,27
807,83	80,77
808,02	47,14
808,20	9,60
808,39	94,81
808,57	19,62
808,76	13,31
808,94	-9,78
809,13	51,28
809,31	40,43
809,49	20,36
809,68	57,68
809,86	-10,18
810,05	44,12
810,23	3,26
810,42	-20,97
810,60	36,81
810,79	74,07
810,97	55,59
811,16	-8,40
811,34	8,08
811,53	46,14
811,71	58,64
811,89	-16,41
812,08	20,46
812,26	25,61
812,45	-4,01
812,63	24,36
812,82	-56,51
813,00	35,32
813,19	51,41
813,37	28,10
813,55	54,15
813,74	71,24
813,92	-22,99
814,11	34,60
814,29	157,12
814,48	-27,51
814,66	-16,82
814,84	-19,22
815,03	76,28
815,21	4,42
815,40	31,06
815,58	28,32
815,77	-0,71
815,95	24,44
816,13	45,17
816,32	-69,31
816,50	-14,61
816,69	18,21
816,87	56,82
817,05	-2,49
817,24	-44,36
817,42	80,05
817,61	26,19
817,79	-42,83
817,97	-43,62
818,16	72,85
818,34	-57,56
818,53	99,98
818,71	41,97
818,89	87,23
819,08	17,80
819,26	74,25
819,45	9,17
819,63	20,64
819,81	21,06
820,00	-78,83
820,18	83,68
820,36	12,68
820,55	93,07
820,73	55,23
820,92	65,64
821,10	58,81
821,28	57,41
821,47	-29,88
821,65	-10,51
821,83	-103,53
822,02	51,32
822,20	26,67
822,39	47,83
822,57	76,28
822,75	15,52
822,94	15,63
823,12	108,66
823,30	25,66
823,49	-74,16
823,67	-9,60
823,85	-20,47
824,04	77,05
824,22	22,06
824,40	-29,41
824,59	54,01
824,77	-17,26
824,95	59,28
825,14	-48,70
825,32	14,41
825,50	53,24
825,69	34,04
825,87	37,18
826,05	66,98
826,24	49,93
826,42	-27,18
826,60	4,84
826,79	21,89
826,97	44,92
827,15	53,79
827,34	69,85
827,52	25,40
827,70	46,06
827,89	51,33
828,07	45,01
828,25	25,86
828,44	0,17
828,62	37,50
828,80	-27,86
828,98	4,37
829,17	98,39
829,35	-50,54
829,53	64,77
829,72	39,14
829,90	56,87
830,08	25,94
830,27	-30,79
830,45	-66,53
830,63	0,63
830,81	50,30
831,00	48,77
831,18	52,54
831,36	-12,34
831,55	82,61
831,73	75,96
831,91	19,77
832,09	-88,59
832,28	4,22
832,46	59,83
832,64	20,65
832,82	-16,42
833,01	-26,19
833,19	40,23
833,37	0,18
833,55	39,81
833,74	-11,69
833,92	82,41
834,10	45,25
834,29	4,20
834,47	-14,61
834,65	-10,87
834,83	69,04
835,02	29,15
835,20	19,18
835,38	12,60
835,56	12,18
835,75	32,91
835,93	21,78
836,11	36,00
836,29	79,49
836,47	-30,91
836,66	60,13
836,84	26,28
837,02	-2,60
837,20	16,52
837,39	-0,82
837,57	35,66
837,75	4,96
837,93	68,95
838,12	35,75
838,30	36,85
838,48	48,27
838,66	-47,44
838,84	6,03
839,03	-36,24
839,21	16,43
839,39	49,49
839,57	8,21
839,75	-88,23
839,94	43,57
840,12	2,38
840,30	22,77
840,48	-1,62
840,66	24,86
840,85	15,99
841,03	41,32
841,21	-16,34
841,39	-39,37
841,57	101,12
841,76	25,31
841,94	-1,22
842,12	26,22
842,30	47,32
842,48	-35,04
842,67	-18,57
842,85	33,76
843,03	47,90
843,21	-35,61
843,39	-14,63
843,57	61,93
843,76	-37,56
843,94	58,79
844,12	5,84
844,30	86,83
844,48	46,29
844,66	-28,96
844,85	12,86
845,03	25,58
845,21	-1,47
845,39	-50,69
845,57	10,74
845,75	3,23
845,94	14,19
846,12	17,82
846,30	-33,18
846,48	36,63
846,66	-79,55
846,84	61,64
847,02	10,23
847,21	-16,22
847,39	-0,05
847,57	-11,35
847,75	63,93
847,93	-15,06
848,11	22,56
848,29	7,40
848,48	20,69
848,66	-39,47
848,84	-12,97
849,02	22,30
849,20	37,26
849,38	27,42
849,56	55,25
849,74	-60,61
849,93	-29,98
850,11	15,56
850,29	-34,05
850,47	18,47
850,65	56,47
850,83	65,71
851,01	45,48
851,19	-29,87
851,37	27,07
851,56	-15,82
851,74	-14,27
851,92	35,68
852,10	44,26
852,28	39,53
852,46	58,74
852,64	-54,24
852,82	-18,43
853,00	-25,36
853,18	31,25
853,37	53,92
853,55	29,69
853,73	60,92
853,91	38,82
854,09	47,77
854,27	-56,22
854,45	6,07
854,63	-1,52
854,81	53,69
854,99	-16,59
855,17	51,29
855,35	2,61
855,53	-12,63
855,72	44,35
855,90	-68,61
856,08	-102,99
856,26	32,59
856,44	-91,33
856,62	50,63
856,80	52,44
856,98	63,58
857,16	9,94
857,34	46,46
857,52	-3,42
857,70	-0,54
857,88	-24,12
858,06	47,59
858,24	-46,42
858,42	-15,68
858,60	15,78
858,78	73,04
858,96	0,91
859,15	26,75
859,33	55,25
859,51	14,76
859,69	-19,90
859,87	11,99
860,05	11,45
860,23	-69,24
860,41	-45,84
860,59	-21,85
860,77	-39,46
860,95	27,74
861,13	4,93
861,31	32,30
861,49	39,15
861,67	-19,96
861,85	27,40
862,03	-45,07
862,21	-19,31
862,39	-20,02
862,57	0,15
862,75	7,68
862,93	15,64
863,11	-47,69
863,29	49,70
863,47	2,30
863,65	-37,44
863,83	-12,74
864,01	-2,60
864,19	38,00
864,37	-23,39
864,55	-29,82
864,73	27,15
864,91	-14,30
865,09	-27,80
865,27	-28,97
865,45	12,95
865,63	-0,93
865,81	-22,22
865,99	-32,73
866,17	27,88
866,35	11,14
866,53	-62,73
866,71	55,82
866,89	20,94
867,07	8,42
867,24	44,70
867,42	8,90
867,60	-38,92
867,78	1,14
867,96	45,64
868,14	20,54
868,32	-20,72
868,50	-3,59
868,68	29,32
868,86	22,52
869,04	2,32
869,22	67,47
869,40	53,78
869,58	-12,74
869,76	-65,10
869,94	45,68
870,12	31,71
870,30	-31,61
870,48	-34,53
870,66	21,43
870,83	-4,93
871,01	-32,06
871,19	83,70
871,37	-11,84
871,55	66,66
871,73	-1,36
871,91	-112,08
872,09	-31,83
872,27	-36,96
872,45	47,18
872,63	58,69
872,81	40,44
872,98	-39,88
873,16	-9,94
873,34	-56,05
873,52	3,74
873,70	-3,45
873,88	-29,23
874,06	53,62
874,24	-60,72
874,42	46,67
874,60	55,95
874,78	26,90
874,95	-39,66
875,13	29,55
875,31	-20,31
875,49	-31,56
875,67	-10,71
875,85	-15,22
876,03	34,03
876,21	-6,04
876,39	46,47
876,56	30,60
876,74	114,01
876,92	11,39
877,10	-61,53
877,28	10,85
877,46	21,76
877,64	-45,73
877,82	-30,24
877,99	36,81
878,17	15,62
878,35	66,91
878,53	-16,53
878,71	-43,40
878,89	55,82
879,07	-75,90
879,24	-2,54
879,42	10,00
879,60	24,70
879,78	-23,24
879,96	61,86
880,14	-26,19
880,32	67,38
880,49	59,67
880,67	2,86
880,85	21,36
881,03	42,19
881,21	8,33
881,39	37,69
881,56	17,03
881,74	19,47
881,92	-62,13
882,10	-11,24
882,28	-18,72
882,46	16,18
882,63	54,98
882,81	63,80
882,99	47,24
883,17	10,34
883,35	-65,07
883,52	-30,76
883,70	-30,87
883,88	53,21
884,06	73,76
884,24	25,70
884,42	-67,34
884,59	-6,17
884,77	-40,40
884,95	48,68
885,13	8,81
885,31	22,95
885,48	-7,92
885,66	-78,88
885,84	35,90
886,02	10,71
886,20	-27,57
886,37	-1,95
886,55	-53,93
886,73	3,80
886,91	-33,78
887,08	-7,30
887,26	-33,38
887,44	7,68
887,62	54,83
887,80	-53,20
887,97	-17,13
888,15	6,52
888,33	57,33
888,51	47,92
888,68	19,55
888,86	13,46
889,04	7,11
889,22	-38,48
889,40	27,00
889,57	-11,13
889,75	-61,10
889,93	9,66
890,11	68,18
890,28	11,84
890,46	-23,25
890,64	15,44
890,82	-1,27
890,99	-61,61
891,17	24,77
891,35	44,49
891,53	16,07
891,70	78,52
891,88	41,80
892,06	8,48
892,24	18,03
892,41	20,75
892,59	38,75
892,77	-30,73
892,94	19,61
893,12	30,44
893,30	102,82
893,48	-1,84
893,65	-77,59
893,83	3,03
894,01	34,91
894,19	-16,77
894,36	-28,68
894,54	-4,88
894,72	16,06
894,89	12,18
895,07	6,45
895,25	-53,06
895,43	36,27
895,60	11,85
895,78	-36,18
895,96	-30,48
896,13	-30,87
896,31	24,94
896,49	-7,99
896,66	69,02
896,84	-39,34
897,02	-29,57
897,20	33,38
897,37	61,79
897,55	39,85
897,73	-47,80
897,90	-4,75
898,08	-7,53
898,26	-14,30
898,43	21,29
898,61	-10,19
898,79	23,10
898,96	22,59
899,14	13,80
899,32	52,41
899,49	60,45
899,67	15,01
899,85	-46,23
900,02	-62,16
900,20	2,97
900,38	-12,35
900,55	-84,15
900,73	-46,59
900,91	56,61
901,08	-15,64
901,26	-7,34
901,44	67,16
901,61	-24,06
901,79	-35,47
901,97	-16,91
902,14	13,30
902,32	-5,04
902,50	43,49
902,67	25,51
902,85	-36,89
903,02	11,22
903,20	2,18
903,38	-59,11
903,55	32,22
903,73	-15,19
903,91	-22,72
904,08	-48,22
904,26	7,82
904,44	-121,92
904,61	30,35
904,79	59,07
904,96	22,53
905,14	65,85
905,32	-36,15
905,49	32,41
905,67	61,51
905,84	2,97
906,02	15,81
906,20	18,48
906,37	-124,96
906,55	1,24
906,73	25,30
906,90	-2,86
907,08	23,77
907,25	65,80
907,43	9,32
907,61	24,23
907,78	74,23
907,96	44,86
908,13	-9,72
908,31	-6,60
908,48	54,27
908,66	29,44
908,84	-9,89
909,01	-46,77
909,19	-32,10
909,36	44,06
909,54	-3,97
909,72	-5,87
909,89	68,74
910,07	41,07
910,24	-76,52
910,42	-102,68
910,59	-3,62
910,77	20,50
910,95	32,18
911,12	0,26
911,30	26,11
911,47	-2,88
911,65	-1,67
911,82	10,46
912,00	-58,69
912,17	54,20
912,35	15,79
912,53	-52,08
912,70	-86,11
912,88	14,14
913,05	-37,73
913,23	-8,61
913,40	-20,45
913,58	29,76
913,75	3,88
913,93	50,69
914,10	42,44
914,28	18,12
914,46	48,64
914,63	8,53
914,81	-33,01
914,98	31,57
915,16	-2,47
915,33	30,72
915,51	56,91
915,68	-7,68
915,86	-12,61
916,03	37,41
916,21	63,16
916,38	18,76
916,56	-24,56
916,73	8,50
916,91	-21,48
917,08	14,40
917,26	-37,20
917,43	-35,47
917,61	10,71
917,78	-26,01
917,96	60,90
918,13	-2,29
918,31	-42,61
918,48	51,11
918,66	20,09
918,83	-48,31
919,01	-24,91
919,18	40,07
919,36	-18,73
919,53	-34,14
919,71	-123,15
919,88	-47,73
920,06	4,62
920,23	60,57
920,41	30,40
920,58	57,55
920,76	67,40
920,93	-44,00
921,11	34,36
921,28	-25,25
921,45	7,37
921,63	-34,93
921,80	-23,77
921,98	-2,69
922,15	12,10
922,33	-10,03
922,50	-0,59
922,68	34,56
922,85	68,17
923,03	19,58
923,20	-63,27
923,38	22,95
923,55	2,49
923,72	10,14
923,90	-102,82
924,07	49,16
924,25	56,95
924,42	-53,96
924,60	-3,50
924,77	40,94
924,95	4,55
925,12	31,99
925,29	-112,11
925,47	-19,21
925,64	68,41
925,82	66,22
925,99	54,85
926,17	-35,95
926,34	11,20
926,51	32,89
926,69	-39,13
926,86	-57,56
927,04	16,07
927,21	-12,81
927,38	95,32
927,56	27,49
927,73	-9,49
927,91	20,49
928,08	-135,28
928,25	22,53
928,43	-60,85
928,60	44,75
928,78	9,27
928,95	-27,57
929,12	-37,37
929,30	-57,84
929,47	-28,35
929,65	19,45
929,82	35,67
929,99	3,13
930,17	106,08
930,34	-22,92
930,52	21,86
930,69	47,32
930,86	-4,53
931,04	26,82
931,21	65,52
931,38	27,01
931,56	-33,71
931,73	-99,63
931,91	5,90
932,08	50,04
932,25	-38,78
932,43	18,57
932,60	35,09
932,77	19,93
932,95	36,48
933,12	1,08
933,29	-2,92
933,47	-38,45
933,64	29,71
933,82	11,48
933,99	-57,65
934,16	-5,18
934,34	-15,19
934,51	0,40
934,68	-41,60
934,86	-31,70
935,03	79,62
935,20	42,67
935,38	33,91
935,55	76,14
935,72	-55,13
935,90	-10,32
936,07	24,69
936,24	14,54
936,42	-34,46
936,59	-6,86
936,76	-102,48
936,94	47,82
937,11	-57,48
937,28	36,65
937,46	44,90
937,63	-24,99
937,80	9,13
937,97	-72,82
938,15	-23,77
938,32	29,23
938,49	-70,36
938,67	40,90
938,84	-14,93
939,01	51,25
939,19	45,84
939,36	27,87
939,53	13,33
939,70	-0,93
939,88	68,95
940,05	-30,76
940,22	-11,90
940,40	-15,66
940,57	-22,04
940,74	6,52
940,92	28,55
941,09	48,48
941,26	75,93
941,43	-55,97
941,61	37,88
941,78	41,50
941,95	-24,51
942,12	-36,55
942,30	25,84
942,47	16,35
942,64	63,78
942,82	-58,13
942,99	-17,34
943,16	83,55
943,33	12,64
943,51	58,42
943,68	1,69
943,85	69,08
944,02	-14,03
944,20	-42,05
944,37	-21,56
944,54	-7,05
944,71	-49,29
944,89	22,76
945,06	78,90
945,23	-31,56
945,40	-32,69
945,58	42,11
945,75	87,49
945,92	-11,08
946,09	-21,03
946,27	-24,22
946,44	39,17
946,61	-49,81
946,78	-24,34
946,95	-23,75
947,13	-3,91
947,30	-4,03
947,47	-24,37
947,64	20,83
947,82	60,07
947,99	51,16
948,16	-11,76
948,33	-12,38
948,50	-9,63
948,68	-78,97
948,85	23,87
949,02	-11,44
949,19	-14,84
949,36	45,21
949,54	37,76
949,71	-113,33
949,88	22,48
950,05	-4,25
950,22	21,97
950,40	37,33
950,57	27,27
950,74	-49,27
950,91	-62,49
951,08	42,32
951,26	8,90
951,43	20,63
951,60	-6,72
951,77	-43,74
951,94	-34,14
952,11	32,62
952,29	-9,61
952,46	60,09
952,63	-68,72
952,80	15,18
952,97	3,65
953,15	18,08
953,32	69,41
953,49	45,89
953,66	-17,26
953,83	82,95
954,00	47,55
954,17	36,78
954,35	-66,63
954,52	95,63
954,69	-21,73
954,86	-55,84
955,03	-11,25
955,20	-21,82
955,38	2,97
955,55	24,46
955,72	-28,64
955,89	91,02
956,06	-15,18
956,23	57,53
956,40	-74,53
956,58	29,89
956,75	25,64
956,92	-11,64
957,09	-13,34
957,26	-29,04
957,43	52,59
957,60	5,90
957,77	25,37
957,95	-11,84
958,12	-57,54
958,29	12,16
958,46	-17,17
958,63	21,51
958,80	-35,19
958,97	-13,15
959,14	10,85
959,31	15,19
959,49	33,61
959,66	17,86
959,83	2,61
960,00	51,96
960,17	-43,40
960,34	-1,05
960,51	5,70
960,68	-58,64
960,85	-51,69
961,02	61,49
961,20	-5,95
961,37	13,12
961,54	-6,46
961,71	24,01
961,88	-25,01
962,05	-11,56
962,22	-32,72
962,39	-34,22
962,56	48,90
962,73	48,59
962,90	79,41
963,07	-11,16
963,24	-33,17
963,42	52,10
963,59	-31,99
963,76	9,75
963,93	-126,83
964,10	44,90
964,27	18,45
964,44	-22,07
964,61	-16,52
964,78	5,41
964,95	-3,57
965,12	40,47
965,29	-39,86
965,46	58,58
965,63	-65,77
965,80	28,65
965,97	130,02
966,14	91,34
966,31	40,78
966,48	-27,48
966,66	-4,68
966,83	3,11
967,00	14,02
967,17	85,94
967,34	-4,79
967,51	-1,14
967,68	-73,44
967,85	13,63
968,02	-8,50
968,19	44,30
968,36	-37,06
968,53	27,94
968,70	-25,93
968,87	1,10
969,04	51,58
969,21	18,73
969,38	-103,84
969,55	33,53
969,72	54,19
969,89	80,40
970,06	9,47
970,23	7,37
970,40	73,28
970,57	18,80
970,74	-4,16
970,91	-4,58
971,08	-10,20
971,25	65,42
971,42	-12,35
971,59	-42,35
971,76	-24,62
971,93	-48,39
972,10	40,20
972,27	-36,50
972,44	8,50
972,61	-57,71
972,78	26,22
972,95	-25,31
973,12	-88,72
973,29	-5,44
973,46	71,89
973,63	-25,81
973,80	13,54
973,97	97,51
974,14	-13,66
974,30	-36,88
974,47	-45,49
974,64	-4,87
974,81	45,29
974,98	-83,11
975,15	49,12
975,32	10,49
975,49	80,33
975,66	56,94
975,83	-7,02
976,00	28,15
976,17	31,47
976,34	6,52
976,51	38,87
976,68	32,66
976,85	35,32
977,02	-3,87
977,19	34,42
977,36	48,05
977,52	-66,95
977,69	-13,40
977,86	-98,39
978,03	9,15
978,20	-54,97
978,37	1,27
978,54	-40,22
978,71	-18,84
978,88	-2,12
979,05	70,12
979,22	1,84
979,39	27,03
979,56	8,19
979,72	53,76
979,89	-21,98
980,06	44,93
980,23	-20,99
980,40	33,65
980,57	45,89
980,74	4,42
980,91	-21,51
981,08	-21,59
981,25	-15,64
981,41	38,08
981,58	51,95
981,75	122,84
981,92	-21,20
982,09	-14,31
982,26	32,66
982,43	88,11
982,60	-91,34
982,77	-5,61
982,93	2,87
983,10	54,66
983,27	78,54
983,44	41,30
983,61	-93,67
983,78	-11,93
983,95	42,33
984,11	43,38
984,28	-95,25
984,45	37,22
984,62	23,14
984,79	57,50
984,96	-30,80
985,13	44,14
985,30	-24,34
985,46	37,46
985,63	-13,51
985,80	-65,16
985,97	23,59
986,14	61,09
986,31	12,28
986,47	7,66
986,64	28,92
986,81	38,91
986,98	32,67
987,15	-20,85
987,32	-24,24
987,48	28,71
987,65	19,05
987,82	-10,25
987,99	6,13
988,16	-282,95
988,33	-23,87
988,49	15,76
988,66	-41,06
988,83	97,71
989,00	-28,18
989,17	71,51
989,34	-41,96
989,50	0,65
989,67	65,77
989,84	75,48
990,01	66,34
990,18	-36,95
990,34	21,77
990,51	9,05
990,68	-2,21
990,85	-54,42
991,02	-66,26
991,18	36,57
991,35	-5,61
991,52	-98,99
991,69	54,77
991,86	-21,79
992,02	-3,06
992,19	28,09
992,36	-11,45
992,53	-37,12
992,69	-34,99
992,86	-34,25
993,03	-93,55
993,20	89,32
993,37	-56,37
993,53	-78,83
993,70	29,09
993,87	102,77
994,04	16,93
994,20	51,24
994,37	13,78
994,54	-20,94
994,71	-11,02
994,87	-103,28
995,04	-39,92
995,21	-21,59
995,38	91,94
995,55	-2,57
995,71	36,72
995,88	-12,86
996,05	37,46
996,22	12,84
996,38	10,94
996,55	75,01
996,72	191,05
996,88	-61,45
997,05	-728,60
997,22	62,03
997,39	91,51
997,55	33,06
997,72	41,48
997,89	73,90
998,06	92,14
998,22	-20,26
998,39	-17,26
998,56	50,27
998,73	26,54
998,89	30,08
999,06	-0,28
999,23	-41,40
999,39	-5,50
999,56	-66,09
999,73	8,47
999,90	39,48
1000,06	-29,89
1000,23	21,06
1000,40	-20,66
1000,56	-25,95
1000,73	12,98
1000,90	26,39
1001,06	-3,69
1001,23	51,83
1001,40	-29,67
1001,57	-41,74
1001,73	20,33
1001,90	75,13
1002,07	43,72
1002,23	-55,48
1002,40	63,78
1002,57	30,54
1002,73	23,96
1002,90	13,30
1003,07	-41,71
1003,23	75,98
1003,40	15,71
1003,57	-10,68
1003,73	5,62
1003,90	7,46
1004,07	62,73
1004,23	-28,96
1004,40	-15,19
1004,57	27,93
1004,73	26,45
1004,90	-8,19
1005,07	-44,01
1005,23	-0,71
1005,40	33,82
1005,57	29,53
1005,73	-8,84
1005,90	33,67
1006,07	-69,19
1006,23	-92,44
1006,40	-11,17
1006,57	20,75
1006,73	35,80
1006,90	3,09
1007,06	4,28
1007,23	-4,53
1007,40	-16,63
1007,56	3,29
1007,73	-27,37
1007,90	31,86
1008,06	-8,27
1008,23	-37,14
1008,40	-44,78
1008,56	65,11
1008,73	15,36
1008,89	31,86
1009,06	-27,90
1009,23	94,13
1009,39	-31,67
1009,56	2,98
1009,72	-35,90
1009,89	31,52
1010,06	21,88
1010,22	-1,67
1010,39	30,40
1010,55	-28,42
1010,72	-19,35
1010,89	-1,64
1011,05	-32,64
1011,22	57,96
1011,38	-55,33
1011,55	-7,70
1011,72	12,54
1011,88	7,01
1012,05	-16,23
1012,21	-9,04
1012,38	15,82
1012,55	-51,36
1012,71	30,54
1012,88	-15,21
1013,04	-6,62
1013,21	96,45
1013,37	2,98
1013,54	26,74
1013,71	-7,87
1013,87	-4,75
1014,04	-31,76
1014,20	-67,06
1014,37	79,80
1014,53	27,08
1014,70	53,99
1014,87	-9,91
1015,03	17,72
1015,20	29,20
1015,36	27,38
1015,53	51,94
1015,69	-12,10
1015,86	46,83
1016,02	-19,01
1016,19	12,19
1016,36	52,31
1016,52	-4,24
1016,69	33,28
1016,85	54,29
1017,02	10,63
1017,18	-19,61
1017,35	65,74
1017,51	-4,60
1017,68	-31,20
1017,84	44,24
1018,01	72,15
1018,17	-58,59
1018,34	-60,01
1018,50	44,81
1018,67	13,65
1018,84	-108,53
1019,00	58,47
1019,17	-50,43
1019,33	10,17
1019,50	-38,96
1019,66	-50,57
1019,83	62,92
1019,99	-13,17
1020,16	87,22
1020,32	56,84
1020,49	-19,72
1020,65	-7,11
1020,82	-26,35
1020,98	-49,26
1021,15	-3,40
1021,31	-32,41
1021,48	31,69
1021,64	-16,14
1021,81	-37,87
1021,97	28,77
1022,14	-4,33
1022,30	-22,01
1022,47	-32,75
1022,63	0,77
1022,79	28,41
1022,96	-3,62
1023,12	3,10
1023,29	5,08
1023,45	-49,92
1023,62	-6,20
1023,78	67,51
1023,95	46,44
1024,11	-26,58
1024,28	62,01
1024,44	-43,94
1024,61	27,40
1024,77	24,76
1024,94	-21,87
1025,10	-57,63
1025,26	89,99
1025,43	-40,49
1025,59	-9,72
1025,76	-4,53
1025,92	-5,46
1026,09	23,53
1026,25	-48,96
1026,42	-0,06
1026,58	38,16
1026,74	-41,74
1026,91	-40,86
1027,07	47,79
1027,24	-111,84
1027,40	-17,91
1027,57	-18,19
1027,73	-3,54
1027,90	-0,71
1028,06	-17,40
1028,22	37,55
1028,39	44,14
1028,55	13,10
1028,72	-24,39
1028,88	-56,80
1029,04	5,30
1029,21	-64,05
1029,37	34,07
1029,54	-19,69
1029,70	17,01
1029,87	60,03
1030,03	14,71
1030,19	-72,90
1030,36	-10,74
1030,52	-12,13
1030,69	11,48
1030,85	19,99
1031,01	-68,71
1031,18	-5,24
1031,34	-15,86
1031,50	-24,37
1031,67	39,04
1031,83	2,73
1032,00	31,44
1032,16	-19,57
1032,32	-24,64
1032,49	-7,81
1032,65	-7,33
1032,82	-29,66
1032,98	-19,55
1033,14	47,65
1033,31	-5,24
1033,47	-37,62
1033,63	61,46
1033,80	1,39
1033,96	-14,79
1034,13	-56,74
1034,29	-30,83
1034,45	27,38
1034,62	-11,11
1034,78	-63,54
1034,94	46,60
1035,11	21,09
1035,27	53,01
1035,43	14,12
1035,60	-33,21
1035,76	46,43
1035,92	79,98
1036,09	36,48
1036,25	-9,52
1036,41	14,88
1036,58	-36,01
1036,74	-41,57
1036,90	61,35
1037,07	30,24
1037,23	56,52
1037,39	-34,11
1037,56	-2,64
1037,72	21,28
1037,88	26,22
1038,05	71,95
1038,21	-49,66
1038,37	-32,52
1038,54	-27,17
1038,70	-19,58
1038,86	-52,36
1039,03	-21,14
1039,19	-17,85
1039,35	18,88
1039,52	19,03
1039,68	30,51
1039,84	44,21
1040,00	-71,14
1040,17	-35,08
1040,33	19,14
1040,49	-25,98
1040,66	-23,43
1040,82	-25,98
1040,98	-0,47
1041,15	7,72
1041,31	2,81
1041,47	-31,90
1041,63	54,64
1041,80	10,63
1041,96	-95,87
1042,12	45,01
1042,29	20,52
1042,45	-14,17
1042,61	63,12
1042,77	18,81
1042,94	-37,68
1043,10	-169,23
1043,26	-8,08
1043,42	89,58
1043,59	20,88
1043,75	34,15
1043,91	-36,59
1044,07	-24,41
1044,24	-6,36
1044,40	-25,89
