345,22	32,77
345,44	32,77
345,66	32,77
345,88	-4,10
346,10	47,10
346,32	112,64
346,54	0,00
346,75	81,92
346,97	-2,05
347,19	22,53
347,41	102,40
347,63	-18,43
347,85	-6,14
348,07	81,92
348,29	-40,96
348,51	88,06
348,73	51,20
348,95	-22,53
349,16	59,39
349,38	88,06
349,60	47,10
349,82	-12,29
350,04	20,48
350,26	-55,30
350,48	-40,96
350,70	30,72
350,92	73,73
351,14	65,54
351,35	28,67
351,57	98,30
351,79	34,82
352,01	77,82
352,23	10,24
352,45	-36,86
352,67	-12,29
352,89	-45,06
353,10	77,82
353,32	98,30
353,54	137,21
353,76	163,84
353,98	83,97
354,20	40,96
354,42	59,39
354,64	55,30
354,85	108,54
355,07	204,80
355,29	36,86
355,51	-65,53
355,73	30,72
355,95	92,16
356,17	49,15
356,38	63,49
356,60	86,01
356,82	102,40
357,04	-4,10
357,26	47,10
357,48	65,53
357,69	0,00
357,91	-12,29
358,13	26,62
358,35	18,43
358,57	38,91
358,79	36,86
359,01	-8,19
359,22	-22,53
359,44	-57,34
359,66	49,15
359,88	43,01
360,10	67,58
360,32	96,25
360,53	126,97
360,75	22,53
360,97	36,86
361,19	12,29
361,41	10,24
361,62	88,06
361,84	-22,53
362,06	67,58
362,28	-45,06
362,50	65,54
362,72	18,43
362,93	12,29
363,15	34,82
363,37	-20,48
363,59	53,25
363,81	26,62
364,02	6,14
364,24	108,54
364,46	-22,53
364,68	45,06
364,90	61,44
365,11	16,38
365,33	71,68
365,55	79,87
365,77	22,53
365,99	-94,21
366,20	104,45
366,42	-28,67
366,64	57,34
366,86	24,58
367,07	94,21
367,29	86,01
367,51	126,97
367,73	-34,82
367,95	-139,26
368,16	141,31
368,38	116,73
368,60	100,35
368,82	-40,96
369,03	79,87
369,25	53,25
369,47	75,77
369,69	36,86
369,91	100,35
370,12	2,05
370,34	-16,38
370,56	0,00
370,78	-49,15
370,99	20,48
371,21	106,49
371,43	51,20
371,65	120,83
371,86	28,67
372,08	53,25
372,30	34,82
372,52	135,17
372,73	65,54
372,95	75,77
373,17	77,82
373,39	49,15
373,60	92,16
373,82	24,58
374,04	116,73
374,26	114,69
374,47	118,78
374,69	18,43
374,91	-28,67
375,12	-24,58
375,34	-55,30
375,56	-57,34
375,78	71,68
375,99	71,68
376,21	108,54
376,43	-2,05
376,65	61,44
376,86	73,73
377,08	112,64
377,30	45,06
377,51	-43,01
377,73	90,11
377,95	16,38
378,17	-18,43
378,38	30,72
378,60	67,58
378,82	-26,62
379,03	143,36
379,25	36,86
379,47	88,06
379,68	71,68
379,90	51,20
380,12	122,88
380,34	20,48
380,55	59,39
380,77	49,15
380,99	32,77
381,20	49,15
381,42	-28,67
381,64	-92,16
381,85	-10,24
382,07	-8,19
382,29	24,58
382,50	61,44
382,72	92,16
382,94	36,86
383,15	124,93
383,37	71,68
383,59	26,62
383,80	6,14
384,02	24,58
384,24	-30,72
384,45	-20,48
384,67	36,86
384,89	-8,19
385,10	22,53
385,32	-6,14
385,54	49,15
385,75	36,86
385,97	110,59
386,19	12,29
386,40	10,24
386,62	69,63
386,84	-51,20
387,05	-18,43
387,27	38,91
387,49	-40,96
387,70	10,24
387,92	6,14
388,14	114,69
388,35	90,11
388,57	22,53
388,79	-8,19
389,00	94,21
389,22	-2,05
389,43	118,78
389,65	167,93
389,87	-8,19
390,08	8,19
390,30	18,43
390,52	61,44
390,73	38,91
390,95	110,59
391,17	98,30
391,38	114,69
391,60	-28,67
391,81	2,05
392,03	6,14
392,25	75,77
392,46	53,25
392,68	-59,39
392,89	-2,05
393,11	6,14
393,33	47,10
393,54	34,82
393,76	47,10
393,98	-8,19
394,19	-10,24
394,41	43,01
394,62	53,25
394,84	67,58
395,06	-16,38
395,27	81,92
395,49	151,55
395,70	10,24
395,92	86,01
396,13	-114,69
396,35	-16,38
396,57	65,54
396,78	81,92
397,00	36,86
397,21	83,97
397,43	-49,15
397,65	28,67
397,86	18,43
398,08	77,82
398,29	65,53
398,51	28,67
398,72	67,58
398,94	-2,05
399,16	83,97
399,37	-49,15
399,59	18,43
399,80	14,34
400,02	110,59
400,23	169,98
400,45	-4,10
400,67	26,62
400,88	12,29
401,10	43,01
401,31	6,14
401,53	-65,53
401,74	-24,58
401,96	-10,24
402,17	10,24
402,39	90,11
402,61	94,21
402,82	4,10
403,04	20,48
403,25	30,72
403,47	53,25
403,68	-77,82
403,90	116,73
404,11	-6,14
404,33	22,53
404,54	-4,10
404,76	8,19
404,97	-47,10
405,19	104,45
405,41	-22,53
405,62	40,96
405,84	30,72
406,05	90,11
406,27	45,06
406,48	24,58
406,70	32,77
406,91	4,10
407,13	6,14
407,34	-24,58
407,56	30,72
407,77	51,20
407,99	-47,10
408,20	-36,86
408,42	28,67
408,63	26,62
408,85	-36,86
409,06	53,25
409,28	-22,53
409,49	53,25
409,71	20,48
409,92	143,36
410,14	-32,77
410,35	110,59
410,57	-26,62
410,78	77,82
411,00	-26,62
411,21	-38,91
411,43	-61,44
411,64	-53,25
411,86	-14,34
412,07	-16,38
412,29	-38,91
412,50	116,73
412,72	-86,01
412,93	-90,11
413,15	28,67
413,36	-24,58
413,58	-88,06
413,79	18,43
414,01	0,00
414,22	45,06
414,43	-63,49
414,65	-32,77
414,86	-12,29
415,08	55,30
415,29	-92,16
415,51	6,14
415,72	59,39
415,94	-2,05
416,15	-24,58
416,37	14,34
416,58	-163,84
416,80	-36,86
417,01	-83,97
417,22	26,62
417,44	53,25
417,65	0,00
417,87	69,63
418,08	-10,24
418,30	12,29
418,51	-14,34
418,73	-45,06
418,94	98,30
419,15	10,24
419,37	49,15
419,58	-53,25
419,80	-96,25
420,01	-75,77
420,23	20,48
420,44	-16,38
420,65	-34,82
420,87	-139,26
421,08	16,38
421,30	18,43
421,51	-45,06
421,73	63,49
421,94	55,30
422,15	-28,67
422,37	0,00
422,58	-65,54
422,80	-88,06
423,01	32,77
423,22	-45,06
423,44	-120,83
423,65	-32,77
423,87	73,73
424,08	-108,54
424,29	-45,06
424,51	4,10
424,72	-51,20
424,94	-227,32
425,15	-79,87
425,36	-75,77
425,58	-100,35
425,79	-110,59
426,01	69,63
426,22	-55,30
426,43	12,29
426,65	-165,89
426,86	-51,20
427,08	-45,06
427,29	-94,21
427,50	-57,34
427,72	-106,49
427,93	-102,40
428,14	-81,92
428,36	16,38
428,57	-124,93
428,79	-49,15
429,00	-45,06
429,21	-98,30
429,43	-86,01
429,64	-118,78
429,85	-122,88
430,07	-43,01
430,28	6,14
430,49	-88,06
430,71	-24,58
430,92	-75,77
431,14	-88,06
431,35	-165,89
431,56	-118,78
431,78	-38,91
431,99	-133,12
432,20	-174,08
432,42	-186,37
432,63	-10,24
432,84	-153,60
433,06	4,10
433,27	-149,50
433,48	-131,07
433,70	-196,61
433,91	-100,35
434,12	-204,80
434,34	-57,34
434,55	-104,45
434,76	-126,97
434,98	-110,59
435,19	-153,60
435,40	-239,61
435,62	-149,50
435,83	-57,34
436,04	-321,53
436,26	-153,60
436,47	-139,26
436,68	-135,17
436,90	-161,79
437,11	-167,93
437,32	-190,46
437,54	-172,03
437,75	-131,07
437,96	-210,94
438,17	-178,17
438,39	-131,07
438,60	-288,76
438,81	-126,97
439,03	-231,42
439,24	-266,24
439,45	-215,04
439,67	-296,96
439,88	-184,32
440,09	-253,95
440,30	-194,56
440,52	-122,88
440,73	-210,94
440,94	-256,00
441,16	-243,71
441,37	-161,79
441,58	-274,43
441,80	-301,05
442,01	-235,52
442,22	-210,94
442,43	-294,91
442,65	-337,91
442,86	-221,18
443,07	-256,00
443,28	-262,14
443,50	-225,28
443,71	-274,43
443,92	-212,99
444,14	-194,56
444,35	-290,81
444,56	-317,44
444,77	-391,16
444,99	-276,48
445,20	-333,82
445,41	-335,87
445,62	-319,48
445,84	-342,01
446,05	-327,67
446,26	-385,02
446,47	-307,20
446,69	-440,31
446,90	-329,72
447,11	-292,86
447,32	-393,21
447,54	-313,34
447,75	-411,64
447,96	-286,72
448,17	-440,31
448,39	-370,68
448,60	-309,24
448,81	-321,53
449,02	-299,00
449,23	-509,94
449,45	-387,07
449,66	-327,67
449,87	-323,58
450,08	-403,45
450,30	-382,97
450,51	-419,83
450,72	-378,87
450,93	-524,28
451,15	-391,16
451,36	-350,20
451,57	-421,88
451,78	-436,22
451,99	-366,59
452,21	-368,63
452,42	-331,77
452,63	-354,30
452,84	-436,22
453,05	-354,30
453,27	-356,35
453,48	-346,11
453,69	-450,55
453,90	-370,68
454,11	-417,79
454,33	-374,78
454,54	-325,63
454,75	-421,88
454,96	-356,35
455,17	-438,27
455,39	-374,78
455,60	-372,73
455,81	-344,06
456,02	-237,56
456,23	-350,20
456,45	-397,31
456,66	-321,53
456,87	-464,89
457,08	-346,11
457,29	-356,35
457,50	-270,33
457,72	-315,39
457,93	-346,11
458,14	-249,85
458,35	-346,11
458,56	-376,83
458,77	-356,35
458,99	-342,01
459,20	-329,72
459,41	-303,10
459,62	-354,30
459,83	-374,78
460,04	-387,07
460,26	-385,02
460,47	-372,73
460,68	-362,49
460,89	-397,31
461,10	-229,37
461,31	-317,44
461,52	-309,24
461,74	-356,35
461,95	-440,31
462,16	-419,83
462,37	-425,98
462,58	-141,31
462,79	-303,10
463,00	-313,34
463,22	-317,44
463,43	-301,05
463,64	-296,96
463,85	-258,04
464,06	-321,53
464,27	-294,91
464,48	-241,66
464,70	-305,15
464,91	-270,33
465,12	-401,40
465,33	-405,50
465,54	-311,29
465,75	-253,95
465,96	-454,65
466,17	-399,35
466,38	-339,96
466,60	-317,44
466,81	-380,92
467,02	-270,33
467,23	-350,20
467,44	-223,23
467,65	-276,48
467,86	-266,24
468,07	-315,39
468,28	-327,67
468,50	-292,86
468,71	-421,88
468,92	-262,14
469,13	-237,56
469,34	-319,48
469,55	-356,35
469,76	-415,74
469,97	-387,07
470,18	-288,76
470,39	-296,96
470,60	-462,84
470,82	-268,28
471,03	-301,05
471,24	-344,06
471,45	-241,66
471,66	-419,83
471,87	-415,74
472,08	-337,91
472,29	-268,28
472,50	-333,82
472,71	-307,20
472,92	-256,00
473,13	-161,79
473,34	-362,49
473,55	-325,63
473,77	-421,88
473,98	-329,72
474,19	-374,78
474,40	-362,49
474,61	-421,88
474,82	-323,58
475,03	-323,58
475,24	-415,74
475,45	-391,16
475,66	-237,56
475,87	-358,39
476,08	-335,87
476,29	-325,63
476,50	-309,24
476,71	-464,89
476,92	-309,24
477,13	-399,35
477,34	-356,35
477,55	-317,44
477,76	-403,45
477,97	-362,49
478,18	-323,58
478,40	-466,94
478,61	-460,79
478,82	-446,46
479,03	-401,40
479,24	-415,74
479,45	-364,54
479,66	-292,86
479,87	-462,84
480,08	-454,65
480,29	-368,63
480,50	-454,65
480,71	-382,97
480,92	-430,07
481,13	-421,88
481,34	-458,74
481,55	-546,81
481,76	-378,87
481,97	-352,25
482,18	-415,74
482,39	-419,83
482,60	-477,18
482,81	-464,89
483,02	-350,20
483,23	-440,31
483,44	-380,92
483,65	-477,18
483,86	-454,65
484,07	-493,56
484,28	-370,68
484,49	-405,50
484,70	-501,75
484,91	-284,67
485,12	-456,70
485,33	-413,69
485,54	-444,41
485,75	-395,26
485,96	-460,79
486,17	-497,66
486,38	-387,07
486,59	-466,94
486,80	-522,23
487,01	-442,36
487,21	-446,46
487,42	-452,60
487,63	-536,57
487,84	-446,46
488,05	-417,79
488,26	-514,04
488,47	-460,79
488,68	-495,61
488,89	-546,81
489,10	-507,90
489,31	-503,80
489,52	-421,88
489,73	-452,60
489,94	-585,72
490,15	-464,89
490,36	-579,58
490,57	-446,46
490,78	-577,53
490,99	-546,81
491,20	-593,91
491,41	-468,98
491,61	-567,29
491,82	-485,37
492,03	-534,52
492,24	-466,94
492,45	-481,27
492,66	-546,81
492,87	-518,14
493,08	-577,53
493,29	-526,33
493,50	-524,28
493,71	-503,80
493,92	-677,88
494,13	-579,58
494,34	-608,25
494,54	-600,05
494,75	-563,19
494,96	-503,80
495,17	-606,20
495,38	-602,10
495,59	-485,37
495,80	-530,42
496,01	-561,14
496,22	-630,77
496,43	-505,85
496,64	-602,10
496,84	-643,06
497,05	-608,25
497,26	-595,96
497,47	-528,38
497,68	-669,69
497,89	-544,76
498,10	-641,01
498,31	-665,59
498,52	-536,57
498,72	-563,19
498,93	-645,11
499,14	-688,12
499,35	-614,39
499,56	-673,78
499,77	-591,86
499,98	-595,96
500,19	-630,77
500,40	-614,39
500,60	-669,69
500,81	-688,12
501,02	-696,31
501,23	-712,69
501,44	-645,11
501,65	-659,45
501,86	-796,66
502,06	-657,40
502,27	-606,20
502,48	-688,12
502,69	-667,64
502,90	-665,59
503,11	-729,08
503,32	-720,88
503,53	-722,93
503,73	-679,93
503,94	-722,93
504,15	-673,78
504,36	-647,16
504,57	-655,35
504,78	-630,77
504,98	-677,88
505,19	-712,69
505,40	-780,28
505,61	-706,55
505,82	-808,95
506,03	-632,82
506,23	-665,59
506,44	-729,08
506,65	-765,94
506,86	-759,80
507,07	-696,31
507,28	-782,32
507,48	-661,49
507,69	-632,82
507,90	-815,09
508,11	-714,74
508,32	-714,74
508,53	-831,48
508,73	-712,69
508,94	-686,07
509,15	-636,92
509,36	-765,94
509,57	-714,74
509,77	-819,19
509,98	-731,12
510,19	-815,09
510,40	-636,92
510,61	-854,00
510,81	-712,69
511,02	-729,08
511,23	-749,56
511,44	-667,64
511,65	-761,84
511,85	-739,32
512,06	-702,45
512,27	-733,17
512,48	-782,32
512,69	-876,53
512,89	-890,87
513,10	-716,79
513,31	-890,87
513,52	-788,47
513,73	-786,42
513,93	-782,32
514,14	-827,38
514,35	-700,41
514,56	-815,09
514,76	-770,04
514,97	-747,51
515,18	-872,43
515,39	-692,21
515,60	-749,56
515,80	-772,08
516,01	-874,48
516,22	-716,79
516,43	-854,00
516,63	-735,22
516,84	-931,83
517,05	-919,54
517,26	-856,05
517,46	-755,70
517,67	-786,42
517,88	-831,48
518,09	-927,73
518,29	-808,95
518,50	-720,88
518,71	-796,66
518,92	-722,93
519,12	-899,06
519,33	-829,43
519,54	-790,52
519,75	-903,15
519,95	-851,95
520,16	-876,53
520,37	-843,76
520,57	-806,90
520,78	-821,24
520,99	-876,53
521,20	-890,87
521,40	-833,52
521,61	-882,67
521,82	-872,43
522,03	-851,95
522,23	-868,34
522,44	-972,79
522,65	-833,52
522,85	-968,69
523,06	-954,35
523,27	-968,69
523,48	-817,14
523,68	-878,58
523,89	-765,94
524,10	-831,48
524,30	-1009,65
524,51	-849,91
524,72	-874,48
524,93	-878,58
525,13	-911,35
525,34	-862,19
525,55	-802,80
525,75	-804,85
525,96	-817,14
526,17	-948,21
526,37	-837,62
526,58	-858,10
526,79	-927,73
526,99	-888,82
527,20	-729,08
527,41	-854,00
527,62	-987,12
527,82	-886,77
528,03	-958,45
528,24	-946,16
528,44	-894,96
528,65	-909,30
528,86	-890,87
529,06	-991,22
529,27	-913,39
529,48	-942,07
529,68	-860,15
529,89	-811,00
530,10	-915,44
530,30	-837,62
530,51	-1040,37
530,72	-882,67
530,92	-829,43
531,13	-983,02
531,34	-1040,37
531,54	-964,59
531,75	-991,22
531,96	-987,12
532,16	-997,36
532,37	-933,87
532,57	-1028,08
532,78	-849,91
532,99	-876,53
533,19	-1007,60
533,40	-970,74
533,61	-909,30
533,81	-903,15
534,02	-901,11
534,23	-1009,65
534,43	-890,87
534,64	-1003,50
534,84	-1019,89
535,05	-864,24
535,26	-954,35
535,46	-925,68
535,67	-958,45
535,88	-931,83
536,08	-782,32
536,29	-1034,22
536,49	-931,83
536,70	-905,20
536,91	-956,40
537,11	-958,45
537,32	-1017,84
537,53	-917,49
537,73	-950,26
537,94	-1026,03
538,14	-811,00
538,35	-1009,65
538,56	-997,36
538,76	-1011,70
538,97	-933,87
539,17	-948,21
539,38	-909,30
539,59	-829,43
539,79	-966,64
540,00	-1017,84
540,20	-985,07
540,41	-833,52
540,62	-872,43
540,82	-884,72
541,03	-882,67
541,23	-886,77
541,44	-1034,22
541,64	-940,02
541,85	-890,87
542,06	-950,26
542,26	-937,97
542,47	-964,59
542,67	-962,55
542,88	-909,30
543,08	-800,76
543,29	-1066,99
543,50	-935,92
543,70	-882,67
543,91	-860,15
544,11	-911,35
544,32	-890,87
544,52	-868,34
544,73	-841,72
544,94	-1042,42
545,14	-1013,74
545,35	-935,92
545,55	-980,98
545,76	-1013,74
545,96	-886,77
546,17	-851,95
546,37	-1034,22
546,58	-1007,60
546,78	-1013,74
546,99	-870,39
547,20	-821,24
547,40	-1021,94
547,61	-968,69
547,81	-991,22
548,02	-1079,28
548,22	-960,50
548,43	-954,35
548,63	-972,79
548,84	-919,54
549,04	-1118,19
549,25	-907,25
549,45	-1050,61
549,66	-882,67
549,86	-970,74
550,07	-995,31
550,27	-907,25
550,48	-1023,98
550,69	-991,22
550,89	-1017,84
551,10	-962,55
551,30	-958,45
551,51	-1097,71
551,71	-868,34
551,92	-946,16
552,12	-944,11
552,33	-1001,46
552,53	-1171,44
552,74	-950,26
552,94	-997,36
553,15	-1069,04
553,35	-913,39
553,56	-847,86
553,76	-931,83
553,97	-927,73
554,17	-907,25
554,38	-851,95
554,58	-954,35
554,79	-1079,28
554,99	-964,59
555,19	-1155,05
555,40	-976,88
555,60	-1036,27
555,81	-1036,27
556,01	-1054,70
556,22	-1023,98
556,42	-919,54
556,63	-860,15
556,83	-944,11
557,04	-1011,70
557,24	-835,57
557,45	-989,17
557,65	-1075,18
557,86	-903,15
558,06	-950,26
558,27	-897,01
558,47	-917,49
558,67	-1032,18
558,88	-972,79
559,08	-1026,03
559,29	-974,83
559,49	-1093,62
559,70	-890,87
559,90	-976,88
560,11	-1060,85
560,31	-989,17
560,52	-976,88
560,72	-970,74
560,92	-884,72
561,13	-997,36
561,33	-1066,99
561,54	-1007,60
561,74	-1030,13
561,95	-995,31
562,15	-970,74
562,35	-931,83
562,56	-874,48
562,76	-899,06
562,97	-997,36
563,17	-956,40
563,38	-1028,08
563,58	-952,31
563,78	-997,36
563,99	-952,31
564,19	-1085,42
564,40	-1015,79
564,60	-952,31
564,80	-868,34
565,01	-958,45
565,21	-997,36
565,42	-1034,22
565,62	-1021,94
565,83	-1165,29
566,03	-952,31
566,23	-942,07
566,44	-1132,53
566,64	-1081,33
566,85	-960,50
567,05	-1001,46
567,25	-917,49
567,46	-921,59
567,66	-909,30
567,86	-991,22
568,07	-921,59
568,27	-1071,09
568,48	-958,45
568,68	-995,31
568,88	-989,17
569,09	-1036,27
569,29	-1036,27
569,50	-1085,42
569,70	-960,50
569,90	-942,07
570,11	-1079,28
570,31	-876,53
570,51	-964,59
570,72	-913,39
570,92	-1040,37
571,13	-950,26
571,33	-1019,89
571,53	-999,41
571,74	-923,63
571,94	-962,55
572,14	-1052,66
572,35	-925,68
572,55	-1075,18
572,75	-1003,50
572,96	-933,87
573,16	-1058,80
573,36	-915,44
573,57	-1015,79
573,77	-937,97
573,97	-841,72
574,18	-989,17
574,38	-972,79
574,59	-911,35
574,79	-921,59
574,99	-952,31
575,20	-1075,18
575,40	-811,00
575,60	-903,15
575,81	-825,33
576,01	-866,29
576,21	-966,64
576,42	-1044,46
576,62	-962,55
576,82	-958,45
577,02	-942,07
577,23	-980,98
577,43	-999,41
577,63	-911,35
577,84	-999,41
578,04	-894,96
578,24	-927,73
578,45	-970,74
578,65	-1052,66
578,85	-944,11
579,06	-1021,94
579,26	-903,15
579,46	-950,26
579,67	-884,72
579,87	-862,19
580,07	-833,52
580,27	-980,98
580,48	-933,87
580,68	-983,03
580,88	-866,29
581,09	-798,71
581,29	-917,49
581,49	-944,11
581,69	-1030,13
581,90	-946,16
582,10	-856,05
582,30	-870,39
582,51	-958,45
582,71	-1052,66
582,91	-913,39
583,11	-944,11
583,32	-870,39
583,52	-866,29
583,72	-886,77
583,93	-876,53
584,13	-884,72
584,33	-1013,74
584,53	-901,11
584,74	-987,12
584,94	-1107,95
585,14	-847,86
585,34	-966,64
585,55	-917,49
585,75	-1007,60
585,95	-985,07
586,15	-946,16
586,36	-851,95
586,56	-804,85
586,76	-978,93
586,96	-886,77
587,17	-890,87
587,37	-798,71
587,57	-899,06
587,77	-970,74
587,98	-919,54
588,18	-829,43
588,38	-935,92
588,58	-942,07
588,79	-950,26
588,99	-1050,61
589,19	-888,82
589,39	-950,26
589,60	-860,15
589,80	-880,63
590,00	-856,05
590,20	-845,81
590,40	-905,20
590,61	-962,55
590,81	-962,55
591,01	-837,62
591,21	-845,81
591,42	-970,74
591,62	-735,22
591,82	-864,24
592,02	-890,87
592,22	-817,14
592,43	-974,83
592,63	-903,15
592,83	-784,37
593,03	-964,59
593,23	-956,40
593,44	-763,89
593,64	-847,86
593,84	-821,24
594,04	-931,83
594,24	-878,58
594,45	-802,80
594,65	-915,44
594,85	-765,94
595,05	-948,21
595,25	-856,05
595,46	-847,86
595,66	-940,02
595,86	-1028,08
596,06	-878,58
596,26	-841,72
596,46	-802,80
596,67	-823,28
596,87	-690,17
597,07	-841,72
597,27	-854,00
597,47	-888,82
597,67	-825,33
597,88	-804,85
598,08	-888,82
598,28	-835,57
598,48	-831,48
598,68	-835,57
598,88	-1028,08
599,09	-835,57
599,29	-921,59
599,49	-835,57
599,69	-940,02
599,89	-866,29
600,09	-753,65
600,30	-790,52
600,50	-856,05
600,70	-763,89
600,90	-833,52
601,10	-935,92
601,30	-856,05
601,50	-923,63
601,71	-837,62
601,91	-722,93
602,11	-690,17
602,31	-731,12
602,51	-796,66
602,71	-772,08
602,91	-698,36
603,11	-786,42
603,32	-784,37
603,52	-595,96
603,72	-679,93
603,92	-770,04
604,12	-872,43
604,32	-753,65
604,52	-851,96
604,72	-698,36
604,93	-868,34
605,13	-866,29
605,33	-759,80
605,53	-743,41
605,73	-931,83
605,93	-710,65
606,13	-841,72
606,33	-763,89
606,53	-706,55
606,74	-827,38
606,94	-681,97
607,14	-964,59
607,34	-774,13
607,54	-788,47
607,74	-819,19
607,94	-741,36
608,14	-653,30
608,34	-663,54
608,54	-806,90
608,74	-872,43
608,95	-786,42
609,15	-749,56
609,35	-714,74
609,55	-632,82
609,75	-763,89
609,95	-712,69
610,15	-759,80
610,35	-851,95
610,55	-772,08
610,75	-854,00
610,95	-763,89
611,15	-755,70
611,35	-782,32
611,55	-692,21
611,76	-800,76
611,96	-737,27
612,16	-776,18
612,36	-755,70
612,56	-757,75
612,76	-714,74
612,96	-741,36
613,16	-700,41
613,36	-774,13
613,56	-854,00
613,76	-776,18
613,96	-788,47
614,16	-755,70
614,36	-690,17
614,56	-741,36
614,76	-681,97
614,96	-700,41
615,16	-849,91
615,36	-704,50
615,56	-808,95
615,76	-673,78
615,97	-710,65
616,17	-714,74
616,37	-763,89
616,57	-632,82
616,77	-804,85
616,97	-798,71
617,17	-647,16
617,37	-686,07
617,57	-655,35
617,77	-704,50
617,97	-817,14
618,17	-681,97
618,37	-624,63
618,57	-708,60
618,77	-749,56
618,97	-722,93
619,17	-712,69
619,37	-669,69
619,57	-688,12
619,77	-638,97
619,97	-696,31
620,17	-786,42
620,37	-618,49
620,57	-698,36
620,77	-665,59
620,97	-786,42
621,17	-663,54
621,37	-749,56
621,57	-661,49
621,77	-714,74
621,97	-659,45
622,17	-684,02
622,37	-573,43
622,57	-702,45
622,77	-700,41
622,97	-776,18
623,17	-657,40
623,37	-681,97
623,57	-684,02
623,77	-616,44
623,97	-638,97
624,16	-624,63
624,36	-690,17
624,56	-696,31
624,76	-600,05
624,96	-677,88
625,16	-608,25
625,36	-565,24
625,56	-671,73
625,76	-655,35
625,96	-620,53
626,16	-665,59
626,36	-643,06
626,56	-630,77
626,76	-591,86
626,96	-657,40
627,16	-595,96
627,36	-667,64
627,56	-567,29
627,76	-612,34
627,96	-610,29
628,16	-649,21
628,35	-681,97
628,55	-626,68
628,75	-573,43
628,95	-645,11
629,15	-634,87
629,35	-559,10
629,55	-585,72
629,75	-651,25
629,95	-493,56
630,15	-624,63
630,35	-542,71
630,55	-657,40
630,75	-579,58
630,95	-503,80
631,14	-595,96
631,34	-468,98
631,54	-575,48
631,74	-606,20
631,94	-614,39
632,14	-540,66
632,34	-563,19
632,54	-602,10
632,74	-688,12
632,94	-626,68
633,14	-489,46
633,33	-675,83
633,53	-544,76
633,73	-663,54
633,93	-536,57
634,13	-481,27
634,33	-473,08
634,53	-483,32
634,73	-417,79
634,93	-591,86
635,12	-520,18
635,32	-505,85
635,52	-618,49
635,72	-497,66
635,92	-493,56
636,12	-522,23
636,32	-731,12
636,52	-557,05
636,71	-542,71
636,91	-550,90
637,11	-557,05
637,31	-575,48
637,51	-499,70
637,71	-608,25
637,91	-587,77
638,11	-610,29
638,30	-595,96
638,50	-475,13
638,70	-448,51
638,90	-524,28
639,10	-479,22
639,30	-540,66
639,50	-407,55
639,69	-485,37
639,89	-557,05
640,09	-571,38
640,29	-448,51
640,49	-542,71
640,69	-493,56
640,88	-403,45
641,08	-495,61
641,28	-436,22
641,48	-489,46
641,68	-555,00
641,88	-489,46
642,07	-479,22
642,27	-481,27
642,47	-505,85
642,67	-485,37
642,87	-511,99
643,07	-368,63
643,26	-511,99
643,46	-503,80
643,66	-501,75
643,86	-520,18
644,06	-458,75
644,26	-417,79
644,45	-423,93
644,65	-542,71
644,85	-501,75
645,05	-413,69
645,25	-407,55
645,44	-460,79
645,64	-481,27
645,84	-415,74
646,04	-413,69
646,24	-485,37
646,43	-430,07
646,63	-468,98
646,83	-294,91
647,03	-477,18
647,23	-438,27
647,42	-393,21
647,62	-505,85
647,82	-337,91
648,02	-466,94
648,22	-464,89
648,41	-370,68
648,61	-401,40
648,81	-407,55
649,01	-333,82
649,20	-409,59
649,40	-448,51
649,60	-360,44
649,80	-405,50
650,00	-280,57
650,19	-415,74
650,39	-415,74
650,59	-366,59
650,79	-393,21
650,98	-344,06
651,18	-311,29
651,38	-387,07
651,58	-409,59
651,77	-444,41
651,97	-350,20
652,17	-393,21
652,37	-272,38
652,56	-380,92
652,76	-380,92
652,96	-387,07
653,16	-311,29
653,35	-387,07
653,55	-376,83
653,75	-378,87
653,95	-235,52
654,14	-370,68
654,34	-262,14
654,54	-280,57
654,74	-176,13
654,93	-428,03
655,13	-362,49
655,33	-301,05
655,52	-282,62
655,72	-284,67
655,92	-342,01
656,12	-288,76
656,31	-251,90
656,51	-282,62
656,71	-253,95
656,91	-237,56
657,10	-356,35
657,30	-317,44
657,50	-364,54
657,69	-301,05
657,89	-176,13
658,09	-143,36
658,29	-196,61
658,48	-172,03
658,68	-188,41
658,88	-284,67
659,07	-190,46
659,27	-151,55
659,47	-165,89
659,66	-225,28
659,86	-102,40
660,06	-165,89
660,26	-149,50
660,45	-133,12
660,65	-161,79
660,85	-126,97
661,04	-43,01
661,24	-71,68
661,44	-165,89
661,63	-61,44
661,83	-34,82
662,03	-120,83
662,22	-104,45
662,42	-155,65
662,62	-61,44
662,81	-100,35
663,01	20,48
663,21	-36,86
663,40	-79,87
663,60	-129,02
663,80	-61,44
663,99	-63,49
664,19	-30,72
664,39	-43,01
664,58	-49,15
664,78	18,43
664,98	-184,32
665,17	-24,58
665,37	-96,25
665,57	-20,48
665,76	-43,01
665,96	-14,34
666,16	-55,30
666,35	-43,01
666,55	-8,19
666,74	90,11
666,94	182,27
667,14	-6,14
667,33	92,16
667,53	155,65
667,73	6,14
667,92	75,77
668,12	135,17
668,32	110,59
668,51	88,06
668,71	198,65
668,90	112,64
669,10	94,21
669,30	145,41
669,49	155,65
669,69	167,93
669,89	233,47
670,08	186,37
670,28	245,76
670,47	215,04
670,67	333,82
670,87	278,52
671,06	237,56
671,26	282,62
671,45	258,04
671,65	319,48
671,85	342,01
672,04	337,91
672,24	280,57
672,43	401,40
672,63	282,62
672,83	366,59
673,02	446,46
673,22	333,82
673,41	352,25
673,61	391,16
673,81	436,22
674,00	456,70
674,20	419,83
674,39	520,18
674,59	520,18
674,78	489,46
674,98	372,73
675,18	587,77
675,37	544,76
675,57	583,67
675,76	536,57
675,96	540,66
676,15	704,50
676,35	602,10
676,55	606,20
676,74	557,05
676,94	628,73
677,13	624,63
677,33	845,81
677,52	657,40
677,72	686,07
677,91	864,24
678,11	774,13
678,31	806,90
678,50	813,04
678,70	851,95
678,89	806,90
679,09	927,73
679,28	917,49
679,48	868,34
679,67	991,22
679,87	1056,75
680,06	1064,94
680,26	1038,32
680,46	1153,01
680,65	964,59
680,85	1003,50
681,04	1161,20
681,24	1087,47
681,43	1128,43
681,63	1165,29
681,82	1189,87
682,02	1284,08
682,21	1329,13
682,41	1394,67
682,60	1232,88
682,80	1286,12
682,99	1427,43
683,19	1435,63
683,38	1429,48
683,58	1529,83
683,77	1544,17
683,97	1576,94
684,16	1640,42
684,36	1591,27
684,55	1712,10
684,75	1699,81
684,94	1650,66
685,14	1849,32
685,33	1796,07
685,53	1898,47
685,72	2041,82
685,92	1908,71
686,11	2088,93
686,31	2015,20
686,50	2080,74
686,70	2052,06
686,89	2148,32
687,09	2097,12
687,28	2226,14
687,48	2224,09
687,67	2168,80
687,87	2316,25
688,06	2498,52
688,26	2500,57
688,45	2514,91
688,65	2658,26
688,84	2625,50
689,03	2693,08
689,23	2537,43
689,42	2605,02
689,62	2815,96
689,81	2861,01
690,01	2785,24
690,20	2959,31
690,40	2840,53
690,59	3020,75
690,79	3000,27
690,98	3114,96
691,17	3198,93
691,37	3315,66
691,56	3381,20
691,76	3397,58
691,95	3401,68
692,15	3622,86
692,34	3528,65
692,54	3780,55
692,73	3565,51
692,92	3688,39
693,12	3860,42
693,31	3723,21
693,51	3995,59
693,70	3841,99
693,90	4118,47
694,09	4257,73
694,28	4110,27
694,48	4229,06
694,67	4263,87
694,87	4550,59
695,06	4566,97
695,26	4620,22
695,45	4736,95
695,64	4677,56
695,84	4730,81
696,03	5019,57
696,23	5046,20
696,42	5083,06
696,61	5076,91
696,81	5334,96
697,00	5218,22
697,20	5562,28
697,39	5509,04
697,58	5468,08
697,78	5689,26
697,97	5943,21
698,17	5664,68
698,36	5961,64
698,55	6225,82
698,75	6264,74
698,94	6541,21
699,14	6545,31
699,33	6547,36
699,52	6670,23
699,72	6731,67
699,91	6965,14
700,10	6920,09
700,30	7276,43
700,49	7274,38
700,69	7458,70
700,88	7602,06
701,07	7636,88
701,27	7546,76
701,46	7827,34
701,65	8177,54
701,85	8175,49
702,04	8439,68
702,23	8597,37
702,43	8509,31
702,62	8699,77
702,82	9148,28
703,01	8925,05
703,20	9398,13
703,40	9379,70
703,59	9578,35
703,78	9666,41
703,98	9885,55
704,17	9901,93
704,36	10033,00
704,56	10131,30
704,75	10577,76
704,94	10680,16
705,14	10887,00
705,33	10827,61
705,52	11102,04
705,72	11312,98
705,91	11702,09
706,10	11548,50
706,30	12040,01
706,49	12093,26
706,68	12379,97
706,88	12308,29
707,07	12805,95
707,26	12920,63
707,46	13240,12
707,65	13524,79
707,84	13340,47
708,04	13770,54
708,23	14044,97
708,42	14194,47
708,62	14354,21
708,81	14724,90
709,00	14903,07
709,19	15206,17
709,39	15361,81
709,58	15617,81
709,77	15959,82
709,97	16203,53
710,16	16537,35
710,35	16543,49
710,55	16846,59
710,74	17168,12
710,93	17456,89
711,12	17749,75
711,32	17915,63
711,51	18228,97
711,70	18573,03
711,90	18892,51
712,09	19287,77
712,28	19306,20
712,47	19853,01
712,67	19850,96
712,86	20109,01
713,05	20528,84
713,24	20776,64
713,44	21016,26
713,63	21636,79
713,82	21718,71
714,02	22382,25
714,21	22365,87
714,40	22871,72
714,59	23094,94
714,79	23406,23
714,98	23809,68
715,17	24327,82
715,36	24569,48
715,56	24784,52
715,75	25282,17
715,94	25511,55
716,13	25595,51
716,33	25855,61
716,52	26513,00
716,71	27076,19
716,90	27377,25
717,10	27944,53
717,29	28128,85
717,48	28573,26
717,67	28849,74
717,87	29541,95
718,06	29988,41
718,25	29765,18
718,44	30438,96
718,63	30850,60
718,83	31016,49
719,02	31471,14
719,21	31731,23
719,40	32157,21
719,60	33187,33
719,79	32906,76
719,98	33723,90
720,17	33850,88
720,36	34285,04
720,56	34584,05
720,75	34960,87
720,94	35356,13
721,13	36101,59
721,33	35802,59
721,52	36093,40
721,71	36933,07
721,90	37375,43
722,09	37809,60
722,29	37756,35
722,48	38393,27
722,67	38935,98
722,86	39431,59
723,05	39650,72
723,24	39892,38
723,44	40236,44
723,63	40519,06
723,82	40422,81
724,01	41131,40
724,20	41334,15
724,40	41678,21
724,59	41846,15
724,78	42300,79
724,97	42939,76
725,16	43492,71
725,35	43054,45
725,55	43498,86
725,74	43679,08
725,93	43480,42
726,12	44232,03
726,31	44268,89
726,51	44574,04
726,70	44942,67
726,89	45120,85
727,08	45305,16
727,27	45317,45
727,46	45677,90
727,65	45655,37
727,85	45968,71
728,04	46093,63
728,23	46126,40
728,42	45815,11
728,61	46312,77
728,80	46677,30
729,00	46771,51
729,19	46947,64
729,38	47107,38
729,57	46843,19
729,76	46376,25
729,95	46593,34
730,14	47230,26
730,33	46699,83
730,53	46763,32
730,72	46603,58
730,91	46447,93
731,10	46400,83
731,29	46734,65
731,48	46460,22
731,67	46447,93
731,86	46204,22
732,06	46064,96
732,25	45833,54
732,44	45522,25
732,63	45122,90
732,82	45278,54
733,01	44881,24
733,20	44406,11
733,39	44807,51
733,59	44414,30
733,78	44119,39
733,97	43580,78
734,16	43728,23
734,35	43361,64
734,54	43126,13
734,73	42583,41
734,92	42048,89
735,11	41444,74
735,30	41508,23
735,49	41334,15
735,69	40578,45
735,88	40148,38
736,07	39818,66
736,26	39689,63
736,45	39173,55
736,64	38518,20
736,83	38215,10
737,02	37410,25
737,21	37447,11
737,40	36578,77
737,59	36625,87
737,78	35790,30
737,98	34964,97
738,17	35028,46
738,36	34588,14
738,55	34088,44
738,74	33218,05
738,93	32869,90
739,12	32206,36
739,31	31884,83
739,50	31344,16
739,69	31022,63
739,88	30004,79
740,07	29906,49
740,26	29314,62
740,45	28614,22
740,64	28239,44
740,83	27745,88
741,02	27221,60
741,22	26517,10
741,41	26039,92
741,60	25523,83
741,79	25255,55
741,98	24766,09
742,17	23789,20
742,36	23670,42
742,55	23131,81
742,74	22752,93
742,93	22425,26
743,12	21657,27
743,31	21288,64
743,50	20678,34
743,69	20227,79
743,88	19990,22
744,07	19619,54
744,26	19017,44
744,45	18579,17
744,64	18585,32
744,83	17958,64
745,02	17364,73
745,21	17037,05
745,40	16725,76
745,59	15916,81
745,78	15906,57
745,97	15359,77
746,16	14982,94
746,35	14835,49
746,54	14685,98
746,73	14030,63
746,92	13786,93
747,11	13481,78
747,30	13172,54
747,49	12803,90
747,68	12644,16
747,87	12103,50
748,06	11980,62
748,25	11548,50
748,44	11394,90
748,63	10973,02
748,82	10723,16
749,01	10514,27
749,20	10311,52
749,39	10028,90
749,58	9570,16
749,77	9641,84
749,96	9099,13
750,15	9209,72
750,34	8914,81
750,53	8763,26
750,72	8468,35
750,91	8251,27
751,10	7954,31
751,29	7810,95
751,48	7849,86
751,67	7411,60
751,86	7434,13
752,04	7167,89
752,23	7090,07
752,42	6750,10
752,61	6690,71
752,80	6471,58
752,99	6283,17
753,18	5998,50
753,37	6008,74
753,56	5814,18
753,75	5693,35
753,94	5431,21
754,13	5629,87
754,32	5267,38
754,51	5304,24
754,70	5087,15
754,89	4927,41
755,08	4685,75
755,27	4792,25
755,45	4626,36
755,64	4577,21
755,83	4360,13
756,02	4317,12
756,21	4243,39
756,40	4106,18
756,59	3938,24
756,78	3928,00
756,97	3913,67
757,16	3688,39
757,35	3631,05
757,54	3530,70
757,72	3454,92
757,91	3319,76
758,10	3348,43
758,29	3319,76
758,48	3264,46
758,67	3114,96
758,86	3045,33
759,05	2918,36
759,24	2850,77
759,43	2695,13
759,61	2772,95
759,80	2625,50
759,99	2670,55
760,18	2494,43
760,37	2521,05
760,56	2443,23
760,75	2351,07
760,94	2299,87
761,13	2283,49
761,31	2105,31
761,50	2029,54
761,69	2093,02
761,88	2050,02
762,07	1929,19
762,26	1822,69
762,45	1914,85
762,64	1765,35
762,82	1767,40
763,01	1757,16
763,20	1662,95
763,39	1660,90
763,58	1593,32
763,77	1538,02
763,96	1519,59
764,14	1480,68
764,33	1433,58
764,52	1282,03
764,71	1320,94
764,90	1296,36
765,09	1327,08
765,27	1222,64
765,46	1062,90
765,65	1193,97
765,84	1157,10
766,03	1114,10
766,22	1013,74
766,41	1046,51
766,59	854,00
766,78	1044,46
766,97	882,67
767,16	954,35
767,35	831,48
767,54	782,32
767,72	794,61
767,91	663,54
768,10	628,73
768,29	782,32
768,48	720,89
768,66	651,25
768,85	641,01
769,04	618,49
769,23	546,81
769,42	419,83
769,61	620,53
769,79	528,38
769,98	657,40
770,17	405,50
770,36	417,79
770,55	477,18
770,73	380,92
770,92	475,13
771,11	452,60
771,30	241,66
771,49	323,58
771,67	407,55
771,86	325,63
772,05	315,39
772,24	282,62
772,42	266,24
772,61	200,70
772,80	210,94
772,99	198,65
773,18	339,96
773,36	370,68
773,55	196,61
773,74	260,09
773,93	165,89
774,11	344,06
774,30	260,09
774,49	194,56
774,68	161,79
774,87	202,75
775,05	149,50
775,24	100,35
775,43	262,14
775,62	167,93
775,80	139,26
775,99	112,64
776,18	118,78
776,37	100,35
776,55	153,60
776,74	131,07
776,93	106,49
777,12	32,77
777,30	77,82
777,49	63,49
777,68	126,97
777,87	167,93
778,05	100,35
778,24	92,16
778,43	63,49
778,62	59,39
778,80	34,82
778,99	86,01
779,18	30,72
779,36	-45,06
779,55	32,77
779,74	12,29
779,93	67,58
780,11	6,14
780,30	86,01
780,49	-43,01
780,68	40,96
780,86	47,10
781,05	-55,30
781,24	2,05
781,42	-18,43
781,61	90,11
781,80	10,24
781,98	10,24
782,17	12,29
782,36	-26,62
782,55	4,10
782,73	12,29
782,92	-28,67
783,11	-57,34
783,29	96,25
783,48	-16,38
783,67	-71,68
783,85	-14,34
784,04	14,34
784,23	-98,30
784,42	20,48
784,60	-53,25
784,79	-73,73
784,98	-57,34
785,16	20,48
785,35	-53,25
785,54	47,10
785,72	-12,29
785,91	-88,06
786,10	-59,39
786,28	-67,58
786,47	-112,64
786,66	-10,24
786,84	-12,29
787,03	-51,20
787,22	43,01
787,40	-90,11
787,59	-30,72
787,78	-122,88
787,96	-40,96
788,15	-26,62
788,34	-51,20
788,52	-96,25
788,71	-153,60
788,89	-55,30
789,08	-61,44
789,27	-71,68
789,45	-22,53
789,64	-43,01
789,83	-157,69
790,01	-73,73
790,20	-237,56
790,39	-137,21
790,57	-118,78
790,76	-65,54
790,95	-102,40
791,13	-100,35
791,32	18,43
791,50	-83,97
791,69	-57,34
791,88	-71,68
792,06	-98,30
792,25	20,48
792,43	-86,01
792,62	-106,49
792,81	-14,34
792,99	-49,15
793,18	-196,61
793,37	-102,40
793,55	-184,32
793,74	-79,87
793,92	-10,24
794,11	-65,54
794,30	-122,88
794,48	-90,11
794,67	-38,91
794,85	-63,49
795,04	-16,38
795,23	4,10
795,41	-100,35
795,60	-51,20
795,78	-126,97
795,97	-135,17
796,15	-149,50
796,34	-133,12
796,53	-116,73
796,71	-106,49
796,90	-92,16
797,08	-77,82
797,27	-96,25
797,46	-114,69
797,64	-98,30
797,83	-112,64
798,01	-22,53
798,20	-161,79
798,38	-83,97
798,57	-196,61
798,76	-165,89
798,94	-122,88
799,13	-61,44
799,31	-112,64
799,50	-153,60
799,68	-215,04
799,87	-63,49
800,05	-235,52
800,24	-65,54
800,43	-104,45
800,61	-188,41
800,80	-69,63
800,98	-159,74
801,17	-100,35
801,35	-147,45
801,54	-135,17
801,72	-43,01
801,91	-83,97
802,09	-67,58
802,28	-163,84
802,46	4,10
802,65	-10,24
802,84	-73,73
803,02	-141,31
803,21	-12,29
803,39	-194,56
803,58	-210,94
803,76	-133,12
803,95	-157,69
804,13	-65,54
804,32	-114,69
804,50	-94,21
804,69	-176,13
804,87	-129,02
805,06	-126,97
805,24	-159,74
805,43	-98,30
805,61	-53,25
805,80	-10,24
805,98	-92,16
806,17	-174,08
806,35	-161,79
806,54	-151,55
806,72	-149,50
806,91	-215,04
807,09	-106,49
807,28	-165,89
807,46	-90,11
807,65	-290,81
807,83	-163,84
808,02	-67,58
808,20	-86,01
808,39	-57,34
808,57	-120,83
808,76	-129,02
808,94	-98,30
809,13	-122,88
809,31	-30,72
809,49	-163,84
809,68	-196,61
809,86	-135,17
810,05	-141,31
810,23	-38,91
810,42	-147,45
810,60	-167,93
810,79	-153,60
810,97	-149,50
811,16	-86,01
811,34	-141,31
811,53	-24,58
811,71	-92,16
811,89	-79,87
812,08	-12,29
812,26	-120,83
812,45	-63,49
812,63	-143,36
812,82	-120,83
813,00	-108,54
813,19	-98,30
813,37	-18,43
813,55	-49,15
813,74	-186,37
813,92	-49,15
814,11	-32,77
814,29	-153,60
814,48	-124,93
814,66	-73,73
814,84	-88,06
815,03	-118,78
815,21	-149,50
815,40	-96,25
815,58	-12,29
815,77	-55,30
815,95	-133,12
816,13	-104,45
816,32	-94,21
816,50	-83,97
816,69	-20,48
816,87	-6,14
817,05	-32,77
817,24	-32,77
817,42	-63,49
817,61	-43,01
817,79	-28,67
817,97	-53,25
818,16	-186,37
818,34	-73,73
818,53	-10,24
818,71	-2,05
818,89	-100,35
819,08	-196,61
819,26	75,77
819,45	0,00
819,63	-36,86
819,81	-10,24
820,00	-75,77
820,18	-169,98
820,36	43,01
820,55	-24,58
820,73	-104,45
820,92	-120,83
821,10	-102,40
821,28	-118,78
821,47	-169,98
821,65	-110,59
821,83	-28,67
822,02	-38,91
822,20	-73,73
822,39	-53,25
822,57	-120,83
822,75	-153,60
822,94	-114,69
823,12	-69,63
823,30	-86,01
823,49	-79,87
823,67	-149,50
823,85	-55,30
824,04	-165,89
824,22	-55,30
824,40	-57,34
824,59	-61,44
824,77	-92,16
824,95	-38,91
825,14	-18,43
825,32	-81,92
825,50	-55,30
825,69	-100,35
825,87	-59,39
826,05	-30,72
826,24	-71,68
826,42	57,34
826,60	-45,06
826,79	-18,43
826,97	-40,96
827,15	-147,45
827,34	-73,73
827,52	-149,50
827,70	-96,25
827,89	-135,17
828,07	65,54
828,25	-145,41
828,44	-139,26
828,62	-104,45
828,80	-126,97
828,98	-133,12
829,17	-2,05
829,35	-47,10
829,53	-143,36
829,72	-63,49
829,90	-71,68
830,08	-51,20
830,27	-110,59
830,45	-172,03
830,63	-163,84
830,81	-61,44
831,00	-94,21
831,18	-81,92
831,36	-188,41
831,55	-190,46
831,73	-69,63
831,91	2,05
832,09	-57,34
832,28	45,06
832,46	-157,69
832,64	-12,29
832,82	-8,19
833,01	-122,88
833,19	-94,21
833,37	-100,35
833,55	-114,69
833,74	-73,73
833,92	-16,38
834,10	-90,11
834,29	-16,38
834,47	32,77
834,65	-14,34
834,83	-55,30
835,02	-126,97
835,20	-118,78
835,38	-28,67
835,56	-51,20
835,75	-45,06
835,93	-71,68
836,11	22,53
836,29	-118,78
836,47	-81,92
836,66	-120,83
836,84	-112,64
837,02	-98,30
837,20	-59,39
837,39	12,29
837,57	-133,12
837,75	-16,38
837,93	-53,25
838,12	-135,17
838,30	-88,06
838,48	-53,25
838,66	-4,10
838,84	-20,48
839,03	-63,49
839,21	-88,06
839,39	-51,20
839,57	-110,59
839,75	-120,83
839,94	-79,87
840,12	-75,77
840,30	0,00
840,48	0,00
840,66	-176,13
840,85	-47,10
841,03	-43,01
841,21	-18,43
841,39	-38,91
841,57	-165,89
841,76	-184,32
841,94	-57,34
842,12	12,29
842,30	-69,63
842,48	-100,35
842,67	-108,54
842,85	-6,14
843,03	-6,14
843,21	-81,92
843,39	-88,06
843,57	-92,16
843,76	-114,69
843,94	-135,17
844,12	-114,69
844,30	-114,69
844,48	-153,60
844,66	-94,21
844,85	-102,40
845,03	-172,03
845,21	-86,01
845,39	-69,63
845,57	-102,40
845,75	-122,88
845,94	-26,62
846,12	-75,77
846,30	-106,49
846,48	-69,63
846,66	-182,27
846,84	-18,43
847,02	-55,30
847,21	18,43
847,39	-28,67
847,57	-167,93
847,75	-124,93
847,93	2,05
848,11	-53,25
848,29	-131,07
848,48	-126,97
848,66	-112,64
848,84	-126,97
849,02	-110,59
849,20	-133,12
849,38	-108,54
849,56	-45,06
849,74	-59,39
849,93	-40,96
850,11	-53,25
850,29	-40,96
850,47	-10,24
850,65	10,24
850,83	-86,01
851,01	-98,30
851,19	-215,04
851,37	-112,64
851,56	-34,82
851,74	-88,06
851,92	-137,21
852,10	-20,48
852,28	-47,10
852,46	-96,25
852,64	-61,44
852,82	-16,38
853,00	-32,77
853,18	49,15
853,37	-90,11
853,55	-65,54
853,73	-47,10
853,91	-67,58
854,09	-71,68
854,27	-122,88
854,45	-24,58
854,63	-143,36
854,81	-47,10
854,99	-14,34
855,17	-133,12
855,35	71,68
855,53	4,10
855,72	-69,63
855,90	-92,16
856,08	-145,41
856,26	-86,01
856,44	-22,53
856,62	-129,02
856,80	-47,10
856,98	-40,96
857,16	10,24
857,34	-8,19
857,52	-20,48
857,70	-63,49
857,88	-116,73
858,06	-149,50
858,24	-69,63
858,42	14,34
858,60	-26,62
858,78	-32,77
858,96	-188,41
859,15	-137,21
859,33	-63,49
859,51	-16,38
859,69	63,49
859,87	-4,10
860,05	-63,49
860,23	-63,49
860,41	-83,97
860,59	4,10
860,77	36,86
860,95	-79,87
861,13	-104,45
861,31	-100,35
861,49	24,58
861,67	-104,45
861,85	-43,01
862,03	-96,25
862,21	-61,44
862,39	-73,73
862,57	-83,97
862,75	55,30
862,93	-32,77
863,11	-102,40
863,29	-59,39
863,47	-30,72
863,65	-57,34
863,83	26,62
864,01	-96,25
864,19	-100,35
864,37	18,43
864,55	36,86
864,73	-43,01
864,91	-204,80
865,09	81,92
865,27	-61,44
865,45	-55,30
865,63	-49,15
865,81	-36,86
865,99	2,05
866,17	-40,96
866,35	-88,06
866,53	-59,39
866,71	-122,88
866,89	-34,82
867,07	43,01
867,24	-114,69
867,42	-63,49
867,60	-88,06
867,78	36,86
867,96	-108,54
868,14	-26,62
868,32	-57,34
868,50	-61,44
868,68	-83,97
868,86	-81,92
869,04	-24,58
869,22	67,58
869,40	-30,72
869,58	-30,72
869,76	-53,25
869,94	43,01
870,12	-83,97
870,30	-47,10
870,48	-57,34
870,66	0,00
870,83	-165,89
871,01	20,48
871,19	-16,38
871,37	-108,54
871,55	30,72
871,73	-88,06
871,91	-63,49
872,09	-26,62
872,27	-69,63
872,45	-122,88
872,63	-65,54
872,81	-69,63
872,98	-45,06
873,16	88,06
873,34	2,05
873,52	-79,87
873,70	43,01
873,88	-106,49
874,06	-8,19
874,24	-81,92
874,42	-38,91
874,60	-53,25
874,78	10,24
874,95	-4,10
875,13	55,30
875,31	26,62
875,49	-10,24
875,67	-112,64
875,85	-88,06
876,03	12,29
876,21	38,91
876,39	10,24
876,56	-55,30
876,74	-36,86
876,92	-28,67
877,10	-114,69
877,28	-126,97
877,46	-6,14
877,64	-77,82
877,82	-18,43
877,99	-77,82
878,17	-120,83
878,35	-14,34
878,53	-20,48
878,71	45,06
878,89	-43,01
879,07	-8,19
879,24	-73,73
879,42	-86,01
879,60	-71,68
879,78	-135,17
879,96	-63,49
880,14	90,11
880,32	45,06
880,49	2,05
880,67	-61,44
880,85	-2,05
881,03	-28,67
881,21	-12,29
881,39	-14,34
881,56	-34,82
881,74	-45,06
881,92	-18,43
882,10	18,43
882,28	2,05
882,46	-55,30
882,63	59,39
882,81	-202,75
882,99	38,91
883,17	77,82
883,35	-38,91
883,52	-51,20
883,70	-118,78
883,88	-51,20
884,06	26,62
884,24	26,62
884,42	-53,25
884,59	-30,72
884,77	-100,35
884,95	-34,82
885,13	-73,73
885,31	34,82
885,48	-45,06
885,66	40,96
885,84	-53,25
886,02	-28,67
886,20	-51,20
886,37	-14,34
886,55	-49,15
886,73	-71,68
886,91	-26,62
887,08	-65,53
887,26	-26,62
887,44	-40,96
887,62	-28,67
887,80	-55,30
887,97	-86,01
888,15	-118,78
888,33	-16,38
888,51	-167,93
888,68	0,00
888,86	16,38
889,04	-38,91
889,22	12,29
889,40	-10,24
889,57	-36,86
889,75	30,72
889,93	-12,29
890,11	0,00
890,28	-38,91
890,46	-59,39
890,64	-167,93
890,82	-49,15
890,99	-28,67
891,17	-51,20
891,35	-30,72
891,53	-36,86
891,70	32,77
891,88	22,53
892,06	-26,62
892,24	20,48
892,41	-30,72
892,59	-108,54
892,77	-6,14
892,94	-24,58
893,12	-67,58
893,30	-100,35
893,48	-73,73
893,65	-81,92
893,83	-36,86
894,01	-34,82
894,19	-16,38
894,36	30,72
894,54	-96,25
894,72	-79,87
894,89	-61,44
895,07	18,43
895,25	-26,62
895,43	-40,96
895,60	18,43
895,78	30,72
895,96	-96,25
896,13	28,67
896,31	4,10
896,49	-86,01
896,66	-18,43
896,84	8,19
897,02	-26,62
897,20	-65,54
897,37	-90,11
897,55	-81,92
897,73	-14,34
897,90	-18,43
898,08	45,06
898,26	-30,72
898,43	-4,10
898,61	14,34
898,79	-20,48
898,96	20,48
899,14	-32,77
899,32	67,58
899,49	24,58
899,67	-2,05
899,85	-49,15
900,02	38,91
900,20	14,34
900,38	-12,29
900,55	-71,68
900,73	-6,14
900,91	108,54
901,08	57,34
901,26	36,86
901,44	51,20
901,61	18,43
901,79	-71,68
901,97	6,14
902,14	-61,44
902,32	-124,93
902,50	-43,01
902,67	-28,67
902,85	-88,06
903,02	16,38
903,20	-20,48
903,38	-108,54
903,55	-126,97
903,73	67,58
903,91	20,48
904,08	106,49
904,26	-71,68
904,44	6,14
904,61	-12,29
904,79	-67,58
904,96	22,53
905,14	69,63
905,32	-38,91
905,49	63,49
905,67	-28,67
905,84	-8,19
906,02	-16,38
906,20	-18,43
906,37	12,29
906,55	-59,39
906,73	-100,35
906,90	88,06
907,08	-43,01
907,25	-30,72
907,43	40,96
907,61	-16,38
907,78	32,77
907,96	16,38
908,13	77,82
908,31	22,53
908,48	77,82
908,66	-10,24
908,84	-96,25
909,01	-57,34
909,19	-57,34
909,36	-4,10
909,54	49,15
909,72	-22,53
909,89	65,54
910,07	-12,29
910,24	-6,14
910,42	-90,11
910,59	32,77
910,77	18,43
910,95	-63,49
911,12	-110,59
911,30	-38,91
911,47	34,82
911,65	-92,16
911,82	-51,20
912,00	-151,55
912,17	-51,20
912,35	22,53
912,53	24,58
912,70	-47,10
912,88	34,82
913,05	-102,40
913,23	-51,20
913,40	24,58
913,58	-14,34
913,75	53,25
913,93	36,86
914,10	-18,43
914,28	-20,48
914,46	-40,96
914,63	-59,39
914,81	53,25
914,98	38,91
915,16	-122,88
915,33	59,39
915,51	129,02
915,68	-53,25
915,86	-22,53
916,03	-36,86
916,21	2,05
916,38	-65,54
916,56	-143,36
916,73	-12,29
916,91	-18,43
917,08	-69,63
917,26	-34,82
917,43	-36,86
917,61	-59,39
917,78	6,14
917,96	20,48
918,13	63,49
918,31	-79,87
918,48	-8,19
918,66	-24,58
918,83	-77,82
919,01	22,53
919,18	-32,77
919,36	-43,01
919,53	47,10
919,71	-14,34
919,88	75,77
920,06	36,86
920,23	0,00
920,41	18,43
920,58	96,25
920,76	-38,91
920,93	65,54
921,11	-8,19
921,28	-65,53
921,45	65,53
921,63	20,48
921,80	-32,77
921,98	4,10
922,15	-20,48
922,33	-57,34
922,50	36,86
922,68	-26,62
922,85	59,39
923,03	-69,63
923,20	-40,96
923,38	-28,67
923,55	120,83
923,72	141,31
923,90	-20,48
924,07	-38,91
924,25	-36,86
924,42	-34,82
924,60	-10,24
924,77	83,97
924,95	71,68
925,12	4,10
925,29	-28,67
925,47	-12,29
925,64	63,49
925,82	-77,82
925,99	-16,38
926,17	14,34
926,34	18,43
926,51	-32,77
926,69	4,10
926,86	-55,30
927,04	26,62
927,21	129,02
927,38	24,58
927,56	20,48
927,73	-126,97
927,91	-22,53
928,08	14,34
928,25	32,77
928,43	53,25
928,60	-2,05
928,78	18,43
928,95	61,44
929,12	-51,20
929,30	-59,39
929,47	61,44
929,65	-40,96
929,82	108,54
929,99	34,82
930,17	98,30
930,34	-43,01
930,52	40,96
930,69	-43,01
930,86	43,01
931,04	4,10
931,21	14,34
931,38	30,72
931,56	22,53
931,73	71,68
931,91	-51,20
932,08	-6,14
932,25	-57,34
932,43	86,01
932,60	-38,91
932,77	-2,05
932,95	100,35
933,12	-26,62
933,29	-26,62
933,47	10,24
933,64	-12,29
933,82	51,20
933,99	18,43
934,16	133,12
934,34	14,34
934,51	98,30
934,68	90,11
934,86	-38,91
935,03	14,34
935,20	75,77
935,38	59,39
935,55	36,86
935,72	-59,39
935,90	-14,34
936,07	6,14
936,24	49,15
936,42	-32,77
936,59	75,77
936,76	26,62
936,94	45,06
937,11	49,15
937,28	131,07
937,46	43,01
937,63	102,40
937,80	12,29
937,97	-10,24
938,15	65,53
938,32	59,39
938,49	43,01
938,67	22,53
938,84	116,73
939,01	40,96
939,19	2,05
939,36	38,91
939,53	28,67
939,70	30,72
939,88	2,05
940,05	145,41
940,22	28,67
940,40	-40,96
940,57	71,68
940,74	-24,58
940,92	18,43
941,09	24,58
941,26	98,30
941,43	-12,29
941,61	8,19
941,78	-98,30
941,95	-92,16
942,12	63,49
942,30	36,86
942,47	4,10
942,64	65,54
942,82	53,25
942,99	100,35
943,16	6,14
943,33	24,58
943,51	-12,29
943,68	65,54
943,85	-53,25
944,02	65,54
944,20	-53,25
944,37	145,41
944,54	-30,72
944,71	14,34
944,89	81,92
945,06	8,19
945,23	120,83
945,40	61,44
945,58	-18,43
945,75	45,06
945,92	47,10
946,09	-12,29
946,27	114,69
946,44	26,62
946,61	16,38
946,78	2,05
946,95	79,87
947,13	-6,14
947,30	55,30
947,47	77,82
947,64	12,29
947,82	79,87
947,99	40,96
948,16	-4,10
948,33	-16,38
948,50	104,45
948,68	47,10
948,85	-65,54
949,02	12,29
949,19	22,53
949,36	10,24
949,54	-14,34
949,71	-45,06
949,88	-14,34
950,05	77,82
950,22	-59,39
950,40	51,20
950,57	45,06
950,74	45,06
950,91	59,39
951,08	100,35
951,26	133,12
951,43	14,34
951,60	40,96
951,77	12,29
951,94	26,62
952,11	69,63
952,29	-22,53
952,46	65,54
952,63	184,32
952,80	-6,14
952,97	-14,34
953,15	75,77
953,32	114,69
953,49	-4,10
953,66	65,54
953,83	69,63
954,00	45,06
954,17	86,01
954,35	108,54
954,52	-106,49
954,69	32,77
954,86	94,21
955,03	79,87
955,20	0,00
955,38	61,44
955,55	159,74
955,72	4,10
955,89	-12,29
956,06	-47,10
956,23	61,44
956,40	-6,14
956,58	22,53
956,75	61,44
956,92	16,38
957,09	71,68
957,26	40,96
957,43	55,30
957,60	53,25
957,77	36,86
957,95	2,05
958,12	71,68
958,29	-94,21
958,46	116,73
958,63	30,72
958,80	-51,20
958,97	40,96
959,14	45,06
959,31	43,01
959,49	-14,34
959,66	-32,77
959,83	-20,48
960,00	-59,39
960,17	45,06
960,34	4,10
960,51	59,39
960,68	-12,29
960,85	135,17
961,02	12,29
961,20	47,10
961,37	79,87
961,54	30,72
961,71	-32,77
961,88	12,29
962,05	-22,53
962,22	24,58
962,39	-20,48
962,56	71,68
962,73	28,67
962,90	-2,05
963,07	34,82
963,24	65,54
963,42	71,68
963,59	-16,38
963,76	73,73
963,93	16,38
964,10	104,45
964,27	-59,39
964,44	71,68
964,61	-4,10
964,78	-10,24
964,95	36,86
965,12	163,84
965,29	8,19
965,46	-2,05
965,63	-67,58
965,80	32,77
965,97	30,72
966,14	12,29
966,31	-26,62
966,48	116,73
966,66	14,34
966,83	-24,58
967,00	-12,29
967,17	104,45
967,34	-20,48
967,51	-22,53
967,68	12,29
967,85	45,06
968,02	20,48
968,19	63,49
968,36	-86,01
968,53	49,15
968,70	57,34
968,87	6,14
969,04	79,87
969,21	-36,86
969,38	-34,82
969,55	43,01
969,72	-16,38
969,89	53,25
970,06	-10,24
970,23	47,10
970,40	18,43
970,57	-28,67
970,74	24,58
970,91	63,49
971,08	-38,91
971,25	79,87
971,42	40,96
971,59	-10,24
971,76	18,43
971,93	-10,24
972,10	110,59
972,27	92,16
972,44	67,58
972,61	34,82
972,78	47,10
972,95	-51,20
973,12	94,21
973,29	-4,10
973,46	40,96
973,63	55,30
973,80	12,29
973,97	4,10
974,14	86,01
974,30	20,48
974,47	86,01
974,64	-30,72
974,81	77,82
974,98	-12,29
975,15	106,49
975,32	26,62
975,49	-8,19
975,66	69,63
975,83	-12,29
976,00	-20,48
976,17	90,11
976,34	49,15
976,51	-6,14
976,68	73,73
976,85	65,54
977,02	40,96
977,19	88,06
977,36	28,67
977,52	28,67
977,69	106,49
977,86	-24,58
978,03	-28,67
978,20	-12,29
978,37	-18,43
978,54	-26,62
978,71	-59,39
978,88	92,16
979,05	-32,77
979,22	79,87
979,39	43,01
979,56	92,16
979,72	96,25
979,89	34,82
980,06	104,45
980,23	102,40
980,40	-51,20
980,57	-8,19
980,74	98,30
980,91	2,05
981,08	112,64
981,25	20,48
981,41	36,86
981,58	67,58
981,75	124,93
981,92	28,67
982,09	24,58
982,26	-12,29
982,43	65,54
982,60	-28,67
982,77	-6,14
982,93	90,11
983,10	112,64
983,27	67,58
983,44	94,21
983,61	32,77
983,78	98,30
983,95	-20,48
984,11	-8,19
984,28	57,34
984,45	53,25
984,62	-14,34
984,79	-28,67
984,96	10,24
985,13	-61,44
985,30	65,54
985,46	8,19
985,63	-51,20
985,80	43,01
985,97	-118,78
986,14	10,24
986,31	24,58
986,47	118,78
986,64	135,17
986,81	-75,77
986,98	10,24
987,15	-16,38
987,32	-2,05
987,48	77,82
987,65	-40,96
987,82	26,62
987,99	12,29
988,16	176,13
988,33	-86,01
988,49	53,25
988,66	96,25
988,83	53,25
989,00	83,97
989,17	16,38
989,34	38,91
989,50	34,82
989,67	-100,35
989,84	38,91
990,01	-90,11
990,18	22,53
990,34	38,91
990,51	94,21
990,68	67,58
990,85	-30,72
991,02	-38,91
991,18	32,77
991,35	104,45
991,52	-77,82
991,69	4,10
991,86	30,72
992,02	45,06
992,19	-26,62
992,36	-45,06
992,53	-6,14
992,69	12,29
992,86	63,49
993,03	-65,54
993,20	86,01
993,37	143,36
993,53	57,34
993,70	57,34
993,87	-71,68
994,04	-45,06
994,20	14,34
994,37	57,34
994,54	8,19
994,71	-16,38
994,87	40,96
995,04	22,53
995,21	110,59
995,38	18,43
995,55	-16,38
995,71	-4,10
995,88	28,67
996,05	61,44
996,22	18,43
996,38	12,29
996,55	-26,62
996,72	55,30
996,88	-4,10
997,05	155,65
997,22	-22,53
997,39	32,77
997,55	18,43
997,72	-34,82
997,89	-30,72
998,06	86,01
998,22	63,49
998,39	6,14
998,56	0,00
998,73	120,83
998,89	38,91
999,06	71,68
999,23	61,44
999,39	40,96
999,56	69,63
999,73	-18,43
999,90	22,53
1000,06	59,39
1000,23	16,38
1000,40	124,93
1000,56	57,34
1000,73	-26,62
1000,90	26,62
1001,06	-16,38
1001,23	-24,58
1001,40	26,62
1001,57	65,54
1001,73	16,38
1001,90	26,62
1002,07	-16,38
1002,23	8,19
1002,40	-6,14
1002,57	49,15
1002,73	-75,77
1002,90	69,63
1003,07	40,96
1003,23	20,48
1003,40	-32,77
1003,57	69,63
1003,73	79,87
1003,90	28,67
1004,07	24,58
1004,23	22,53
1004,40	40,96
1004,57	75,77
1004,73	-6,14
1004,90	-6,14
1005,07	65,54
1005,23	114,69
1005,40	69,63
1005,57	-4,10
1005,73	53,25
1005,90	47,10
1006,07	75,77
1006,23	18,43
1006,40	79,87
1006,57	137,21
1006,73	26,62
1006,90	174,08
1007,06	67,58
1007,23	22,53
1007,40	-32,77
1007,56	59,39
1007,73	-24,58
1007,90	-22,53
1008,06	147,45
1008,23	36,86
1008,40	14,34
1008,56	83,97
1008,73	-10,24
1008,89	65,54
1009,06	110,59
1009,23	59,39
1009,39	55,30
1009,56	43,01
1009,72	18,43
1009,89	10,24
1010,06	8,19
1010,22	-24,58
1010,39	73,73
1010,55	10,24
1010,72	96,25
1010,89	20,48
1011,05	38,91
1011,22	116,73
1011,38	-10,24
1011,55	86,01
1011,72	-30,72
1011,88	43,01
1012,05	-53,25
1012,21	0,00
1012,38	59,39
1012,55	26,62
1012,71	45,06
1012,88	135,17
1013,04	65,54
1013,21	114,69
1013,37	28,67
1013,54	-92,16
1013,71	143,36
1013,87	43,01
1014,04	124,93
1014,20	-34,82
1014,37	28,67
1014,53	-110,59
1014,70	122,88
1014,87	43,01
1015,03	67,58
1015,20	129,02
1015,36	-40,96
1015,53	53,25
1015,69	-6,14
1015,86	-20,48
1016,02	8,19
1016,19	14,34
1016,36	34,82
1016,52	6,14
1016,69	-47,10
1016,85	-14,34
1017,02	-36,86
1017,18	61,44
1017,35	-40,96
1017,51	124,93
1017,68	143,36
1017,84	47,10
1018,01	14,34
1018,17	90,11
1018,34	45,06
1018,50	-59,39
1018,67	57,34
1018,84	24,58
1019,00	61,44
1019,17	94,21
1019,33	98,30
1019,50	40,96
1019,66	18,43
1019,83	20,48
1019,99	-53,25
1020,16	49,15
1020,32	75,77
1020,49	-59,39
1020,65	32,77
1020,82	32,77
1020,98	34,82
1021,15	-22,53
1021,31	61,44
1021,48	-38,91
1021,64	55,30
1021,81	8,19
1021,97	22,53
1022,14	73,73
1022,30	28,67
1022,47	81,92
1022,63	16,38
1022,79	-10,24
1022,96	-45,06
1023,12	118,78
1023,29	40,96
1023,45	36,86
1023,62	69,63
1023,78	20,48
1023,95	40,96
1024,11	-10,24
1024,28	69,63
1024,44	-8,19
1024,61	-20,48
1024,77	-24,58
1024,94	133,12
1025,10	83,97
1025,26	-28,67
1025,43	-36,86
1025,59	81,92
1025,76	145,41
1025,92	16,38
1026,09	-10,24
1026,25	-55,30
1026,42	-2,05
1026,58	26,62
1026,74	59,39
1026,91	-8,19
1027,07	98,30
1027,24	47,10
1027,40	-49,15
1027,57	30,72
1027,73	51,20
1027,90	55,30
1028,06	65,54
1028,22	-8,19
1028,39	-61,44
1028,55	-18,43
1028,72	53,25
1028,88	4,10
1029,04	-6,14
1029,21	77,82
1029,37	73,73
1029,54	116,73
1029,70	18,43
1029,87	30,72
1030,03	-2,05
1030,19	53,25
1030,36	61,44
1030,52	47,10
1030,69	49,15
1030,85	-22,53
1031,01	-71,68
1031,18	-36,86
1031,34	178,17
1031,50	-28,67
1031,67	61,44
1031,83	43,01
1032,00	-59,39
1032,16	126,97
1032,32	75,77
1032,49	67,58
1032,65	73,73
1032,82	73,73
1032,98	-12,29
1033,14	-10,24
1033,31	135,17
1033,47	100,35
1033,63	88,06
1033,80	47,10
1033,96	6,14
1034,13	63,49
1034,29	4,10
1034,45	34,82
1034,62	16,38
1034,78	16,38
1034,94	77,82
1035,11	38,91
1035,27	135,17
1035,43	57,34
1035,60	102,40
1035,76	32,77
1035,92	77,82
1036,09	30,72
1036,25	118,78
1036,41	83,97
1036,58	20,48
1036,74	69,63
1036,90	86,01
1037,07	34,82
1037,23	-22,53
1037,39	38,91
1037,56	28,67
1037,72	-6,14
1037,88	61,44
1038,05	26,62
1038,21	139,26
1038,37	-8,19
1038,54	75,77
1038,70	-73,73
1038,86	-12,29
1039,03	-49,15
1039,19	61,44
1039,35	38,91
1039,52	61,44
1039,68	-10,24
1039,84	26,62
1040,00	0,00
1040,17	0,00
1040,33	34,82
1040,49	-30,72
1040,66	38,91
1040,82	-81,92
1040,98	2,05
1041,15	112,64
1041,31	-4,10
1041,47	-26,62
1041,63	174,08
1041,80	38,91
1041,96	122,88
1042,12	49,15
1042,29	24,58
1042,45	92,16
1042,61	14,34
1042,77	40,96
1042,94	36,86
1043,10	-4,10
1043,26	-32,77
1043,42	94,21
1043,59	-57,34
1043,75	-12,29
1043,91	34,82
1044,07	-47,10
1044,24	26,62
1044,40	32,77
