345,22	-40,96
345,44	-40,96
345,66	-40,96
345,88	28,67
346,10	30,72
346,32	22,53
346,54	49,15
346,75	83,97
346,97	-67,58
347,19	-8,19
347,41	57,34
347,63	-67,58
347,85	8,19
348,07	22,53
348,29	32,77
348,51	38,91
348,73	-24,58
348,95	-14,34
349,16	40,96
349,38	16,38
349,60	53,25
349,82	18,43
350,04	16,38
350,26	-86,01
350,48	0,00
350,70	73,73
350,92	129,02
351,14	75,77
351,35	153,60
351,57	16,38
351,79	86,01
352,01	8,19
352,23	-47,10
352,45	47,10
352,67	59,39
352,89	86,01
353,10	106,49
353,32	2,05
353,54	106,49
353,76	63,49
353,98	86,01
354,20	22,53
354,42	49,15
354,64	-20,48
354,85	131,07
355,07	112,64
355,29	98,30
355,51	18,43
355,73	63,49
355,95	57,34
356,17	88,06
356,38	32,77
356,60	12,29
356,82	-20,48
357,04	30,72
357,26	36,86
357,48	8,19
357,69	26,62
357,91	102,40
358,13	10,24
358,35	53,25
358,57	71,68
358,79	12,29
359,01	34,82
359,22	-20,48
359,44	20,48
359,66	45,06
359,88	12,29
360,10	59,39
360,32	65,54
360,53	18,43
360,75	10,24
360,97	83,97
361,19	2,05
361,41	-6,14
361,62	73,73
361,84	-34,82
362,06	40,96
362,28	18,43
362,50	118,78
362,72	32,77
362,93	-20,48
363,15	63,49
363,37	2,05
363,59	106,49
363,81	30,72
364,02	59,39
364,24	24,58
364,46	-18,43
364,68	22,53
364,90	100,35
365,11	43,01
365,33	73,73
365,55	133,12
365,77	10,24
365,99	-26,62
366,20	73,73
366,42	-26,62
366,64	51,20
366,86	112,64
367,07	47,10
367,29	-2,05
367,51	51,20
367,73	-20,48
367,95	-92,16
368,16	51,20
368,38	47,10
368,60	104,45
368,82	-32,77
369,03	38,91
369,25	120,83
369,47	104,45
369,69	-65,54
369,91	-18,43
370,12	-8,19
370,34	114,69
370,56	0,00
370,78	36,86
370,99	102,40
371,21	161,79
371,43	45,06
371,65	104,45
371,86	2,05
372,08	161,79
372,30	-55,30
372,52	75,77
372,73	71,68
372,95	43,01
373,17	116,73
373,39	32,77
373,60	73,73
373,82	51,20
374,04	129,02
374,26	43,01
374,47	133,12
374,69	-20,48
374,91	81,92
375,12	28,67
375,34	-12,29
375,56	12,29
375,78	88,06
375,99	135,17
376,21	61,44
376,43	-30,72
376,65	20,48
376,86	36,86
377,08	126,97
377,30	-38,91
377,51	36,86
377,73	81,92
377,95	-6,14
378,17	55,30
378,38	51,20
378,60	69,63
378,82	65,53
379,03	102,40
379,25	12,29
379,47	73,73
379,68	14,34
379,90	55,30
380,12	83,97
380,34	16,38
380,55	-53,25
380,77	10,24
380,99	30,72
381,20	96,25
381,42	-67,58
381,64	-53,25
381,85	-32,77
382,07	-47,10
382,29	71,68
382,50	67,58
382,72	110,59
382,94	86,01
383,15	104,45
383,37	-2,05
383,59	112,64
383,80	-4,10
384,02	2,05
384,24	0,00
384,45	-12,29
384,67	63,49
384,89	49,15
385,10	10,24
385,32	20,48
385,54	59,39
385,75	-34,82
385,97	88,06
386,19	34,82
386,40	-10,24
386,62	8,19
386,84	36,86
387,05	4,10
387,27	151,55
387,49	-77,82
387,70	-4,10
387,92	69,63
388,14	40,96
388,35	143,36
388,57	-2,05
388,79	32,77
389,00	98,30
389,22	-53,25
389,43	118,78
389,65	30,72
389,87	43,01
390,08	-8,19
390,30	-14,34
390,52	43,01
390,73	63,49
390,95	96,25
391,17	59,39
391,38	120,83
391,60	-20,48
391,81	-22,53
392,03	26,62
392,25	116,73
392,46	100,35
392,68	2,05
392,89	-22,53
393,11	36,86
393,33	65,54
393,54	51,20
393,76	43,01
393,98	-18,43
394,19	2,05
394,41	79,87
394,62	24,58
394,84	49,15
395,06	30,72
395,27	34,82
395,49	155,65
395,70	16,38
395,92	63,49
396,13	8,19
396,35	-49,15
396,57	96,25
396,78	-32,77
397,00	20,48
397,21	110,59
397,43	43,01
397,65	92,16
397,86	0,00
398,08	55,30
398,29	100,35
398,51	67,58
398,72	96,25
398,94	77,82
399,16	10,24
399,37	6,14
399,59	-47,10
399,80	71,68
400,02	51,20
400,23	-6,14
400,45	-77,82
400,67	22,53
400,88	10,24
401,10	122,88
401,31	-24,58
401,53	-57,34
401,74	75,77
401,96	-12,29
402,17	-16,38
402,39	67,58
402,61	104,45
402,82	-51,20
403,04	86,01
403,25	32,77
403,47	47,10
403,68	-65,54
403,90	124,93
404,11	34,82
404,33	18,43
404,54	-6,14
404,76	2,05
404,97	-26,62
405,19	71,68
405,41	26,62
405,62	8,19
405,84	22,53
406,05	69,63
406,27	18,43
406,48	8,19
406,70	79,87
406,91	-10,24
407,13	104,45
407,34	88,06
407,56	-2,05
407,77	49,15
407,99	-71,68
408,20	-26,62
408,42	-53,25
408,63	-24,58
408,85	47,10
409,06	16,38
409,28	59,39
409,49	69,63
409,71	-2,05
409,92	88,06
410,14	-8,19
410,35	47,10
410,57	-65,54
410,78	81,92
411,00	-61,44
411,21	-43,01
411,43	26,62
411,64	-28,67
411,86	57,34
412,07	-18,43
412,29	-43,01
412,50	69,63
412,72	-77,82
412,93	-63,49
413,15	26,62
413,36	-30,72
413,58	-47,10
413,79	75,77
414,01	26,62
414,22	-26,62
414,43	-18,43
414,65	-30,72
414,86	-49,15
415,08	6,14
415,29	-28,67
415,51	-40,96
415,72	57,34
415,94	-79,87
416,15	-86,01
416,37	100,35
416,58	-163,84
416,80	-16,38
417,01	-51,20
417,22	34,82
417,44	-28,67
417,65	20,48
417,87	59,39
418,08	34,82
418,30	59,39
418,51	-18,43
418,73	-36,86
418,94	43,01
419,15	-55,30
419,37	8,19
419,58	-86,01
419,80	-120,83
420,01	-47,10
420,23	32,77
420,44	-10,24
420,65	-90,11
420,87	-126,97
421,08	-122,88
421,30	-86,01
421,51	-98,30
421,73	32,77
421,94	22,53
422,15	-69,63
422,37	24,58
422,58	-43,01
422,80	-63,49
423,01	61,44
423,22	-61,44
423,44	-59,39
423,65	0,00
423,87	32,77
424,08	-96,25
424,29	-59,39
424,51	8,19
424,72	-92,16
424,94	-184,32
425,15	20,48
425,36	-40,96
425,58	8,19
425,79	-141,31
426,01	-43,01
426,22	-114,69
426,43	75,77
426,65	-124,93
426,86	-34,82
427,08	-6,14
427,29	-98,30
427,50	-73,73
427,72	-112,64
427,93	-86,01
428,14	-71,68
428,36	-94,21
428,57	-151,55
428,79	-32,77
429,00	-77,82
429,21	-133,12
429,43	-118,78
429,64	-98,30
429,85	-90,11
430,07	28,67
430,28	-55,30
430,49	-83,97
430,71	-51,20
430,92	-28,67
431,14	-65,54
431,35	-135,17
431,56	-102,40
431,78	-59,39
431,99	-133,12
432,20	-112,64
432,42	-237,56
432,63	-6,14
432,84	-88,06
433,06	-28,67
433,27	-114,69
433,48	-192,51
433,70	-190,46
433,91	-131,07
434,12	-172,03
434,34	-47,10
434,55	-198,65
434,76	-108,54
434,98	-227,32
435,19	-233,47
435,40	-186,37
435,62	-124,93
435,83	-104,45
436,04	-247,80
436,26	-167,93
436,47	-108,54
436,68	-131,07
436,90	-249,85
437,11	-180,22
437,32	-276,48
437,54	-155,65
437,75	-188,41
437,96	-229,37
438,17	-180,22
438,39	-204,80
438,60	-204,80
438,81	-157,69
439,03	-243,71
439,24	-210,94
439,45	-172,03
439,67	-339,96
439,88	-219,13
440,09	-176,13
440,30	-217,08
440,52	-223,23
440,73	-182,27
440,94	-331,77
441,16	-317,44
441,37	-192,51
441,58	-288,76
441,80	-368,63
442,01	-217,08
442,22	-206,84
442,43	-307,20
442,65	-307,20
442,86	-223,23
443,07	-280,57
443,28	-307,20
443,50	-280,57
443,71	-317,44
443,92	-182,27
444,14	-231,42
444,35	-348,15
444,56	-350,20
444,77	-342,01
444,99	-421,88
445,20	-356,35
445,41	-303,10
445,62	-268,28
445,84	-309,24
446,05	-329,72
446,26	-329,72
446,47	-268,28
446,69	-423,93
446,90	-364,54
447,11	-419,83
447,32	-385,02
447,54	-428,03
447,75	-366,59
447,96	-393,21
448,17	-436,22
448,39	-370,68
448,60	-356,35
448,81	-352,25
449,02	-313,34
449,23	-452,60
449,45	-362,49
449,66	-352,25
449,87	-364,54
450,08	-466,94
450,30	-460,79
450,51	-401,40
450,72	-397,31
450,93	-479,22
451,15	-380,92
451,36	-335,87
451,57	-495,61
451,78	-417,79
451,99	-378,87
452,21	-417,79
452,42	-284,67
452,63	-448,51
452,84	-452,60
453,05	-331,77
453,27	-358,39
453,48	-362,49
453,69	-387,07
453,90	-376,83
454,11	-421,88
454,33	-321,53
454,54	-407,55
454,75	-409,59
454,96	-350,20
455,17	-425,98
455,39	-430,07
455,60	-389,11
455,81	-411,64
456,02	-368,63
456,23	-346,11
456,45	-509,94
456,66	-315,39
456,87	-526,33
457,08	-464,89
457,29	-372,73
457,50	-362,49
457,72	-272,38
457,93	-333,82
458,14	-339,96
458,35	-411,64
458,56	-380,92
458,77	-319,48
458,99	-327,68
459,20	-288,76
459,41	-440,31
459,62	-335,87
459,83	-444,41
460,04	-428,03
460,26	-346,11
460,47	-329,72
460,68	-434,17
460,89	-440,31
461,10	-290,81
461,31	-335,87
461,52	-348,15
461,74	-401,40
461,95	-415,74
462,16	-452,60
462,37	-411,64
462,58	-325,63
462,79	-399,35
463,00	-368,63
463,22	-337,91
463,43	-284,67
463,64	-301,05
463,85	-376,83
464,06	-415,74
464,27	-335,87
464,48	-327,67
464,70	-294,91
464,91	-319,48
465,12	-317,44
465,33	-399,35
465,54	-325,63
465,75	-344,06
465,96	-448,51
466,17	-415,74
466,38	-378,87
466,60	-358,39
466,81	-323,58
467,02	-299,00
467,23	-403,45
467,44	-401,40
467,65	-434,17
467,86	-301,05
468,07	-339,96
468,28	-278,52
468,50	-346,11
468,71	-421,88
468,92	-299,00
469,13	-327,67
469,34	-292,86
469,55	-399,35
469,76	-395,26
469,97	-464,89
470,18	-348,15
470,39	-325,63
470,60	-411,64
470,82	-389,11
471,03	-309,24
471,24	-387,07
471,45	-323,58
471,66	-327,67
471,87	-458,74
472,08	-432,12
472,29	-313,34
472,50	-399,35
472,71	-382,97
472,92	-288,76
473,13	-401,40
473,34	-389,11
473,55	-348,15
473,77	-419,83
473,98	-380,92
474,19	-428,03
474,40	-385,02
474,61	-378,87
474,82	-352,25
475,03	-466,94
475,24	-448,51
475,45	-456,70
475,66	-284,67
475,87	-337,91
476,08	-397,31
476,29	-368,63
476,50	-350,20
476,71	-440,31
476,92	-358,39
477,13	-366,59
477,34	-376,83
477,55	-366,59
477,76	-485,37
477,97	-382,97
478,18	-417,79
478,40	-495,61
478,61	-432,12
478,82	-491,51
479,03	-309,24
479,24	-421,88
479,45	-393,21
479,66	-385,02
479,87	-462,84
480,08	-518,14
480,29	-434,17
480,50	-561,14
480,71	-516,09
480,92	-534,52
481,13	-483,32
481,34	-532,47
481,55	-468,98
481,76	-411,64
481,97	-354,30
482,18	-432,12
482,39	-552,95
482,60	-485,37
482,81	-514,04
483,02	-391,16
483,23	-511,99
483,44	-485,37
483,65	-569,34
483,86	-477,18
484,07	-634,87
484,28	-428,03
484,49	-485,37
484,70	-534,52
484,91	-368,63
485,12	-493,56
485,33	-520,18
485,54	-548,86
485,75	-485,37
485,96	-620,53
486,17	-585,72
486,38	-468,98
486,59	-516,09
486,80	-505,85
487,01	-471,03
487,21	-550,90
487,42	-526,33
487,63	-636,92
487,84	-520,18
488,05	-428,03
488,26	-612,34
488,47	-587,77
488,68	-579,58
488,89	-602,10
489,10	-591,86
489,31	-520,18
489,52	-454,65
489,73	-569,34
489,94	-575,48
490,15	-571,38
490,36	-675,83
490,57	-645,11
490,78	-575,48
490,99	-634,87
491,20	-745,46
491,41	-579,58
491,61	-714,74
491,82	-620,53
492,03	-583,67
492,24	-559,10
492,45	-622,58
492,66	-612,34
492,87	-645,11
493,08	-708,60
493,29	-598,01
493,50	-602,10
493,71	-587,77
493,92	-727,03
494,13	-628,73
494,34	-710,65
494,54	-704,50
494,75	-698,36
494,96	-647,16
495,17	-659,45
495,38	-784,37
495,59	-653,30
495,80	-681,97
496,01	-624,63
496,22	-706,55
496,43	-661,49
496,64	-651,25
496,84	-688,12
497,05	-669,69
497,26	-655,35
497,47	-714,74
497,68	-720,88
497,89	-628,73
498,10	-704,50
498,31	-749,56
498,52	-686,07
498,72	-696,31
498,93	-712,69
499,14	-866,29
499,35	-710,65
499,56	-706,55
499,77	-671,73
499,98	-700,41
500,19	-710,65
500,40	-743,41
500,60	-788,47
500,81	-772,08
501,02	-778,23
501,23	-733,17
501,44	-692,21
501,65	-714,74
501,86	-864,24
502,06	-749,56
502,27	-741,36
502,48	-718,84
502,69	-698,36
502,90	-788,47
503,11	-745,46
503,32	-813,04
503,53	-841,72
503,73	-761,84
503,94	-806,90
504,15	-776,18
504,36	-792,56
504,57	-790,52
504,78	-808,95
504,98	-727,03
505,19	-890,87
505,40	-897,01
505,61	-825,33
505,82	-933,87
506,03	-739,32
506,23	-819,19
506,44	-831,48
506,65	-890,87
506,86	-845,81
507,07	-798,71
507,28	-817,14
507,48	-780,28
507,69	-727,03
507,90	-886,77
508,11	-878,58
508,32	-843,76
508,53	-892,91
508,73	-739,32
508,94	-794,61
509,15	-757,75
509,36	-821,24
509,57	-862,19
509,77	-862,19
509,98	-784,37
510,19	-884,72
510,40	-767,99
510,61	-860,15
510,81	-757,75
511,02	-866,29
511,23	-811,00
511,44	-727,03
511,65	-802,80
511,85	-845,81
512,06	-862,19
512,27	-845,81
512,48	-890,87
512,69	-849,91
512,89	-927,73
513,10	-950,26
513,31	-890,87
513,52	-827,38
513,73	-903,15
513,93	-911,35
514,14	-880,63
514,35	-874,48
514,56	-948,21
514,76	-933,87
514,97	-882,67
515,18	-927,73
515,39	-794,61
515,60	-956,40
515,80	-872,43
516,01	-899,06
516,22	-890,87
516,43	-843,76
516,63	-817,14
516,84	-976,88
517,05	-995,31
517,26	-894,96
517,46	-788,47
517,67	-958,45
517,88	-827,38
518,09	-954,35
518,29	-993,26
518,50	-718,84
518,71	-937,97
518,92	-876,53
519,12	-892,91
519,33	-866,29
519,54	-927,73
519,75	-1021,94
519,95	-927,73
520,16	-995,31
520,37	-993,26
520,57	-888,82
520,78	-980,98
520,99	-1015,79
521,20	-1032,18
521,40	-907,25
521,61	-985,07
521,82	-1099,76
522,03	-919,54
522,23	-944,11
522,44	-958,45
522,65	-993,26
522,85	-1085,42
523,06	-1003,50
523,27	-1030,13
523,48	-837,62
523,68	-1005,55
523,89	-858,10
524,10	-952,31
524,30	-1089,52
524,51	-901,11
524,72	-1026,03
524,93	-987,12
525,13	-950,26
525,34	-1009,65
525,55	-929,78
525,75	-962,55
525,96	-966,64
526,17	-983,02
526,37	-946,16
526,58	-933,87
526,79	-1050,61
526,99	-1060,85
527,20	-854,00
527,41	-1132,53
527,62	-1026,03
527,82	-1019,89
528,03	-983,02
528,24	-917,49
528,44	-954,35
528,65	-937,97
528,86	-1009,65
529,06	-1101,81
529,27	-1042,42
529,48	-999,41
529,68	-974,83
529,89	-1052,66
530,10	-1011,70
530,30	-1032,18
530,51	-1060,85
530,72	-935,92
530,92	-1052,66
531,13	-1062,90
531,34	-1146,86
531,54	-1036,27
531,75	-1042,42
531,96	-1028,08
532,16	-1126,38
532,37	-1056,75
532,57	-1054,70
532,78	-995,31
532,99	-1028,08
533,19	-1097,71
533,40	-1081,33
533,61	-1021,94
533,81	-931,83
534,02	-1005,55
534,23	-972,79
534,43	-935,92
534,64	-1036,27
534,84	-1163,25
535,05	-1046,51
535,26	-1048,56
535,46	-1042,42
535,67	-1046,51
535,88	-1052,66
536,08	-980,98
536,29	-1114,09
536,49	-1044,46
536,70	-1062,90
536,91	-1048,56
537,11	-946,16
537,32	-1103,86
537,53	-1030,13
537,73	-1099,76
537,94	-1114,10
538,14	-980,98
538,35	-1036,27
538,56	-1173,49
538,76	-1136,62
538,97	-1054,70
539,17	-1087,47
539,38	-1054,70
539,59	-972,79
539,79	-997,36
540,00	-1124,33
540,20	-1103,86
540,41	-989,17
540,62	-1001,46
540,82	-960,50
541,03	-1066,99
541,23	-1036,27
541,44	-1206,25
541,64	-1083,38
541,85	-1015,79
542,06	-999,41
542,26	-1066,99
542,47	-1097,71
542,67	-1062,90
542,88	-1040,37
543,08	-952,31
543,29	-1165,29
543,50	-1103,86
543,70	-1048,56
543,91	-915,44
544,11	-880,63
544,32	-995,31
544,52	-1023,98
544,73	-980,98
544,94	-1177,58
545,14	-1089,52
545,35	-1034,22
545,55	-1105,90
545,76	-1110,00
545,96	-983,02
546,17	-962,55
546,37	-1122,29
546,58	-1089,52
546,78	-1054,70
546,99	-1028,08
547,20	-1011,70
547,40	-1161,20
547,61	-1026,03
547,81	-997,36
548,02	-1023,98
548,22	-888,82
548,43	-1060,85
548,63	-1089,52
548,84	-1005,55
549,04	-1066,99
549,25	-1062,90
549,45	-980,98
549,66	-935,92
549,86	-954,35
550,07	-1019,89
550,27	-1007,60
550,48	-911,35
550,69	-976,88
550,89	-1042,42
551,10	-874,48
551,30	-1007,60
551,51	-1038,32
551,71	-817,14
551,92	-880,63
552,12	-983,02
552,33	-952,31
552,53	-1069,04
552,74	-847,86
552,94	-876,53
553,15	-907,25
553,35	-858,10
553,56	-774,13
553,76	-942,07
553,97	-745,46
554,17	-800,76
554,38	-739,32
554,58	-737,27
554,79	-907,25
554,99	-864,24
555,19	-991,22
555,40	-698,36
555,60	-778,23
555,81	-727,03
556,01	-790,52
556,22	-811,00
556,42	-692,21
556,63	-712,69
556,83	-598,01
557,04	-747,51
557,24	-561,14
557,45	-675,83
557,65	-729,08
557,86	-491,51
558,06	-526,33
558,27	-499,70
558,47	-606,20
558,67	-536,57
558,88	-495,61
559,08	-534,52
559,29	-493,56
559,49	-460,79
559,70	-440,31
559,90	-370,68
560,11	-616,44
560,31	-395,26
560,52	-292,86
560,72	-276,48
560,92	-260,09
561,13	-276,48
561,33	-266,24
561,54	-241,66
561,74	-81,92
561,95	8,19
562,15	-59,39
562,35	53,25
562,56	30,72
562,76	182,27
562,97	202,75
563,17	210,94
563,38	186,37
563,58	331,77
563,78	413,69
563,99	419,83
564,19	456,70
564,40	522,23
564,60	624,63
564,80	716,79
565,01	868,34
565,21	909,30
565,42	913,39
565,62	970,74
565,83	999,41
566,03	1241,07
566,23	1456,11
566,44	1316,84
566,64	1402,86
566,85	1542,12
567,05	1665,00
567,25	1980,39
567,46	1976,29
567,66	2050,02
567,86	2211,81
568,07	2361,31
568,27	2523,10
568,48	2768,85
568,68	2775,00
568,88	2955,22
569,09	2846,68
569,29	3217,36
569,50	3387,34
569,70	3594,19
569,90	3729,35
570,11	3725,26
570,31	4173,76
570,51	4018,11
570,72	4523,96
570,92	4700,09
571,13	4855,73
571,33	5220,27
571,53	5273,52
571,74	5588,91
571,94	5556,14
572,14	5910,44
572,35	6043,56
572,55	6176,67
572,75	6672,28
572,96	6729,63
573,16	7073,68
573,36	7344,02
573,57	7454,61
573,77	7550,86
573,97	7980,93
574,18	8157,06
574,38	8546,17
574,59	8886,14
574,79	9164,66
574,99	9467,76
575,20	9795,43
575,40	10004,33
575,60	10229,60
575,81	10590,05
576,01	10944,35
576,21	11317,08
576,42	11439,95
576,62	11829,07
576,82	12152,65
577,02	12607,30
577,23	12685,12
577,43	13145,91
577,63	13778,73
577,84	14217,00
578,04	14319,40
578,24	14788,38
578,45	14980,89
578,65	15353,62
578,85	15806,22
579,06	16127,75
579,26	16598,79
579,46	17432,31
579,67	17671,92
579,87	18323,18
580,07	18374,38
580,27	19035,87
580,48	19388,12
580,68	20233,93
580,88	20123,34
581,09	20995,78
581,29	21251,77
581,49	21919,41
581,69	22415,02
581,90	22959,78
582,10	23842,45
582,30	24086,16
582,51	24659,59
582,71	25187,97
582,91	26070,64
583,11	26592,87
583,32	27098,72
583,52	28087,89
583,72	28749,39
583,93	29236,80
584,13	30326,32
584,33	30563,89
584,53	31610,40
584,74	32194,07
584,94	33142,28
585,14	34018,81
585,34	34981,35
585,55	35452,39
585,75	36396,50
585,95	37086,67
586,15	38120,89
586,36	38985,13
586,56	39564,71
586,76	40267,16
586,96	41450,89
587,17	42220,92
587,37	42900,85
587,57	43636,07
587,77	44944,72
587,98	45624,65
588,18	46005,57
588,38	47062,32
588,58	47572,27
588,79	48532,76
588,99	48540,96
589,19	49919,24
589,39	50363,65
589,60	50650,36
589,80	51160,31
590,00	52251,87
590,20	52684,00
590,40	52923,61
590,61	53019,86
590,81	53562,57
591,01	54041,80
591,21	54203,59
591,42	54103,24
591,62	54480,06
591,82	54273,22
592,02	54473,92
592,22	54953,15
592,43	54459,58
592,63	54422,72
592,83	54015,18
593,03	53861,58
593,23	53787,85
593,44	53513,42
593,64	52458,72
593,84	52565,21
594,04	51870,95
594,24	51229,94
594,45	50955,51
594,65	50195,71
594,85	49485,07
595,05	48325,92
595,25	47775,02
595,46	46634,30
595,66	46155,07
595,86	45423,95
596,06	44389,72
596,26	43445,61
596,46	42470,78
596,67	41180,56
596,87	40369,56
597,07	39392,68
597,27	38198,71
597,47	37420,48
597,67	36208,09
597,88	35395,04
598,08	34278,90
598,28	33197,57
598,48	32073,24
598,68	31313,44
598,88	30217,78
599,09	28913,22
599,29	27981,40
599,49	27569,76
599,69	26379,89
599,89	25497,21
600,09	24815,24
600,30	23563,93
600,50	22888,10
600,70	22271,66
600,90	21241,53
601,10	20412,10
601,30	19914,45
601,50	19203,80
601,71	18161,39
601,91	17858,29
602,11	17098,49
602,31	16516,87
602,51	15892,24
602,71	15279,89
602,91	15157,02
603,11	14311,21
603,32	13735,73
603,52	13287,22
603,72	12916,54
603,92	12439,36
604,12	11773,77
604,32	11468,62
604,52	11235,16
604,72	10870,62
604,93	10422,11
605,13	10329,95
605,33	9604,97
605,53	9588,59
605,73	8929,14
605,93	8759,16
606,13	8427,39
606,33	8169,35
606,53	8021,89
606,74	7675,79
606,94	7454,61
607,14	7137,17
607,34	6872,98
607,54	6692,76
607,74	6432,67
607,94	6225,82
608,14	5975,97
608,34	5863,33
608,54	5595,05
608,74	5279,66
608,95	5210,03
609,15	4976,56
609,35	4698,04
609,55	4718,52
609,75	4499,39
609,95	4523,96
610,15	4040,64
610,35	4016,07
610,55	3782,60
610,75	3624,90
610,95	3579,85
611,15	3297,23
611,35	3129,30
611,55	3196,88
611,76	3094,48
611,96	3004,37
612,16	2695,13
612,36	2801,62
612,56	2615,26
612,76	2521,05
612,96	2336,73
613,16	2383,84
613,36	2170,85
613,56	2072,54
613,76	2035,68
613,96	2033,63
614,16	1933,28
614,36	1859,56
614,56	1695,72
614,76	1751,01
614,96	1683,43
615,16	1415,15
615,36	1423,34
615,56	1261,55
615,76	1499,11
615,97	1255,40
616,17	1071,09
616,37	1130,48
616,57	1230,83
616,77	972,79
616,97	831,48
617,17	856,05
617,37	890,87
617,57	921,59
617,77	911,35
617,97	516,09
618,17	716,79
618,37	786,42
618,57	544,76
618,77	577,53
618,97	473,08
619,17	524,28
619,37	520,18
619,57	372,73
619,77	364,54
619,97	413,69
620,17	221,18
620,37	389,11
620,57	253,95
620,77	309,24
620,97	227,32
621,17	145,41
621,37	139,26
621,57	135,17
621,77	71,68
621,97	124,93
622,17	-45,06
622,37	79,87
622,57	-118,78
622,77	-45,06
622,97	-49,15
623,17	38,91
623,37	40,96
623,57	75,77
623,77	-137,21
623,97	-69,63
624,16	-159,74
624,36	-79,87
624,56	-198,65
624,76	-90,11
624,96	-167,93
625,16	-210,94
625,36	-194,56
625,56	-292,86
625,76	-202,75
625,96	-266,24
626,16	-323,58
626,36	-182,27
626,56	-268,28
626,76	-282,62
626,96	-327,67
627,16	-352,25
627,36	-425,98
627,56	-278,52
627,76	-311,29
627,96	-446,46
628,16	-344,06
628,35	-374,78
628,55	-446,46
628,75	-333,82
628,95	-389,11
629,15	-409,59
629,35	-393,21
629,55	-337,91
629,75	-487,42
629,95	-378,87
630,15	-387,07
630,35	-401,40
630,55	-530,42
630,75	-434,17
630,95	-411,64
631,14	-579,58
631,34	-403,45
631,54	-450,55
631,74	-436,22
631,94	-489,46
632,14	-495,61
632,34	-444,41
632,54	-522,23
632,74	-483,32
632,94	-624,63
633,14	-458,75
633,33	-481,27
633,53	-464,89
633,73	-608,25
633,93	-442,36
634,13	-518,14
634,33	-466,94
634,53	-413,69
634,73	-573,43
634,93	-516,09
635,12	-524,28
635,32	-532,47
635,52	-559,10
635,72	-471,03
635,92	-542,71
636,12	-587,77
636,32	-614,39
636,52	-645,11
636,71	-524,28
636,91	-501,75
637,11	-540,66
637,31	-610,29
637,51	-530,42
637,71	-501,75
637,91	-569,34
638,11	-620,53
638,30	-636,92
638,50	-528,38
638,70	-509,94
638,90	-565,24
639,10	-432,12
639,30	-626,68
639,50	-612,34
639,69	-622,58
639,89	-675,83
640,09	-626,68
640,29	-458,74
640,49	-624,63
640,69	-536,57
640,88	-444,41
641,08	-583,67
641,28	-462,84
641,48	-579,58
641,68	-571,38
641,88	-634,87
642,07	-602,10
642,27	-491,51
642,47	-546,81
642,67	-548,86
642,87	-569,34
643,07	-458,74
643,26	-518,14
643,46	-622,58
643,66	-608,25
643,86	-522,23
644,06	-559,10
644,26	-518,14
644,45	-565,24
644,65	-587,77
644,85	-612,34
645,05	-577,53
645,25	-487,42
645,44	-561,14
645,64	-532,47
645,84	-509,94
646,04	-509,94
646,24	-536,57
646,43	-511,99
646,63	-587,77
646,83	-428,03
647,03	-618,49
647,23	-526,33
647,42	-436,22
647,62	-632,82
647,82	-495,61
648,02	-567,29
648,22	-552,95
648,41	-395,26
648,61	-567,29
648,81	-559,10
649,01	-507,90
649,20	-526,33
649,40	-571,38
649,60	-466,94
649,80	-651,25
650,00	-417,79
650,19	-518,14
650,39	-579,58
650,59	-544,76
650,79	-505,85
650,98	-464,89
651,18	-436,22
651,38	-557,05
651,58	-559,10
651,77	-581,62
651,97	-520,18
652,17	-534,52
652,37	-405,50
652,56	-501,75
652,76	-489,46
652,96	-626,68
653,16	-468,98
653,35	-614,39
653,55	-548,86
653,75	-579,58
653,95	-405,50
654,14	-585,72
654,34	-450,55
654,54	-495,61
654,74	-450,55
654,93	-608,25
655,13	-522,23
655,33	-532,47
655,52	-473,08
655,72	-464,89
655,92	-509,94
656,12	-507,90
656,31	-391,16
656,51	-473,08
656,71	-530,42
656,91	-425,98
657,10	-577,53
657,30	-395,26
657,50	-520,18
657,69	-507,90
657,89	-468,98
658,09	-409,59
658,29	-481,27
658,48	-409,59
658,68	-378,87
658,88	-542,71
659,07	-497,66
659,27	-419,83
659,47	-471,03
659,66	-430,07
659,86	-493,56
660,06	-456,70
660,26	-387,07
660,45	-460,79
660,65	-391,16
660,85	-571,38
661,04	-348,15
661,24	-407,55
661,44	-440,31
661,63	-348,15
661,83	-385,02
662,03	-514,04
662,22	-395,26
662,42	-475,13
662,62	-421,88
662,81	-489,46
663,01	-456,70
663,21	-458,74
663,40	-532,47
663,60	-464,89
663,80	-419,83
663,99	-407,55
664,19	-442,36
664,39	-387,07
664,58	-468,98
664,78	-462,84
664,98	-479,22
665,17	-415,74
665,37	-464,89
665,57	-423,93
665,76	-462,84
665,96	-507,90
666,16	-528,38
666,35	-475,13
666,55	-466,94
666,74	-415,74
666,94	-286,72
667,14	-595,96
667,33	-309,24
667,53	-323,58
667,73	-468,98
667,92	-446,46
668,12	-434,17
668,32	-354,30
668,51	-448,51
668,71	-370,68
668,90	-446,46
669,10	-503,80
669,30	-346,11
669,49	-444,41
669,69	-415,74
669,89	-370,68
670,08	-378,87
670,28	-417,79
670,47	-425,98
670,67	-278,52
670,87	-358,39
671,06	-315,39
671,26	-448,51
671,45	-483,32
671,65	-360,44
671,85	-270,33
672,04	-399,35
672,24	-385,02
672,43	-323,58
672,63	-456,70
672,83	-391,16
673,02	-344,06
673,22	-358,39
673,41	-489,46
673,61	-415,74
673,81	-352,25
674,00	-372,73
674,20	-499,70
674,39	-268,28
674,59	-409,59
674,78	-372,73
674,98	-460,79
675,18	-364,54
675,37	-317,44
675,57	-382,97
675,76	-393,21
675,96	-483,32
676,15	-235,52
676,35	-282,62
676,55	-397,31
676,74	-456,70
676,94	-358,39
677,13	-397,31
677,33	-348,15
677,52	-382,97
677,72	-491,51
677,91	-360,44
678,11	-352,25
678,31	-321,53
678,50	-350,20
678,70	-368,63
678,89	-458,74
679,09	-342,01
679,28	-356,35
679,48	-372,73
679,67	-421,88
679,87	-380,92
680,06	-356,35
680,26	-299,00
680,46	-319,48
680,65	-356,35
680,85	-407,55
681,04	-301,05
681,24	-366,59
681,43	-372,73
681,63	-299,00
681,82	-374,78
682,02	-292,86
682,21	-258,04
682,41	-245,76
682,60	-323,58
682,80	-342,01
682,99	-378,87
683,19	-307,20
683,38	-321,53
683,58	-227,32
683,77	-229,37
683,97	-225,28
684,16	-272,38
684,36	-350,20
684,55	-342,01
684,75	-405,50
684,94	-376,83
685,14	-288,76
685,33	-307,20
685,53	-294,91
685,72	-249,85
685,92	-378,87
686,11	-280,57
686,31	-286,72
686,50	-223,23
686,70	-325,63
686,89	-374,78
687,09	-342,01
687,28	-339,96
687,48	-360,44
687,67	-256,00
687,87	-364,54
688,06	-258,04
688,26	-272,38
688,45	-239,61
688,65	-208,89
688,84	-151,55
689,03	-180,22
689,23	-249,85
689,42	-284,67
689,62	-301,05
689,81	-256,00
690,01	-233,47
690,20	-272,38
690,40	-327,67
690,59	-233,47
690,79	-329,72
690,98	-192,51
691,17	-315,39
691,37	-231,42
691,56	-301,05
691,76	-346,11
691,95	-276,48
692,15	-348,15
692,34	-219,13
692,54	-206,84
692,73	-274,43
692,92	-327,68
693,12	-272,38
693,31	-333,82
693,51	-352,25
693,70	-356,35
693,90	-282,62
694,09	-249,85
694,28	-294,91
694,48	-331,77
694,67	-307,20
694,87	-307,20
695,06	-319,48
695,26	-423,93
695,45	-344,06
695,64	-389,11
695,84	-307,20
696,03	-364,54
696,23	-315,39
696,42	-325,63
696,61	-366,59
696,81	-329,72
697,00	-327,67
697,20	-272,38
697,39	-428,03
697,58	-301,05
697,78	-421,88
697,97	-337,91
698,17	-311,29
698,36	-385,02
698,55	-276,48
698,75	-317,44
698,94	-413,69
699,14	-290,81
699,33	-354,30
699,52	-266,24
699,72	-358,39
699,91	-397,31
700,10	-370,68
700,30	-417,79
700,49	-329,72
700,69	-333,82
700,88	-421,88
701,07	-329,72
701,27	-419,83
701,46	-442,36
701,65	-270,33
701,85	-364,54
702,04	-301,05
702,23	-307,20
702,43	-245,76
702,62	-323,58
702,82	-335,87
703,01	-348,15
703,20	-356,35
703,40	-348,15
703,59	-221,18
703,78	-329,72
703,98	-362,49
704,17	-378,87
704,36	-417,79
704,56	-393,21
704,75	-303,10
704,94	-473,08
705,14	-352,25
705,33	-438,27
705,52	-368,63
705,72	-389,11
705,91	-389,11
706,10	-454,65
706,30	-364,54
706,49	-382,97
706,68	-274,43
706,88	-425,98
707,07	-413,69
707,26	-360,44
707,46	-366,59
707,65	-292,86
707,84	-325,63
708,04	-393,21
708,23	-393,21
708,42	-339,96
708,62	-348,15
708,81	-460,79
709,00	-495,61
709,19	-331,77
709,39	-311,29
709,58	-415,74
709,77	-434,17
709,97	-389,11
710,16	-348,15
710,35	-421,88
710,55	-446,46
710,74	-382,97
710,93	-378,87
711,12	-325,63
711,32	-409,59
711,51	-333,82
711,70	-432,12
711,90	-299,00
712,09	-378,87
712,28	-452,60
712,47	-419,83
712,67	-260,09
712,86	-356,35
713,05	-380,92
713,24	-468,98
713,44	-333,82
713,63	-276,48
713,82	-399,35
714,02	-487,42
714,21	-323,58
714,40	-448,51
714,59	-397,31
714,79	-294,91
714,98	-307,20
715,17	-319,48
715,36	-368,63
715,56	-288,76
715,75	-253,95
715,94	-331,77
716,13	-264,19
716,33	-337,91
716,52	-360,44
716,71	-356,35
716,90	-397,31
717,10	-282,62
717,29	-380,92
717,48	-233,47
717,67	-344,06
717,87	-417,79
718,06	-366,59
718,25	-356,35
718,44	-331,77
718,63	-305,15
718,83	-317,44
719,02	-317,44
719,21	-249,85
719,40	-270,33
719,60	-325,63
719,79	-327,67
719,98	-364,54
720,17	-305,15
720,36	-303,10
720,56	-274,43
720,75	-401,40
720,94	-423,93
721,13	-438,27
721,33	-280,57
721,52	-378,87
721,71	-264,19
721,90	-325,63
722,09	-335,87
722,29	-391,16
722,48	-389,11
722,67	-325,63
722,86	-337,91
723,05	-356,35
723,24	-344,06
723,44	-370,68
723,63	-278,52
723,82	-362,49
724,01	-389,11
724,20	-428,03
724,40	-313,34
724,59	-395,26
724,78	-290,81
724,97	-391,16
725,16	-376,83
725,35	-423,93
725,55	-348,15
725,74	-366,59
725,93	-360,44
726,12	-409,59
726,31	-350,20
726,51	-368,63
726,70	-337,91
726,89	-479,22
727,08	-440,31
727,27	-434,17
727,46	-303,10
727,65	-331,77
727,85	-337,91
728,04	-294,91
728,23	-370,68
728,42	-331,77
728,61	-378,87
728,80	-425,98
729,00	-466,94
729,19	-323,58
729,38	-342,01
729,57	-401,40
729,76	-466,94
729,95	-356,35
730,14	-460,79
730,33	-423,93
730,53	-430,07
730,72	-516,09
730,91	-389,11
731,10	-380,92
731,29	-376,83
731,48	-446,46
731,67	-346,11
731,86	-507,90
732,06	-364,54
732,25	-409,59
732,44	-442,36
732,63	-440,31
732,82	-403,45
733,01	-315,39
733,20	-432,12
733,39	-299,00
733,59	-393,21
733,78	-458,75
733,97	-339,96
734,16	-436,22
734,35	-284,67
734,54	-329,72
734,73	-432,12
734,92	-425,98
735,11	-376,83
735,30	-311,29
735,49	-518,14
735,69	-352,25
735,88	-434,17
736,07	-471,03
736,26	-503,80
736,45	-462,84
736,64	-446,46
736,83	-409,59
737,02	-464,89
737,21	-464,89
737,40	-489,46
737,59	-565,24
737,78	-407,55
737,98	-288,76
738,17	-360,44
738,36	-436,22
738,55	-454,65
738,74	-419,83
738,93	-286,72
739,12	-413,69
739,31	-438,27
739,50	-399,35
739,69	-450,55
739,88	-462,84
740,07	-413,69
740,26	-495,61
740,45	-485,37
740,64	-483,32
740,83	-432,12
741,02	-446,46
741,22	-491,51
741,41	-552,95
741,60	-331,77
741,79	-352,25
741,98	-401,40
742,17	-462,84
742,36	-417,79
742,55	-382,97
742,74	-471,03
742,93	-362,49
743,12	-421,88
743,31	-468,98
743,50	-483,32
743,69	-509,94
743,88	-462,84
744,07	-391,16
744,26	-491,51
744,45	-317,44
744,64	-253,95
744,83	-419,83
745,02	-458,74
745,21	-403,45
745,40	-442,36
745,59	-479,22
745,78	-368,63
745,97	-395,26
746,16	-458,74
746,35	-436,22
746,54	-425,98
746,73	-454,65
746,92	-335,87
747,11	-395,26
747,30	-288,76
747,49	-419,83
747,68	-407,55
747,87	-485,37
748,06	-516,09
748,25	-403,45
748,44	-432,12
748,63	-331,77
748,82	-423,93
749,01	-387,07
749,20	-438,27
749,39	-331,77
749,58	-397,31
749,77	-387,07
749,96	-385,02
750,15	-452,60
750,34	-385,02
750,53	-397,31
750,72	-321,53
750,91	-393,21
751,10	-380,92
751,29	-485,37
751,48	-247,80
751,67	-382,97
751,86	-466,94
752,04	-311,29
752,23	-358,39
752,42	-425,98
752,61	-487,42
752,80	-362,49
752,99	-399,35
753,18	-526,33
753,37	-311,29
753,56	-491,51
753,75	-405,50
753,94	-503,80
754,13	-393,21
754,32	-475,13
754,51	-346,11
754,70	-438,27
754,89	-364,54
755,08	-409,59
755,27	-278,52
755,45	-440,31
755,64	-368,63
755,83	-382,97
756,02	-362,49
756,21	-270,33
756,40	-294,91
756,59	-286,72
756,78	-296,96
756,97	-237,56
757,16	-331,77
757,35	-272,38
757,54	-284,67
757,72	-354,30
757,91	-323,58
758,10	-198,65
758,29	-270,33
758,48	-202,75
758,67	-178,17
758,86	-215,04
759,05	-313,34
759,24	-299,00
759,43	-100,35
759,61	-210,94
759,80	-112,64
759,99	-178,17
760,18	-264,19
760,37	-169,98
760,56	-139,26
760,75	-151,55
760,94	-354,30
761,13	-88,06
761,31	-190,46
761,50	-149,50
761,69	-92,16
761,88	-110,59
762,07	-135,17
762,26	-163,84
762,45	-43,01
762,64	-143,36
762,82	-137,21
763,01	-120,83
763,20	-116,73
763,39	-73,73
763,58	-124,93
763,77	-161,79
763,96	-116,73
764,14	-57,34
764,33	-159,74
764,52	-169,98
764,71	-90,11
764,90	-114,69
765,09	-305,15
765,27	-135,17
765,46	-245,76
765,65	-190,46
765,84	-188,41
766,03	-163,84
766,22	-276,48
766,41	-278,52
766,59	-286,72
766,78	-180,22
766,97	-268,28
767,16	-219,13
767,35	-233,47
767,54	-313,34
767,72	-227,32
767,91	-280,57
768,10	-374,78
768,29	-317,44
768,48	-278,52
768,66	-286,72
768,85	-274,43
769,04	-380,92
769,23	-428,03
769,42	-458,75
769,61	-303,10
769,79	-337,91
769,98	-217,08
770,17	-417,79
770,36	-339,96
770,55	-356,35
770,73	-362,49
770,92	-380,92
771,11	-344,06
771,30	-346,11
771,49	-352,25
771,67	-354,30
771,86	-309,24
772,05	-315,39
772,24	-434,17
772,42	-319,48
772,61	-350,20
772,80	-374,78
772,99	-327,67
773,18	-391,16
773,36	-227,32
773,55	-378,87
773,74	-274,43
773,93	-354,30
774,11	-247,80
774,30	-364,54
774,49	-315,39
774,68	-395,26
774,87	-350,20
775,05	-346,11
775,24	-319,48
775,43	-247,80
775,62	-309,24
775,80	-358,39
775,99	-315,39
776,18	-378,87
776,37	-360,44
776,55	-337,91
776,74	-389,11
776,93	-294,91
777,12	-350,20
777,30	-282,62
777,49	-364,54
777,68	-309,24
777,87	-323,58
778,05	-344,06
778,24	-313,34
778,43	-331,77
778,62	-380,92
778,80	-333,82
778,99	-266,24
779,18	-385,02
779,36	-354,30
779,55	-292,86
779,74	-290,81
779,93	-303,10
780,11	-331,77
780,30	-210,94
780,49	-348,15
780,68	-231,42
780,86	-294,91
781,05	-321,53
781,24	-256,00
781,42	-313,34
781,61	-204,80
781,80	-227,32
781,98	-262,14
782,17	-372,73
782,36	-339,96
782,55	-210,94
782,73	-262,14
782,92	-317,44
783,11	-374,78
783,29	-258,04
783,48	-227,32
783,67	-311,29
783,85	-288,76
784,04	-270,33
784,23	-217,08
784,42	-288,76
784,60	-337,91
784,79	-233,47
784,98	-362,49
785,16	-239,61
785,35	-286,72
785,54	-208,89
785,72	-288,76
785,91	-376,83
786,10	-309,24
786,28	-339,96
786,47	-368,63
786,66	-307,20
786,84	-227,32
787,03	-299,00
787,22	-184,32
787,40	-288,76
787,59	-346,11
787,78	-286,72
787,96	-225,28
788,15	-182,27
788,34	-194,56
788,52	-190,46
788,71	-299,00
788,89	-167,93
789,08	-370,68
789,27	-258,04
789,45	-253,95
789,64	-126,97
789,83	-260,09
790,01	-358,39
790,20	-313,34
790,39	-294,91
790,57	-270,33
790,76	-282,62
790,95	-317,44
791,13	-292,86
791,32	-196,61
791,50	-282,62
791,69	-335,87
791,88	-129,02
792,06	-223,23
792,25	-319,48
792,43	-278,52
792,62	-198,65
792,81	-258,04
792,99	-264,19
793,18	-256,00
793,37	-290,81
793,55	-223,23
793,74	-212,99
793,92	-184,32
794,11	-317,44
794,30	-221,18
794,48	-272,38
794,67	-137,21
794,85	-286,72
795,04	-157,69
795,23	-235,52
795,41	-159,74
795,60	-196,61
795,78	-231,42
795,97	-190,46
796,15	-272,38
796,34	-307,20
796,53	-172,03
796,71	-423,93
796,90	-204,80
797,08	-243,71
797,27	-243,71
797,46	-299,00
797,64	-186,37
797,83	-225,28
798,01	-229,37
798,20	-251,90
798,38	-217,08
798,57	-339,96
798,76	-315,39
798,94	-288,76
799,13	-348,15
799,31	-204,80
799,50	-348,15
799,68	-303,10
799,87	-155,65
800,05	-360,44
800,24	-231,42
800,43	-245,76
800,61	-260,09
800,80	-206,84
800,98	-294,91
801,17	-176,13
801,35	-198,65
801,54	-354,30
801,72	-206,84
801,91	-169,98
802,09	-212,99
802,28	-178,17
802,46	-229,37
802,65	-229,37
802,84	-163,84
803,02	-282,62
803,21	-262,14
803,39	-251,90
803,58	-266,24
803,76	-258,04
803,95	-241,66
804,13	-120,83
804,32	-231,42
804,50	-231,42
804,69	-362,49
804,87	-206,84
805,06	-327,67
805,24	-221,18
805,43	-266,24
805,61	-251,90
805,80	-167,93
805,98	-217,08
806,17	-278,52
806,35	-196,61
806,54	-309,24
806,72	-360,44
806,91	-292,86
807,09	-258,04
807,28	-235,52
807,46	-198,65
807,65	-387,07
807,83	-301,05
808,02	-180,22
808,20	-231,42
808,39	-272,38
808,57	-223,23
808,76	-327,68
808,94	-215,04
809,13	-161,79
809,31	-225,28
809,49	-251,90
809,68	-223,23
809,86	-165,89
810,05	-169,98
810,23	-208,89
810,42	-202,75
810,60	-245,76
810,79	-241,66
810,97	-253,95
811,16	-237,56
811,34	-221,18
811,53	-188,41
811,71	-251,90
811,89	-174,08
812,08	-75,77
812,26	-180,22
812,45	-245,76
812,63	-215,04
812,82	-215,04
813,00	-172,03
813,19	-221,18
813,37	-153,60
813,55	-81,92
813,74	-243,71
813,92	-133,12
814,11	-219,13
814,29	-272,38
814,48	-225,28
814,66	-192,51
814,84	-276,48
815,03	-194,56
815,21	-186,37
815,40	-149,50
815,58	-167,93
815,77	-129,02
815,95	-198,65
816,13	-198,65
816,32	-147,45
816,50	-149,50
816,69	-88,06
816,87	-47,10
817,05	-116,73
817,24	-167,93
817,42	-225,28
817,61	-139,26
817,79	-92,16
817,97	-114,69
818,16	-200,70
818,34	-141,31
818,53	-135,17
818,71	-83,97
818,89	-190,46
819,08	-198,65
819,26	-86,01
819,45	-83,97
819,63	-145,41
819,81	-104,45
820,00	-63,49
820,18	-208,89
820,36	-59,39
820,55	-86,01
820,73	-106,49
820,92	-223,23
821,10	-258,04
821,28	-161,79
821,47	-202,75
821,65	-247,80
821,83	-221,18
822,02	-106,49
822,20	-79,87
822,39	-215,04
822,57	-190,46
822,75	-245,76
822,94	-233,47
823,12	-129,02
823,30	-149,50
823,49	-100,35
823,67	-239,61
823,85	-53,25
824,04	-180,22
824,22	-223,23
824,40	-172,03
824,59	-159,74
824,77	-149,50
824,95	-100,35
825,14	-118,78
825,32	-163,84
825,50	-186,37
825,69	-278,52
825,87	-188,41
826,05	-116,73
826,24	-104,45
826,42	-32,77
826,60	-88,06
826,79	-167,93
826,97	-143,36
827,15	-217,08
827,34	-192,51
827,52	-169,98
827,70	-151,55
827,89	-190,46
828,07	-81,92
828,25	-188,41
828,44	-243,71
828,62	-88,06
828,80	-215,04
828,98	-96,25
829,17	-22,53
829,35	-59,39
829,53	-92,16
829,72	-49,15
829,90	-102,40
830,08	-215,04
830,27	-141,31
830,45	-243,71
830,63	-163,84
830,81	-81,92
831,00	-100,35
831,18	-229,37
831,36	-229,37
831,55	-215,04
831,73	-133,12
831,91	-102,40
832,09	-145,41
832,28	-135,17
832,46	-200,70
832,64	-155,65
832,82	-90,11
833,01	-299,00
833,19	-180,22
833,37	-137,21
833,55	-229,37
833,74	-122,88
833,92	-55,30
834,10	-186,37
834,29	-135,17
834,47	-116,73
834,65	-208,89
834,83	-120,83
835,02	-172,03
835,20	-229,37
835,38	-120,83
835,56	-223,23
835,75	-114,69
835,93	-212,99
836,11	-79,87
836,29	-217,08
836,47	-174,08
836,66	-210,94
836,84	-247,80
837,02	-325,63
837,20	-112,64
837,39	-34,82
837,57	-186,37
837,75	-118,78
837,93	-182,27
838,12	-276,48
838,30	-178,17
838,48	-153,60
838,66	-53,25
838,84	-116,73
839,03	-51,20
839,21	-221,18
839,39	-169,98
839,57	-153,60
839,75	-190,46
839,94	-110,59
840,12	-182,27
840,30	-129,02
840,48	-88,06
840,66	-143,36
840,85	-210,94
841,03	-159,74
841,21	-73,73
841,39	-118,78
841,57	-167,93
841,76	-137,21
841,94	-104,45
842,12	-129,02
842,30	-108,54
842,48	-194,56
842,67	-208,89
842,85	-86,01
843,03	-67,58
843,21	-249,85
843,39	-106,49
843,57	-151,55
843,76	-96,25
843,94	-100,35
844,12	-83,97
844,30	-225,28
844,48	-202,75
844,66	-139,26
844,85	-262,14
845,03	-194,56
845,21	-176,13
845,39	-147,45
845,57	-114,69
845,75	-202,75
845,94	-129,02
846,12	-153,60
846,30	-106,49
846,48	-143,36
846,66	-120,83
846,84	-30,72
847,02	-249,85
847,21	-81,92
847,39	-151,55
847,57	-212,99
847,75	-135,17
847,93	-77,82
848,11	-227,32
848,29	-176,13
848,48	-256,00
848,66	-131,07
848,84	-112,64
849,02	-157,69
849,20	-178,17
849,38	-169,98
849,56	-124,93
849,74	-126,97
849,93	-45,06
850,11	-251,90
850,29	-212,99
850,47	-98,30
850,65	8,19
850,83	-172,03
851,01	-161,79
851,19	-292,86
851,37	-139,26
851,56	-118,78
851,74	-182,27
851,92	-163,84
852,10	-96,25
852,28	-79,87
852,46	-104,45
852,64	-141,31
852,82	-131,07
853,00	-65,54
853,18	-24,58
853,37	-79,87
853,55	-81,92
853,73	-102,40
853,91	-79,87
854,09	-77,82
854,27	-137,21
854,45	-129,02
854,63	-188,41
854,81	-45,06
854,99	-137,21
855,17	-186,37
855,35	-69,63
855,53	-133,12
855,72	-129,02
855,90	-159,74
856,08	-155,65
856,26	-65,53
856,44	-126,97
856,62	-96,25
856,80	-88,06
856,98	-100,35
857,16	-36,86
857,34	-182,27
857,52	-16,38
857,70	-36,86
857,88	-178,17
858,06	-129,02
858,24	-86,01
858,42	30,72
858,60	-145,41
858,78	-69,63
858,96	-163,84
859,15	-92,16
859,33	-206,84
859,51	-73,73
859,69	-24,58
859,87	-49,15
860,05	-131,07
860,23	-194,56
860,41	-141,31
860,59	-102,40
860,77	43,01
860,95	-108,54
861,13	-126,97
861,31	-198,65
861,49	-38,91
861,67	-155,65
861,85	-88,06
862,03	-90,11
862,21	-161,79
862,39	-141,31
862,57	-86,01
862,75	-18,43
862,93	-12,29
863,11	-106,49
863,29	-98,30
863,47	-135,17
863,65	-126,97
863,83	-12,29
864,01	-155,65
864,19	-79,87
864,37	-61,44
864,55	-6,14
864,73	-215,04
864,91	-163,84
865,09	-43,01
865,27	-151,55
865,45	-63,49
865,63	-133,12
865,81	-86,01
865,99	-73,73
866,17	-188,41
866,35	-100,35
866,53	-14,34
866,71	-163,84
866,89	-81,92
867,07	-59,39
867,24	-59,39
867,42	-122,88
867,60	-96,25
867,78	-43,01
867,96	-73,73
868,14	-59,39
868,32	-53,25
868,50	-65,54
868,68	-81,92
868,86	-53,25
869,04	-10,24
869,22	-28,67
869,40	-137,21
869,58	-61,44
869,76	-20,48
869,94	-81,92
870,12	-116,73
870,30	-92,16
870,48	-100,35
870,66	-147,45
870,83	-155,65
871,01	-139,26
871,19	-92,16
871,37	-114,69
871,55	-112,64
871,73	-110,59
871,91	-36,86
872,09	-8,19
872,27	-145,41
872,45	-55,30
872,63	-176,13
872,81	-75,77
872,98	-59,39
873,16	22,53
873,34	-102,40
873,52	-131,07
873,70	32,77
873,88	-159,74
874,06	-120,83
874,24	-155,65
874,42	-167,93
874,60	-165,89
874,78	-36,86
874,95	-32,77
875,13	-34,82
875,31	-116,73
875,49	-118,78
875,67	-241,66
875,85	-110,59
876,03	-61,44
876,21	-43,01
876,39	16,38
876,56	-98,30
876,74	-77,82
876,92	-47,10
877,10	-28,67
877,28	-141,31
877,46	-75,77
877,64	-28,67
877,82	-141,31
877,99	-55,30
878,17	-40,96
878,35	-63,49
878,53	-71,68
878,71	26,62
878,89	-137,21
879,07	-45,06
879,24	-79,87
879,42	-75,77
879,60	-133,12
879,78	-151,55
879,96	-55,30
880,14	26,62
880,32	36,86
880,49	-32,77
880,67	-47,10
880,85	-43,01
881,03	-36,86
881,21	-40,96
881,39	0,00
881,56	-61,44
881,74	-90,11
881,92	-40,96
882,10	-36,86
882,28	-75,77
882,46	-141,31
882,63	14,34
882,81	-167,93
882,99	-69,63
883,17	-83,97
883,35	-104,45
883,52	-145,41
883,70	-163,84
883,88	-124,93
884,06	-12,29
884,24	-118,78
884,42	-96,25
884,59	-18,43
884,77	-75,77
884,95	-28,67
885,13	-79,87
885,31	-69,63
885,48	-36,86
885,66	-206,84
885,84	-75,77
886,02	-106,49
886,20	-26,62
886,37	-49,15
886,55	-75,77
886,73	-22,53
886,91	-88,06
887,08	-145,41
887,26	-71,68
887,44	-94,21
887,62	-104,45
887,80	-88,06
887,97	-110,59
888,15	-137,21
888,33	-22,53
888,51	-212,99
888,68	-49,15
888,86	-86,01
889,04	-26,62
889,22	-131,07
889,40	-51,20
889,57	-92,16
889,75	20,48
889,93	-26,62
890,11	-53,25
890,28	-43,01
890,46	-53,25
890,64	-186,37
890,82	-59,39
890,99	-118,78
891,17	-165,89
891,35	-6,14
891,53	-47,10
891,70	24,58
891,88	-45,06
892,06	-55,30
892,24	-12,29
892,41	-47,10
892,59	-106,49
892,77	-73,73
892,94	-65,53
893,12	8,19
893,30	-98,30
893,48	-135,17
893,65	-153,60
893,83	-34,82
894,01	-94,21
894,19	-118,78
894,36	2,05
894,54	-20,48
894,72	-79,87
894,89	-92,16
895,07	-61,44
895,25	6,14
895,43	-100,35
895,60	-20,48
895,78	-120,83
895,96	-90,11
896,13	-40,96
896,31	-71,68
896,49	-73,73
896,66	-110,59
896,84	-26,62
897,02	-26,62
897,20	-135,17
897,37	-196,60
897,55	-71,68
897,73	0,00
897,90	-34,82
898,08	-32,77
898,26	-14,34
898,43	36,86
898,61	16,38
898,79	12,29
898,96	-108,54
899,14	-34,82
899,32	2,05
899,49	-67,58
899,67	-65,54
899,85	24,58
900,02	-10,24
900,20	-40,96
900,38	-61,44
900,55	-86,01
900,73	-51,20
900,91	-26,62
901,08	-59,39
901,26	-79,87
901,44	-32,77
901,61	-38,91
901,79	-165,89
901,97	-30,72
902,14	-98,30
902,32	-86,01
902,50	-71,68
902,67	-4,10
902,85	-98,30
903,02	-8,19
903,20	-55,30
903,38	-83,97
903,55	-47,10
903,73	49,15
903,91	-106,49
904,08	-24,58
904,26	-75,77
904,44	51,20
904,61	-77,82
904,79	-40,96
904,96	-43,01
905,14	55,30
905,32	-30,72
905,49	4,10
905,67	-100,35
905,84	-40,96
906,02	-98,30
906,20	-16,38
906,37	12,29
906,55	-22,53
906,73	-126,97
906,90	110,59
907,08	-53,25
907,25	-61,44
907,43	-24,58
907,61	4,10
907,78	-2,05
907,96	-96,25
908,13	-43,01
908,31	-12,29
908,48	-6,14
908,66	-16,38
908,84	-67,58
909,01	-57,34
909,19	-57,34
909,36	-20,48
909,54	-43,01
909,72	-10,24
909,89	47,10
910,07	-40,96
910,24	2,05
910,42	-53,25
910,59	-61,44
910,77	-43,01
910,95	-108,54
911,12	-92,16
911,30	-59,39
911,47	34,82
911,65	-169,98
911,82	-77,82
912,00	-67,58
912,17	-32,77
912,35	-36,86
912,53	-110,59
912,70	-6,14
912,88	-12,29
913,05	-137,21
913,23	-57,34
913,40	0,00
913,58	-12,29
913,75	47,10
913,93	-24,58
914,10	-36,86
914,28	-16,38
914,46	-47,10
914,63	-133,12
914,81	30,72
914,98	-28,67
915,16	-38,91
915,33	73,73
915,51	71,68
915,68	40,96
915,86	-69,63
916,03	-32,77
916,21	-122,88
916,38	-118,78
916,56	-100,35
916,73	-126,97
916,91	-98,30
917,08	-83,97
917,26	-30,72
917,43	-20,48
917,61	-28,67
917,78	-38,91
917,96	-4,10
918,13	67,58
918,31	-45,06
918,48	10,24
918,66	-20,48
918,83	-112,64
919,01	-69,63
919,18	-55,30
919,36	-167,93
919,53	20,48
919,71	-45,06
919,88	102,40
920,06	-106,49
920,23	-65,54
920,41	-18,43
920,58	8,19
920,76	-61,44
920,93	-55,30
921,11	45,06
921,28	-88,06
921,45	20,48
921,63	57,34
921,80	-16,38
921,98	-106,49
922,15	-30,72
922,33	-92,16
922,50	6,14
922,68	-90,11
922,85	-12,29
923,03	-45,06
923,20	-75,77
923,38	-18,43
923,55	-79,87
923,72	-65,54
923,90	-98,30
924,07	14,34
924,25	-88,06
924,42	-38,91
924,60	-51,20
924,77	-2,05
924,95	10,24
925,12	32,77
925,29	28,67
925,47	36,86
925,64	6,14
925,82	-110,59
925,99	6,14
926,17	67,58
926,34	-73,73
926,51	-86,01
926,69	10,24
926,86	-30,72
927,04	47,10
927,21	53,25
927,38	4,10
927,56	36,86
927,73	-79,87
927,91	-18,43
928,08	30,72
928,25	65,53
928,43	45,06
928,60	8,19
928,78	-38,91
928,95	-8,19
929,12	-36,86
929,30	-32,77
929,47	81,92
929,65	-61,44
929,82	43,01
929,99	-22,53
930,17	63,49
930,34	-67,58
930,52	43,01
930,69	0,00
930,86	16,38
931,04	-18,43
931,21	-20,48
931,38	-36,86
931,56	-24,58
931,73	55,30
931,91	26,62
932,08	-86,01
932,25	26,62
932,43	73,73
932,60	-51,20
932,77	6,14
932,95	6,14
933,12	83,97
933,29	83,97
933,47	59,39
933,64	16,38
933,82	69,63
933,99	-30,72
934,16	75,77
934,34	49,15
934,51	43,01
934,68	135,17
934,86	67,58
935,03	-36,86
935,20	73,73
935,38	67,58
935,55	-2,05
935,72	81,92
935,90	40,96
936,07	-8,19
936,24	120,83
936,42	-8,19
936,59	40,96
936,76	32,77
936,94	100,35
937,11	47,10
937,28	47,10
937,46	-43,01
937,63	26,62
937,80	-14,34
937,97	88,06
938,15	73,73
938,32	73,73
938,49	61,44
938,67	86,01
938,84	102,40
939,01	-45,06
939,19	-24,58
939,36	-26,62
939,53	-65,53
939,70	63,49
939,88	-34,82
940,05	83,97
940,22	65,54
940,40	-55,30
940,57	-16,38
940,74	6,14
940,92	24,58
941,09	55,30
941,26	-45,06
941,43	75,77
941,61	4,10
941,78	-63,49
941,95	-73,73
942,12	14,34
942,30	28,67
942,47	-61,44
942,64	124,93
942,82	65,54
942,99	10,24
943,16	-61,44
943,33	20,48
943,51	20,48
943,68	90,11
943,85	8,19
944,02	69,63
944,20	-22,53
944,37	47,10
944,54	-22,53
944,71	-20,48
944,89	106,49
945,06	45,06
945,23	94,21
945,40	100,35
945,58	59,39
945,75	65,54
945,92	18,43
946,09	12,29
946,27	53,25
946,44	-2,05
946,61	18,43
946,78	83,97
946,95	73,73
947,13	-6,14
947,30	53,25
947,47	14,34
947,64	8,19
947,82	32,77
947,99	22,53
948,16	-24,58
948,33	26,62
948,50	81,92
948,68	-18,43
948,85	12,29
949,02	-20,48
949,19	86,01
949,36	-16,38
949,54	67,58
949,71	-59,39
949,88	20,48
950,05	16,38
950,22	-34,82
950,40	-53,25
950,57	36,86
950,74	104,45
950,91	40,96
951,08	0,00
951,26	159,74
951,43	-124,93
951,60	137,21
951,77	-20,48
951,94	0,00
952,11	45,06
952,29	-10,24
952,46	51,20
952,63	143,36
952,80	49,15
952,97	6,14
953,15	57,34
953,32	69,63
953,49	-67,58
953,66	36,86
953,83	63,49
954,00	71,68
954,17	106,49
954,35	43,01
954,52	-8,19
954,69	30,72
954,86	65,54
955,03	-16,38
955,20	92,16
955,38	-34,82
955,55	65,53
955,72	-40,96
955,89	36,86
956,06	-6,14
956,23	-4,10
956,40	-49,15
956,58	73,73
956,75	2,05
956,92	-45,06
957,09	69,63
957,26	-40,96
957,43	129,02
957,60	86,01
957,77	-30,72
957,95	-28,67
958,12	47,10
958,29	-45,06
958,46	57,34
958,63	88,06
958,80	-22,53
958,97	139,26
959,14	-2,05
959,31	14,34
959,49	26,62
959,66	20,48
959,83	43,01
960,00	-34,82
960,17	40,96
960,34	71,68
960,51	34,82
960,68	28,67
960,85	2,05
961,02	30,72
961,20	143,36
961,37	98,30
961,54	75,77
961,71	22,53
961,88	0,00
962,05	12,29
962,22	45,06
962,39	59,39
962,56	112,64
962,73	-12,29
962,90	-65,54
963,07	-2,05
963,24	6,14
963,42	116,73
963,59	16,38
963,76	81,92
963,93	59,39
964,10	100,35
964,27	-57,34
964,44	38,91
964,61	77,82
964,78	-24,58
964,95	-8,19
965,12	114,69
965,29	-36,86
965,46	-24,58
965,63	-45,06
965,80	-141,31
965,97	-106,49
966,14	79,87
966,31	4,10
966,48	63,49
966,66	-36,86
966,83	8,19
967,00	47,10
967,17	151,55
967,34	16,38
967,51	28,67
967,68	53,25
967,85	51,20
968,02	2,05
968,19	-8,19
968,36	-61,44
968,53	-18,43
968,70	59,39
968,87	-18,43
969,04	45,06
969,21	-40,96
969,38	0,00
969,55	-18,43
969,72	12,29
969,89	71,68
970,06	24,58
970,23	59,39
970,40	65,54
970,57	38,91
970,74	90,11
970,91	-55,30
971,08	34,82
971,25	53,25
971,42	40,96
971,59	-6,14
971,76	-6,14
971,93	30,72
972,10	90,11
972,27	16,38
972,44	6,14
972,61	86,01
972,78	-43,01
972,95	26,62
973,12	147,45
973,29	57,34
973,46	40,96
973,63	77,82
973,80	-24,58
973,97	67,58
974,14	8,19
974,30	61,44
974,47	73,73
974,64	34,82
974,81	145,41
974,98	22,53
975,15	79,87
975,32	88,06
975,49	-77,82
975,66	-40,96
975,83	-14,34
976,00	24,58
976,17	20,48
976,34	55,30
976,51	4,10
976,68	141,31
976,85	59,39
977,02	24,58
977,19	96,25
977,36	86,01
977,52	26,62
977,69	98,30
977,86	-18,43
978,03	10,24
978,20	-69,63
978,37	-57,34
978,54	0,00
978,71	26,62
978,88	45,06
979,05	-26,62
979,22	90,11
979,39	2,05
979,56	18,43
979,72	90,11
979,89	53,25
980,06	28,67
980,23	63,49
980,40	0,00
980,57	90,11
980,74	118,78
980,91	73,73
981,08	110,59
981,25	77,82
981,41	-28,67
981,58	36,86
981,75	65,54
981,92	28,67
982,09	-34,82
982,26	-43,01
982,43	24,58
982,60	26,62
982,77	20,48
982,93	129,02
983,10	63,49
983,27	30,72
983,44	40,96
983,61	124,93
983,78	86,01
983,95	-4,10
984,11	2,05
984,28	86,01
984,45	-30,72
984,62	-4,10
984,79	6,14
984,96	4,10
985,13	-61,44
985,30	131,07
985,46	43,01
985,63	-71,68
985,80	43,01
985,97	-83,97
986,14	8,19
986,31	40,96
986,47	71,68
986,64	167,93
986,81	-36,86
986,98	-4,10
987,15	32,77
987,32	-36,86
987,48	110,59
987,65	-26,62
987,82	-4,10
987,99	-2,05
988,16	-61,44
988,33	43,01
988,49	45,06
988,66	98,30
988,83	-32,77
989,00	116,73
989,17	-22,53
989,34	36,86
989,50	6,14
989,67	-36,86
989,84	30,72
990,01	-4,10
990,18	-16,38
990,34	141,31
990,51	96,25
990,68	32,77
990,85	108,54
991,02	-94,21
991,18	59,39
991,35	139,26
991,52	-65,54
991,69	114,69
991,86	36,86
992,02	53,25
992,19	59,39
992,36	-2,05
992,53	36,86
992,69	-67,58
992,86	34,82
993,03	-34,82
993,20	-20,48
993,37	65,53
993,53	10,24
993,70	61,44
993,87	-4,10
994,04	24,58
994,20	-14,34
994,37	16,38
994,54	2,05
994,71	16,38
994,87	32,77
995,04	65,54
995,21	59,39
995,38	8,19
995,55	-20,48
995,71	63,49
995,88	10,24
996,05	73,73
996,22	18,43
996,38	26,62
996,55	-77,82
996,72	38,91
996,88	79,87
997,05	-4,10
997,22	16,38
997,39	63,49
997,55	-32,77
997,72	-49,15
997,89	18,43
998,06	122,88
998,22	104,45
998,39	40,96
998,56	0,00
998,73	-18,43
998,89	12,29
999,06	36,86
999,23	34,82
999,39	-2,05
999,56	67,58
999,73	-8,19
999,90	4,10
1000,06	47,10
1000,23	77,82
1000,40	24,58
1000,56	63,49
1000,73	20,48
1000,90	-10,24
1001,06	22,53
1001,23	-12,29
1001,40	47,10
1001,57	47,10
1001,73	-16,38
1001,90	22,53
1002,07	-34,82
1002,23	2,05
1002,40	-8,19
1002,57	67,58
1002,73	-83,97
1002,90	-2,05
1003,07	14,34
1003,23	90,11
1003,40	-104,45
1003,57	18,43
1003,73	49,15
1003,90	6,14
1004,07	-22,53
1004,23	26,62
1004,40	-10,24
1004,57	65,54
1004,73	55,30
1004,90	38,91
1005,07	16,38
1005,23	22,53
1005,40	-2,05
1005,57	-16,38
1005,73	-36,86
1005,90	47,10
1006,07	61,44
1006,23	-55,30
1006,40	108,54
1006,57	22,53
1006,73	69,63
1006,90	69,63
1007,06	96,25
1007,23	43,01
1007,40	-18,43
1007,56	-18,43
1007,73	8,19
1007,90	-65,54
1008,06	24,58
1008,23	2,05
1008,40	-47,10
1008,56	63,49
1008,73	-49,15
1008,89	96,25
1009,06	61,44
1009,23	61,44
1009,39	8,19
1009,56	6,14
1009,72	34,82
1009,89	43,01
1010,06	0,00
1010,22	-30,72
1010,39	75,77
1010,55	141,31
1010,72	77,82
1010,89	18,43
1011,05	67,58
1011,22	96,25
1011,38	-63,49
1011,55	22,53
1011,72	-14,34
1011,88	20,48
1012,05	8,19
1012,21	12,29
1012,38	79,87
1012,55	36,86
1012,71	65,54
1012,88	161,79
1013,04	108,54
1013,21	90,11
1013,37	10,24
1013,54	-38,91
1013,71	124,93
1013,87	20,48
1014,04	47,10
1014,20	28,67
1014,37	71,68
1014,53	-116,73
1014,70	116,73
1014,87	83,97
1015,03	36,86
1015,20	16,38
1015,36	49,15
1015,53	53,25
1015,69	-36,86
1015,86	40,96
1016,02	4,10
1016,19	49,15
1016,36	34,82
1016,52	-55,30
1016,69	20,48
1016,85	-94,21
1017,02	28,67
1017,18	-20,48
1017,35	-81,92
1017,51	65,53
1017,68	43,01
1017,84	-22,53
1018,01	2,05
1018,17	120,83
1018,34	96,25
1018,50	-4,10
1018,67	26,62
1018,84	22,53
1019,00	43,01
1019,17	94,21
1019,33	102,40
1019,50	26,62
1019,66	63,49
1019,83	-4,10
1019,99	-2,05
1020,16	122,88
1020,32	-18,43
1020,49	8,19
1020,65	49,15
1020,82	63,49
1020,98	2,05
1021,15	83,97
1021,31	10,24
1021,48	-12,29
1021,64	22,53
1021,81	0,00
1021,97	77,82
1022,14	30,72
1022,30	-12,29
1022,47	28,67
1022,63	0,00
1022,79	-26,62
1022,96	53,25
1023,12	86,01
1023,29	-16,38
1023,45	-20,48
1023,62	100,35
1023,78	38,91
1023,95	73,73
1024,11	26,62
1024,28	49,15
1024,44	-63,49
1024,61	10,24
1024,77	10,24
1024,94	63,49
1025,10	40,96
1025,26	18,43
1025,43	-40,96
1025,59	51,20
1025,76	26,62
1025,92	-18,43
1026,09	67,58
1026,25	-12,29
1026,42	32,77
1026,58	-32,77
1026,74	20,48
1026,91	32,77
1027,07	59,39
1027,24	120,83
1027,40	4,10
1027,57	30,72
1027,73	-20,48
1027,90	100,35
1028,06	18,43
1028,22	161,79
1028,39	-61,44
1028,55	43,01
1028,72	57,34
1028,88	-12,29
1029,04	10,24
1029,21	90,11
1029,37	32,77
1029,54	94,21
1029,70	-16,38
1029,87	24,58
1030,03	32,77
1030,19	129,02
1030,36	18,43
1030,52	4,10
1030,69	45,06
1030,85	-20,48
1031,01	-38,91
1031,18	6,14
1031,34	149,50
1031,50	-77,82
1031,67	-2,05
1031,83	34,82
1032,00	6,14
1032,16	215,04
1032,32	28,67
1032,49	8,19
1032,65	0,00
1032,82	79,87
1032,98	-2,05
1033,14	-55,30
1033,31	139,26
1033,47	147,45
1033,63	126,97
1033,80	57,34
1033,96	24,58
1034,13	59,39
1034,29	57,34
1034,45	-16,38
1034,62	-55,30
1034,78	40,96
1034,94	-28,67
1035,11	28,67
1035,27	49,15
1035,43	0,00
1035,60	36,86
1035,76	67,58
1035,92	71,68
1036,09	69,63
1036,25	116,73
1036,41	86,01
1036,58	18,43
1036,74	49,15
1036,90	22,53
1037,07	65,54
1037,23	53,25
1037,39	4,10
1037,56	47,10
1037,72	34,82
1037,88	4,10
1038,05	6,14
1038,21	53,25
1038,37	12,29
1038,54	83,97
1038,70	8,19
1038,86	-4,10
1039,03	-2,05
1039,19	16,38
1039,35	-10,24
1039,52	-22,53
1039,68	55,30
1039,84	51,20
1040,00	8,19
1040,17	10,24
1040,33	8,19
1040,49	77,82
1040,66	28,67
1040,82	-32,77
1040,98	69,63
1041,15	47,10
1041,31	-47,10
1041,47	-59,39
1041,63	131,07
1041,80	38,91
1041,96	108,54
1042,12	6,14
1042,29	32,77
1042,45	36,86
1042,61	-8,19
1042,77	98,30
1042,94	-6,14
1043,10	24,58
1043,26	49,15
1043,42	43,01
1043,59	0,00
1043,75	18,43
1043,91	55,30
1044,07	-24,58
1044,24	59,39
1044,40	28,67
