345,22	-118,78
345,44	-118,78
345,66	-118,78
345,88	-22,53
346,10	98,30
346,32	73,73
346,54	88,06
346,75	102,40
346,97	-12,29
347,19	40,96
347,41	112,64
347,63	4,10
347,85	-43,01
348,07	112,64
348,29	-32,77
348,51	28,67
348,73	-16,38
348,95	-88,06
349,16	129,02
349,38	108,54
349,60	10,24
349,82	40,96
350,04	32,77
350,26	71,68
350,48	-6,14
350,70	28,67
350,92	90,11
351,14	-2,05
351,35	79,87
351,57	86,01
351,79	106,49
352,01	45,06
352,23	-67,58
352,45	-2,05
352,67	43,01
352,89	79,87
353,10	-24,58
353,32	77,82
353,54	100,35
353,76	210,94
353,98	165,89
354,20	24,58
354,42	108,54
354,64	45,06
354,85	124,93
355,07	79,87
355,29	106,49
355,51	-28,67
355,73	26,62
355,95	79,87
356,17	51,20
356,38	30,72
356,60	69,63
356,82	100,35
357,04	-38,91
357,26	-57,34
357,48	71,68
357,69	18,43
357,91	16,38
358,13	67,58
358,35	30,72
358,57	36,86
358,79	24,58
359,01	40,96
359,22	-53,25
359,44	47,10
359,66	-4,10
359,88	24,58
360,10	126,97
360,32	94,21
360,53	45,06
360,75	-12,29
360,97	110,59
361,19	20,48
361,41	45,06
361,62	51,20
361,84	-65,54
362,06	98,30
362,28	53,25
362,50	55,30
362,72	20,48
362,93	28,67
363,15	126,97
363,37	32,77
363,59	75,77
363,81	-59,39
364,02	30,72
364,24	69,63
364,46	43,01
364,68	65,54
364,90	90,11
365,11	-28,67
365,33	67,58
365,55	104,45
365,77	-20,48
365,99	63,49
366,20	73,73
366,42	-77,82
366,64	100,35
366,86	36,86
367,07	59,39
367,29	83,97
367,51	77,82
367,73	-8,19
367,95	-90,11
368,16	106,49
368,38	126,97
368,60	139,26
368,82	40,96
369,03	71,68
369,25	129,02
369,47	65,53
369,69	10,24
369,91	-32,77
370,12	32,77
370,34	32,77
370,56	6,14
370,78	-47,10
370,99	108,54
371,21	155,65
371,43	12,29
371,65	98,30
371,86	14,34
372,08	147,45
372,30	-6,14
372,52	102,40
372,73	-4,10
372,95	38,91
373,17	34,82
373,39	188,41
373,60	22,53
373,82	34,82
374,04	145,41
374,26	96,25
374,47	71,68
374,69	-4,10
374,91	0,00
375,12	63,49
375,34	-6,14
375,56	-10,24
375,78	47,10
375,99	69,63
376,21	22,53
376,43	63,49
376,65	32,77
376,86	98,30
377,08	172,03
377,30	-55,30
377,51	-18,43
377,73	81,92
377,95	57,34
378,17	110,59
378,38	55,30
378,60	75,77
378,82	-38,91
379,03	63,49
379,25	53,25
379,47	122,88
379,68	79,87
379,90	51,20
380,12	71,68
380,34	59,39
380,55	-18,43
380,77	-10,24
380,99	40,96
381,20	86,01
381,42	-67,58
381,64	-22,53
381,85	-18,43
382,07	59,39
382,29	79,87
382,50	102,40
382,72	83,97
382,94	45,06
383,15	47,10
383,37	83,97
383,59	147,45
383,80	43,01
384,02	45,06
384,24	-20,48
384,45	43,01
384,67	94,21
384,89	16,38
385,10	69,63
385,32	53,25
385,54	53,25
385,75	-34,82
385,97	81,92
386,19	40,96
386,40	98,30
386,62	49,15
386,84	94,21
387,05	-49,15
387,27	100,35
387,49	-28,67
387,70	59,39
387,92	49,15
388,14	120,83
388,35	120,83
388,57	-79,87
388,79	59,39
389,00	65,54
389,22	-96,25
389,43	131,07
389,65	77,82
389,87	-53,25
390,08	-18,43
390,30	51,20
390,52	-20,48
390,73	-6,14
390,95	110,59
391,17	122,88
391,38	131,07
391,60	-40,96
391,81	22,53
392,03	149,50
392,25	-8,19
392,46	94,21
392,68	6,14
392,89	-38,91
393,11	10,24
393,33	116,73
393,54	77,82
393,76	163,84
393,98	-32,77
394,19	10,24
394,41	73,73
394,62	86,01
394,84	2,05
395,06	-12,29
395,27	26,62
395,49	69,63
395,70	22,53
395,92	36,86
396,13	10,24
396,35	-57,34
396,57	57,34
396,78	6,14
397,00	-8,19
397,21	16,38
397,43	22,53
397,65	8,19
397,86	12,29
398,08	43,01
398,29	0,00
398,51	49,15
398,72	67,58
398,94	73,73
399,16	18,43
399,37	38,91
399,59	43,01
399,80	18,43
400,02	131,07
400,23	71,68
400,45	-22,53
400,67	-2,05
400,88	45,06
401,10	40,96
401,31	24,58
401,53	4,10
401,74	75,77
401,96	-71,68
402,17	10,24
402,39	4,10
402,61	126,97
402,82	57,34
403,04	61,44
403,25	-14,34
403,47	98,30
403,68	-2,05
403,90	110,59
404,11	77,82
404,33	90,11
404,54	49,15
404,76	57,34
404,97	-49,15
405,19	98,30
405,41	-14,34
405,62	24,58
405,84	83,97
406,05	73,73
406,27	28,67
406,48	-2,05
406,70	55,30
406,91	61,44
407,13	16,38
407,34	-43,01
407,56	-34,82
407,77	38,91
407,99	-16,38
408,20	-65,53
408,42	-2,05
408,63	-108,54
408,85	28,67
409,06	-4,10
409,28	32,77
409,49	-4,10
409,71	-53,25
409,92	98,30
410,14	-4,10
410,35	45,06
410,57	-55,30
410,78	65,53
411,00	30,72
411,21	0,00
411,43	-47,10
411,64	16,38
411,86	26,62
412,07	-6,14
412,29	-34,82
412,50	22,53
412,72	-10,24
412,93	-6,14
413,15	4,10
413,36	-24,58
413,58	-47,10
413,79	45,06
414,01	-110,59
414,22	-102,40
414,43	38,91
414,65	-55,30
414,86	16,38
415,08	-28,67
415,29	38,91
415,51	-45,06
415,72	-22,53
415,94	-20,48
416,15	-18,43
416,37	88,06
416,58	-90,11
416,80	-71,68
417,01	-57,34
417,22	-12,29
417,44	-2,05
417,65	-12,29
417,87	129,02
418,08	8,19
418,30	53,25
418,51	-43,01
418,73	-59,39
418,94	28,67
419,15	0,00
419,37	-8,19
419,58	-53,25
419,80	-43,01
420,01	-96,25
420,23	-28,67
420,44	-122,88
420,65	-71,68
420,87	-114,69
421,08	32,77
421,30	-30,72
421,51	-86,01
421,73	-32,77
421,94	-34,82
422,15	-24,58
422,37	-108,54
422,58	-53,25
422,80	-116,73
423,01	14,34
423,22	-94,21
423,44	-22,53
423,65	-14,34
423,87	28,67
424,08	-69,63
424,29	-38,91
424,51	53,25
424,72	-102,40
424,94	-114,69
425,15	-53,25
425,36	-88,06
425,58	-59,39
425,79	-126,97
426,01	26,62
426,22	-77,82
426,43	63,49
426,65	-110,59
426,86	-47,10
427,08	4,10
427,29	-96,25
427,50	-65,54
427,72	-106,49
427,93	-131,07
428,14	-71,68
428,36	-71,68
428,57	-112,64
428,79	-65,53
429,00	-71,68
429,21	-172,03
429,43	-65,53
429,64	-122,88
429,85	-96,25
430,07	-45,06
430,28	49,15
430,49	-129,02
430,71	-79,87
430,92	-86,01
431,14	-141,31
431,35	-149,50
431,56	-124,93
431,78	-69,63
431,99	-53,25
432,20	-131,07
432,42	-182,27
432,63	-26,62
432,84	-118,78
433,06	-30,72
433,27	-172,03
433,48	-137,21
433,70	-190,46
433,91	-94,21
434,12	-210,94
434,34	-122,88
434,55	-65,53
434,76	-161,79
434,98	-153,60
435,19	-180,22
435,40	-159,74
435,62	-112,64
435,83	-141,31
436,04	-202,75
436,26	-266,24
436,47	-163,84
436,68	-190,46
436,90	-200,70
437,11	-139,26
437,32	-172,03
437,54	-241,66
437,75	-180,22
437,96	-135,17
438,17	-249,85
438,39	-165,89
438,60	-229,37
438,81	-198,65
439,03	-196,61
439,24	-245,76
439,45	-268,28
439,67	-270,33
439,88	-182,27
440,09	-180,22
440,30	-249,85
440,52	-212,99
440,73	-264,19
440,94	-333,82
441,16	-196,61
441,37	-233,47
441,58	-286,72
441,80	-382,97
442,01	-249,85
442,22	-262,14
442,43	-299,00
442,65	-294,91
442,86	-229,37
443,07	-317,44
443,28	-206,84
443,50	-278,52
443,71	-356,35
443,92	-196,61
444,14	-321,53
444,35	-339,96
444,56	-350,20
444,77	-346,11
444,99	-337,91
445,20	-309,24
445,41	-378,87
445,62	-329,72
445,84	-323,58
446,05	-294,91
446,26	-321,53
446,47	-239,61
446,69	-368,63
446,90	-407,55
447,11	-387,07
447,32	-292,86
447,54	-452,60
447,75	-387,07
447,96	-286,72
448,17	-466,94
448,39	-337,91
448,60	-352,25
448,81	-401,40
449,02	-346,11
449,23	-573,43
449,45	-407,55
449,66	-403,45
449,87	-372,73
450,08	-524,28
450,30	-458,74
450,51	-407,55
450,72	-352,25
450,93	-511,99
451,15	-335,87
451,36	-385,02
451,57	-409,59
451,78	-368,63
451,99	-387,07
452,21	-299,00
452,42	-395,26
452,63	-419,83
452,84	-364,54
453,05	-411,64
453,27	-360,44
453,48	-405,50
453,69	-399,35
453,90	-378,87
454,11	-350,20
454,33	-348,15
454,54	-321,53
454,75	-460,79
454,96	-344,06
455,17	-421,88
455,39	-407,55
455,60	-526,33
455,81	-497,66
456,02	-309,24
456,23	-432,12
456,45	-466,94
456,66	-307,20
456,87	-407,55
457,08	-438,27
457,29	-329,72
457,50	-331,77
457,72	-413,69
457,93	-337,91
458,14	-321,53
458,35	-331,77
458,56	-348,15
458,77	-299,00
458,99	-249,85
459,20	-311,29
459,41	-423,93
459,62	-335,87
459,83	-409,59
460,04	-423,93
460,26	-290,81
460,47	-380,92
460,68	-358,39
460,89	-399,35
461,10	-350,20
461,31	-423,93
461,52	-364,54
461,74	-354,30
461,95	-462,84
462,16	-360,44
462,37	-471,03
462,58	-212,99
462,79	-366,59
463,00	-311,29
463,22	-364,54
463,43	-272,38
463,64	-391,16
463,85	-307,20
464,06	-346,11
464,27	-284,67
464,48	-315,39
464,70	-294,91
464,91	-399,35
465,12	-335,87
465,33	-395,26
465,54	-364,54
465,75	-327,67
465,96	-438,27
466,17	-411,64
466,38	-327,68
466,60	-321,53
466,81	-432,12
467,02	-243,71
467,23	-356,35
467,44	-360,44
467,65	-360,44
467,86	-333,82
468,07	-354,30
468,28	-387,07
468,50	-313,34
468,71	-368,63
468,92	-299,00
469,13	-360,44
469,34	-325,63
469,55	-348,15
469,76	-395,26
469,97	-407,55
470,18	-315,39
470,39	-346,11
470,60	-405,50
470,82	-303,10
471,03	-346,11
471,24	-370,68
471,45	-249,85
471,66	-415,74
471,87	-444,41
472,08	-391,16
472,29	-323,58
472,50	-407,55
472,71	-342,01
472,92	-227,32
473,13	-329,72
473,34	-331,77
473,55	-374,78
473,77	-413,69
473,98	-321,53
474,19	-411,64
474,40	-305,15
474,61	-428,03
474,82	-333,82
475,03	-411,64
475,24	-434,17
475,45	-344,06
475,66	-280,57
475,87	-483,32
476,08	-391,16
476,29	-348,15
476,50	-331,77
476,71	-395,26
476,92	-319,48
477,13	-333,82
477,34	-419,83
477,55	-346,11
477,76	-421,88
477,97	-493,56
478,18	-342,01
478,40	-550,90
478,61	-468,98
478,82	-362,49
479,03	-464,89
479,24	-479,22
479,45	-348,15
479,66	-413,69
479,87	-438,27
480,08	-509,94
480,29	-401,40
480,50	-497,66
480,71	-483,32
480,92	-473,08
481,13	-542,71
481,34	-528,38
481,55	-483,32
481,76	-499,70
481,97	-413,69
482,18	-446,46
482,39	-571,38
482,60	-563,19
482,81	-530,42
483,02	-382,97
483,23	-520,18
483,44	-419,83
483,65	-567,29
483,86	-577,53
484,07	-464,89
484,28	-395,26
484,49	-415,74
484,70	-561,14
484,91	-354,30
485,12	-495,61
485,33	-450,55
485,54	-540,66
485,75	-436,22
485,96	-532,47
486,17	-530,42
486,38	-462,84
486,59	-522,23
486,80	-589,82
487,01	-468,98
487,21	-557,05
487,42	-491,51
487,63	-673,78
487,84	-530,42
488,05	-458,74
488,26	-585,72
488,47	-524,28
488,68	-608,25
488,89	-593,91
489,10	-548,86
489,31	-569,34
489,52	-450,55
489,73	-563,19
489,94	-634,87
490,15	-557,05
490,36	-645,11
490,57	-557,05
490,78	-585,72
490,99	-552,95
491,20	-706,55
491,41	-563,19
491,61	-641,01
491,82	-600,05
492,03	-651,25
492,24	-536,57
492,45	-598,01
492,66	-684,02
492,87	-608,25
493,08	-620,53
493,29	-636,92
493,50	-589,81
493,71	-573,43
493,92	-712,69
494,13	-585,72
494,34	-700,41
494,54	-659,45
494,75	-688,12
494,96	-567,29
495,17	-653,30
495,38	-688,12
495,59	-608,25
495,80	-624,63
496,01	-663,54
496,22	-686,07
496,43	-655,35
496,64	-655,35
496,84	-718,84
497,05	-628,73
497,26	-694,26
497,47	-694,26
497,68	-671,73
497,89	-673,78
498,10	-767,99
498,31	-757,75
498,52	-632,82
498,72	-739,32
498,93	-665,59
499,14	-798,71
499,35	-714,74
499,56	-673,78
499,77	-710,65
499,98	-677,88
500,19	-722,93
500,40	-694,26
500,60	-782,32
500,81	-733,17
501,02	-827,38
501,23	-788,47
501,44	-720,88
501,65	-753,65
501,86	-792,56
502,06	-778,23
502,27	-765,94
502,48	-784,37
502,69	-737,27
502,90	-813,04
503,11	-806,90
503,32	-819,19
503,53	-827,38
503,73	-776,18
503,94	-716,79
504,15	-788,47
504,36	-765,94
504,57	-788,47
504,78	-817,14
504,98	-770,04
505,19	-851,95
505,40	-925,68
505,61	-739,32
505,82	-897,01
506,03	-763,89
506,23	-806,90
506,44	-772,08
506,65	-878,58
506,86	-770,04
507,07	-790,52
507,28	-825,33
507,48	-765,94
507,69	-778,23
507,90	-909,30
508,11	-847,86
508,32	-755,70
508,53	-874,48
508,73	-835,57
508,94	-825,33
509,15	-835,57
509,36	-804,85
509,57	-804,85
509,77	-851,95
509,98	-790,52
510,19	-913,39
510,40	-868,34
510,61	-843,76
510,81	-806,90
511,02	-821,24
511,23	-847,86
511,44	-794,61
511,65	-770,04
511,85	-788,47
512,06	-888,82
512,27	-782,32
512,48	-894,96
512,69	-876,53
512,89	-923,63
513,10	-917,49
513,31	-827,38
513,52	-872,43
513,73	-858,10
513,93	-804,85
514,14	-862,19
514,35	-839,67
514,56	-921,59
514,76	-976,88
514,97	-927,73
515,18	-913,39
515,39	-860,15
515,60	-899,06
515,80	-849,91
516,01	-948,21
516,22	-841,72
516,43	-905,20
516,63	-856,05
516,84	-962,55
517,05	-948,21
517,26	-940,02
517,46	-860,15
517,67	-995,31
517,88	-878,58
518,09	-966,64
518,29	-925,68
518,50	-817,14
518,71	-956,40
518,92	-884,72
519,12	-935,92
519,33	-925,68
519,54	-909,30
519,75	-985,07
519,95	-960,50
520,16	-1046,51
520,37	-923,63
520,57	-946,16
520,78	-1005,55
520,99	-1048,56
521,20	-946,16
521,40	-901,11
521,61	-1038,32
521,82	-1032,18
522,03	-854,00
522,23	-923,63
522,44	-1019,89
522,65	-976,88
522,85	-1066,99
523,06	-1036,27
523,27	-1005,55
523,48	-851,96
523,68	-915,44
523,89	-905,20
524,10	-931,83
524,30	-1144,81
524,51	-890,87
524,72	-1005,55
524,93	-972,79
525,13	-1038,32
525,34	-954,35
525,55	-894,96
525,75	-935,92
525,96	-1009,65
526,17	-1015,79
526,37	-993,26
526,58	-991,22
526,79	-1066,99
526,99	-944,11
527,20	-921,59
527,41	-993,26
527,62	-1015,79
527,82	-1062,90
528,03	-956,40
528,24	-958,45
528,44	-1011,70
528,65	-978,93
528,86	-1052,66
529,06	-1081,33
529,27	-1007,60
529,48	-978,93
529,68	-968,69
529,89	-1009,65
530,10	-989,17
530,30	-966,64
530,51	-1085,42
530,72	-956,40
530,92	-980,98
531,13	-1060,85
531,34	-1114,10
531,54	-1081,33
531,75	-1015,79
531,96	-1136,62
532,16	-1101,81
532,37	-1050,61
532,57	-1083,38
532,78	-972,79
532,99	-1030,13
533,19	-1165,29
533,40	-1073,14
533,61	-1089,52
533,81	-935,92
534,02	-1011,70
534,23	-1073,14
534,43	-966,64
534,64	-1081,33
534,84	-1161,20
535,05	-991,22
535,26	-1040,37
535,46	-1015,79
535,67	-1054,70
535,88	-1097,71
536,08	-927,73
536,29	-1060,85
536,49	-1142,77
536,70	-976,88
536,91	-1091,57
537,11	-1040,37
537,32	-1026,03
537,53	-1005,55
537,73	-1148,91
537,94	-1075,18
538,14	-985,07
538,35	-1071,09
538,56	-1089,52
538,76	-1161,20
538,97	-1058,80
539,17	-1095,66
539,38	-1036,27
539,59	-968,69
539,79	-1054,70
540,00	-1157,10
540,20	-1138,67
540,41	-1026,03
540,62	-1013,74
540,82	-1083,38
541,03	-1052,66
541,23	-1099,76
541,44	-1335,28
541,64	-1064,94
541,85	-1073,14
542,06	-1073,14
542,26	-1099,76
542,47	-1091,57
542,67	-1095,66
542,88	-1107,95
543,08	-958,45
543,29	-1116,14
543,50	-1056,75
543,70	-1001,46
543,91	-997,36
544,11	-974,83
544,32	-1095,66
544,52	-1052,66
544,73	-1013,74
544,94	-1265,64
545,14	-1150,96
545,35	-1091,57
545,55	-1134,57
545,76	-1069,04
545,96	-1064,94
546,17	-1023,98
546,37	-1128,43
546,58	-1193,97
546,78	-1140,72
546,99	-1120,24
547,20	-1077,23
547,40	-1290,22
547,61	-1048,56
547,81	-1136,62
548,02	-1120,24
548,22	-1036,27
548,43	-1110,00
548,63	-1169,39
548,84	-1052,66
549,04	-1175,53
549,25	-1095,66
549,45	-1175,53
549,66	-1030,13
549,86	-1058,80
550,07	-1144,81
550,27	-1062,90
550,48	-1003,50
550,69	-1146,86
550,89	-1159,15
551,10	-1048,56
551,30	-1110,00
551,51	-1202,16
551,71	-944,11
551,92	-1040,37
552,12	-1128,43
552,33	-1163,25
552,53	-1181,68
552,74	-1073,14
552,94	-1066,99
553,15	-1159,15
553,35	-1058,80
553,56	-1011,70
553,76	-1081,33
553,97	-1073,14
554,17	-1050,61
554,38	-1036,27
554,58	-1042,42
554,79	-1153,01
554,99	-1052,66
555,19	-1214,45
555,40	-1021,94
555,60	-1093,62
555,81	-948,21
556,01	-1120,24
556,22	-1114,10
556,42	-1040,37
556,63	-1028,08
556,83	-1011,70
557,04	-1066,99
557,24	-890,87
557,45	-1136,62
557,65	-1122,29
557,86	-1011,70
558,06	-1118,19
558,27	-960,50
558,47	-1017,84
558,67	-978,93
558,88	-1087,47
559,08	-1110,00
559,29	-1093,62
559,49	-1134,57
559,70	-1077,23
559,90	-1116,14
560,11	-1157,10
560,31	-1034,22
560,52	-1163,25
560,72	-987,12
560,92	-1040,37
561,13	-1183,73
561,33	-1153,01
561,54	-1087,47
561,74	-1040,37
561,95	-1073,14
562,15	-1079,28
562,35	-1066,99
562,56	-1124,33
562,76	-954,35
562,97	-1021,94
563,17	-1171,44
563,38	-1150,96
563,58	-950,26
563,78	-1114,10
563,99	-1038,32
564,19	-1093,62
564,40	-1060,85
564,60	-1023,98
564,80	-1001,46
565,01	-974,83
565,21	-1069,04
565,42	-1085,42
565,62	-1132,53
565,83	-1187,82
566,03	-1095,66
566,23	-1030,13
566,44	-1142,77
566,64	-1138,67
566,85	-978,93
567,05	-1116,14
567,25	-991,22
567,46	-1044,46
567,66	-983,02
567,86	-1062,90
568,07	-1081,33
568,27	-1089,52
568,48	-1028,08
568,68	-956,40
568,88	-1040,37
569,09	-1191,92
569,29	-1069,04
569,50	-1126,38
569,70	-978,93
569,90	-960,50
570,11	-1105,90
570,31	-1052,66
570,51	-1081,33
570,72	-1007,60
570,92	-1073,14
571,13	-1075,18
571,33	-1019,89
571,53	-1077,23
571,74	-1013,74
571,94	-1066,99
572,14	-1171,44
572,35	-1056,75
572,55	-1107,95
572,75	-1099,76
572,96	-1028,08
573,16	-1052,66
573,36	-974,83
573,57	-1058,80
573,77	-1056,75
573,97	-903,15
574,18	-983,03
574,38	-1028,08
574,59	-937,97
574,79	-929,78
574,99	-976,88
575,20	-1028,08
575,40	-890,87
575,60	-1036,27
575,81	-913,39
576,01	-888,82
576,21	-1019,89
576,42	-1013,74
576,62	-1011,70
576,82	-966,64
577,02	-958,45
577,23	-1009,65
577,43	-1032,18
577,63	-915,44
577,84	-882,67
578,04	-892,91
578,24	-970,74
578,45	-987,12
578,65	-933,87
578,85	-944,11
579,06	-937,97
579,26	-845,81
579,46	-915,44
579,67	-862,19
579,87	-784,37
580,07	-856,05
580,27	-851,95
580,48	-931,83
580,68	-911,35
580,88	-944,11
581,09	-675,83
581,29	-862,19
581,49	-831,48
581,69	-929,78
581,90	-897,01
582,10	-897,01
582,30	-874,48
582,51	-890,87
582,71	-966,64
582,91	-854,00
583,11	-903,15
583,32	-911,35
583,52	-790,52
583,72	-786,42
583,93	-866,29
584,13	-745,46
584,33	-827,38
584,53	-827,38
584,74	-794,61
584,94	-968,69
585,14	-681,97
585,34	-808,95
585,55	-688,12
585,75	-841,72
585,95	-800,76
586,15	-681,97
586,36	-702,45
586,56	-585,72
586,76	-628,73
586,96	-835,57
587,17	-718,84
587,37	-577,53
587,57	-663,54
587,77	-702,45
587,98	-606,20
588,18	-503,80
588,38	-518,14
588,58	-501,75
588,79	-595,96
588,99	-677,88
589,19	-575,48
589,39	-679,93
589,60	-569,34
589,80	-485,37
590,00	-503,80
590,20	-444,41
590,40	-491,51
590,61	-548,86
590,81	-591,86
591,01	-518,14
591,21	-452,60
591,42	-477,18
591,62	-382,97
591,82	-462,84
592,02	-401,40
592,22	-299,00
592,43	-448,51
592,63	-413,69
592,83	-233,47
593,03	-299,00
593,23	-368,63
593,44	-229,37
593,64	-239,61
593,84	-34,82
594,04	-278,52
594,24	-225,28
594,45	-223,23
594,65	-264,19
594,85	-118,78
595,05	-151,55
595,25	-161,79
595,46	-36,86
595,66	2,05
595,86	-212,99
596,06	-24,58
596,26	14,34
596,46	116,73
596,67	141,31
596,87	116,73
597,07	135,17
597,27	106,49
597,47	104,45
597,67	305,15
597,88	225,28
598,08	176,13
598,28	329,72
598,48	221,18
598,68	288,76
598,88	282,62
599,09	466,94
599,29	393,21
599,49	589,82
599,69	444,41
599,89	536,57
600,09	536,57
600,30	620,53
600,50	614,39
600,70	677,88
600,90	684,02
601,10	614,39
601,30	774,13
601,50	794,61
601,71	792,56
601,91	962,55
602,11	1110,00
602,31	995,31
602,51	1083,38
602,71	1095,66
602,91	1038,32
603,11	1304,56
603,32	1196,01
603,52	1411,05
603,72	1376,24
603,92	1538,02
604,12	1228,78
604,32	1507,30
604,52	1538,02
604,72	1662,95
604,93	1699,81
605,13	1656,81
605,33	1824,74
605,53	1806,31
605,73	1783,78
605,93	2084,83
606,13	2064,35
606,33	2025,44
606,53	2265,05
606,74	2215,90
606,94	2301,92
607,14	2439,13
607,34	2383,84
607,54	2492,38
607,74	2557,91
607,94	2664,41
608,14	2734,04
608,34	2824,15
608,54	2928,60
608,74	3045,33
608,95	3184,59
609,15	3082,19
609,35	3373,00
609,55	3416,01
609,75	3409,87
609,95	3588,04
610,15	3641,29
610,35	3733,45
610,55	3915,72
610,75	3827,65
610,95	4159,42
611,15	4333,50
611,35	4227,01
611,55	4419,52
611,76	4513,72
611,96	4784,06
612,16	4704,18
612,36	5058,48
612,56	5035,96
612,76	5246,90
612,96	5259,18
613,16	5519,28
613,36	5527,47
613,56	5849,00
613,76	5791,66
613,96	6053,80
614,16	6258,59
614,36	6510,49
614,56	6506,40
614,76	6832,02
614,96	6844,31
615,16	6991,77
615,36	7239,57
615,56	7516,05
615,76	7600,01
615,97	7894,92
616,17	8040,33
616,37	8062,85
616,57	8382,34
616,77	8470,40
616,97	8755,07
617,17	8771,45
617,37	9158,52
617,57	9305,97
617,77	9805,67
617,97	9621,36
618,17	9942,89
618,37	10166,12
618,57	10342,24
618,77	10547,04
618,97	10749,79
619,17	10981,21
619,37	11409,23
619,57	11487,06
619,77	11784,01
619,97	12341,06
620,17	12029,77
620,37	12900,16
620,57	12947,26
620,77	13334,32
620,97	13324,08
621,17	13756,21
621,37	14118,70
621,57	14270,25
621,77	14583,59
621,97	14931,74
622,17	15066,91
622,37	15648,53
622,57	15699,73
622,77	15947,53
622,97	16246,54
623,17	17098,49
623,37	17161,98
623,57	17628,92
623,77	17999,60
623,97	18202,35
624,16	18446,05
624,36	19543,77
624,56	19474,13
624,76	20098,77
624,96	20635,33
625,16	21079,74
625,36	20993,73
625,56	21878,45
625,76	22458,03
625,96	22797,99
626,16	22957,73
626,36	23600,79
626,56	24295,05
626,76	24462,99
626,96	25024,13
627,16	25685,62
627,36	26103,41
627,56	26582,63
627,76	27395,68
627,96	27856,47
628,16	28720,71
628,35	28554,83
628,55	29351,49
628,75	30645,80
628,95	30729,77
629,15	31243,81
629,35	32067,09
629,55	32714,25
629,75	32613,90
629,95	34344,44
630,15	34326,00
630,35	35233,25
630,55	35220,97
630,75	36351,45
630,95	37107,15
631,14	37905,85
631,34	38831,54
631,54	38962,61
631,74	40342,94
631,94	40263,07
632,14	41119,12
632,34	41473,42
632,54	42732,92
632,74	43183,47
632,94	43849,06
633,14	44272,99
633,33	44868,95
633,53	45636,94
633,73	46587,19
633,93	47160,62
634,13	47545,64
634,33	48315,68
634,53	48790,81
634,73	48893,21
634,93	49354,00
635,12	49696,01
635,32	50058,50
635,52	50676,99
635,72	51182,84
635,92	51389,68
636,12	51487,98
636,32	52024,55
636,52	51854,57
636,71	52180,20
636,91	51981,54
637,11	52024,55
637,31	52012,26
637,51	52131,04
637,71	52141,28
637,91	52235,49
638,11	51227,89
638,30	51117,30
638,50	51256,56
638,70	50939,13
638,90	49753,35
639,10	49542,41
639,30	49028,37
639,50	48303,39
639,69	48000,29
639,89	47465,77
640,09	46568,76
640,29	45976,90
640,49	44957,01
640,69	44078,43
640,88	43222,38
641,08	41932,16
641,28	41524,61
641,48	39978,40
641,68	39390,63
641,88	38131,13
642,07	37191,11
642,27	36814,29
642,47	34866,67
642,67	34420,21
642,87	33285,64
643,07	32247,32
643,26	31548,96
643,46	30352,94
643,66	28917,32
643,86	28008,02
644,06	27264,61
644,26	26535,53
644,45	25245,31
644,65	24411,79
644,85	23240,35
645,05	22683,30
645,25	21882,55
645,44	20958,91
645,64	19807,95
645,84	19322,59
646,04	18521,83
646,24	17948,40
646,43	17090,30
646,63	16369,41
646,83	16019,21
647,03	15288,09
647,23	14731,04
647,42	14178,09
647,62	13328,18
647,82	13004,60
648,02	12867,39
648,22	12087,11
648,41	11829,07
648,61	11147,09
648,81	10739,55
649,01	10592,09
649,20	10020,71
649,40	9613,17
649,60	9318,26
649,80	8822,65
650,00	8570,75
650,19	8279,94
650,39	7982,98
650,59	7503,76
650,79	7374,74
650,98	7151,51
651,18	6991,77
651,38	6817,69
651,58	6404,00
651,77	6242,21
651,97	5896,10
652,17	5672,87
652,37	5611,43
652,56	5261,23
652,76	5136,31
652,96	5078,96
653,16	4777,91
653,35	4421,56
653,55	4284,35
653,75	4337,60
653,95	4091,84
654,14	3882,95
654,34	3729,35
654,54	3563,47
654,74	3559,37
654,93	3379,15
655,13	3194,83
655,33	3241,93
655,52	2998,23
655,72	2781,14
655,92	2488,28
656,12	2564,06
656,31	2703,32
656,51	2396,12
656,71	2301,92
656,91	2246,62
657,10	2017,25
657,30	2160,61
657,50	1918,95
657,69	1851,36
657,89	1863,65
658,09	1730,53
658,29	1654,76
658,48	1605,61
658,68	1470,44
658,88	1417,19
659,07	1423,34
659,27	1411,05
659,47	1257,45
659,66	1228,78
659,86	1220,59
660,06	1044,46
660,26	993,26
660,45	972,79
660,65	1021,94
660,85	956,40
661,04	884,72
661,24	808,95
661,44	772,08
661,63	800,76
661,83	827,38
662,03	587,77
662,22	669,69
662,42	499,70
662,62	686,07
662,81	522,23
663,01	614,39
663,21	468,98
663,40	415,74
663,60	399,35
663,80	532,47
663,99	485,37
664,19	317,44
664,39	407,55
664,58	317,44
664,78	307,20
664,98	198,65
665,17	278,52
665,37	272,38
665,57	135,17
665,76	212,99
665,96	133,12
666,16	159,74
666,35	165,89
666,55	151,55
666,74	227,32
666,94	274,43
667,14	-8,19
667,33	149,50
667,53	69,63
667,73	59,39
667,92	34,82
668,12	104,45
668,32	18,43
668,51	-12,29
668,71	32,77
668,90	-40,96
669,10	-108,54
669,30	-43,01
669,49	-61,44
669,69	-24,58
669,89	-12,29
670,08	-176,13
670,28	-26,62
670,47	-18,43
670,67	-32,77
670,87	-79,87
671,06	-26,62
671,26	-104,45
671,45	-208,89
671,65	-143,36
671,85	-63,49
672,04	-159,74
672,24	-157,69
672,43	-77,82
672,63	-208,89
672,83	-126,97
673,02	-169,98
673,22	-141,31
673,41	-258,04
673,61	-163,84
673,81	-180,22
674,00	-51,20
674,20	-200,70
674,39	-180,22
674,59	-243,71
674,78	-169,98
674,98	-260,09
675,18	-198,65
675,37	-122,88
675,57	-202,75
675,76	-182,27
675,96	-339,96
676,15	-147,45
676,35	-165,89
676,55	-225,28
676,74	-333,82
676,94	-206,84
677,13	-206,84
677,33	-75,77
677,52	-262,14
677,72	-333,82
677,91	-239,61
678,11	-249,85
678,31	-198,65
678,50	-256,00
678,70	-305,15
678,89	-206,84
679,09	-172,03
679,28	-274,43
679,48	-219,13
679,67	-253,95
679,87	-192,51
680,06	-294,91
680,26	-272,38
680,46	-245,76
680,65	-305,15
680,85	-247,80
681,04	-253,95
681,24	-256,00
681,43	-305,15
681,63	-215,04
681,82	-260,09
682,02	-235,52
682,21	-163,84
682,41	-147,45
682,60	-243,71
682,80	-270,33
682,99	-260,09
683,19	-241,66
683,38	-270,33
683,58	-200,70
683,77	-194,56
683,97	-253,95
684,16	-200,70
684,36	-288,76
684,55	-169,98
684,75	-217,08
684,94	-352,25
685,14	-196,61
685,33	-284,67
685,53	-278,52
685,72	-159,74
685,92	-172,03
686,11	-196,61
686,31	-344,06
686,50	-153,60
686,70	-239,61
686,89	-305,15
687,09	-301,05
687,28	-163,84
687,48	-299,00
687,67	-182,27
687,87	-278,52
688,06	-165,89
688,26	-241,66
688,45	-210,94
688,65	-260,09
688,84	-225,28
689,03	-122,88
689,23	-258,04
689,42	-141,31
689,62	-251,90
689,81	-204,80
690,01	-325,63
690,20	-153,60
690,40	-397,31
690,59	-163,84
690,79	-256,00
690,98	-198,65
691,17	-251,90
691,37	-217,08
691,56	-217,08
691,76	-344,06
691,95	-370,68
692,15	-245,76
692,34	-253,95
692,54	-202,75
692,73	-231,42
692,92	-251,90
693,12	-268,28
693,31	-307,20
693,51	-239,61
693,70	-309,24
693,90	-290,81
694,09	-303,10
694,28	-253,95
694,48	-229,37
694,67	-335,87
694,87	-290,81
695,06	-325,63
695,26	-301,05
695,45	-274,43
695,64	-346,11
695,84	-331,77
696,03	-288,76
696,23	-192,51
696,42	-251,90
696,61	-270,33
696,81	-284,67
697,00	-313,34
697,20	-276,48
697,39	-382,97
697,58	-243,71
697,78	-352,25
697,97	-325,63
698,17	-286,72
698,36	-299,00
698,55	-274,43
698,75	-272,38
698,94	-303,10
699,14	-264,19
699,33	-323,58
699,52	-303,10
699,72	-303,10
699,91	-311,29
700,10	-294,91
700,30	-360,44
700,49	-346,11
700,69	-305,15
700,88	-387,07
701,07	-350,20
701,27	-405,50
701,46	-333,82
701,65	-264,19
701,85	-473,08
702,04	-305,15
702,23	-282,62
702,43	-378,87
702,62	-319,48
702,82	-350,20
703,01	-339,96
703,20	-366,59
703,40	-284,67
703,59	-260,09
703,78	-346,11
703,98	-313,34
704,17	-350,20
704,36	-327,67
704,56	-309,24
704,75	-274,43
704,94	-423,93
705,14	-317,44
705,33	-466,94
705,52	-358,39
705,72	-376,83
705,91	-313,34
706,10	-382,97
706,30	-362,49
706,49	-344,06
706,68	-290,81
706,88	-425,98
707,07	-331,77
707,26	-339,96
707,46	-329,72
707,65	-215,04
707,84	-331,77
708,04	-288,76
708,23	-380,92
708,42	-301,05
708,62	-319,48
708,81	-421,88
709,00	-405,50
709,19	-358,39
709,39	-387,07
709,58	-362,49
709,77	-393,21
709,97	-327,67
710,16	-262,14
710,35	-364,54
710,55	-372,73
710,74	-382,97
710,93	-305,15
711,12	-225,28
711,32	-409,59
711,51	-327,67
711,70	-329,72
711,90	-350,20
712,09	-299,00
712,28	-417,79
712,47	-337,91
712,67	-243,71
712,86	-368,63
713,05	-364,54
713,24	-403,45
713,44	-387,07
713,63	-270,33
713,82	-366,59
714,02	-397,31
714,21	-229,37
714,40	-409,59
714,59	-432,12
714,79	-215,04
714,98	-231,42
715,17	-333,82
715,36	-372,73
715,56	-278,52
715,75	-151,55
715,94	-235,52
716,13	-292,86
716,33	-356,35
716,52	-278,52
716,71	-370,68
716,90	-364,54
717,10	-256,00
717,29	-344,06
717,48	-227,32
717,67	-315,39
717,87	-389,11
718,06	-266,24
718,25	-309,24
718,44	-290,81
718,63	-303,10
718,83	-360,44
719,02	-260,09
719,21	-204,80
719,40	-272,38
719,60	-229,37
719,79	-360,44
719,98	-307,20
720,17	-378,87
720,36	-165,89
720,56	-337,91
720,75	-319,48
720,94	-368,63
721,13	-382,97
721,33	-266,24
721,52	-239,61
721,71	-272,38
721,90	-296,96
722,09	-346,11
722,29	-327,68
722,48	-321,53
722,67	-215,04
722,86	-276,48
723,05	-348,15
723,24	-452,60
723,44	-356,35
723,63	-294,91
723,82	-378,87
724,01	-307,20
724,20	-358,39
724,40	-251,90
724,59	-344,06
724,78	-270,33
724,97	-344,06
725,16	-292,86
725,35	-387,07
725,55	-319,48
725,74	-382,97
725,93	-421,88
726,12	-419,83
726,31	-247,80
726,51	-399,35
726,70	-321,53
726,89	-403,45
727,08	-430,07
727,27	-311,29
727,46	-215,04
727,65	-376,83
727,85	-274,43
728,04	-307,20
728,23	-432,12
728,42	-260,09
728,61	-378,87
728,80	-235,52
729,00	-385,02
729,19	-278,52
729,38	-350,20
729,57	-331,77
729,76	-442,36
729,95	-335,87
730,14	-380,92
730,33	-309,24
730,53	-309,24
730,72	-423,93
730,91	-243,71
731,10	-329,72
731,29	-407,55
731,48	-346,11
731,67	-329,72
731,86	-524,28
732,06	-382,97
732,25	-292,86
732,44	-464,89
732,63	-419,83
732,82	-376,83
733,01	-307,20
733,20	-382,97
733,39	-313,34
733,59	-419,83
733,78	-342,01
733,97	-391,16
734,16	-423,93
734,35	-391,16
734,54	-299,00
734,73	-270,33
734,92	-346,11
735,11	-487,42
735,30	-292,86
735,49	-464,89
735,69	-364,54
735,88	-405,50
736,07	-407,55
736,26	-499,70
736,45	-299,00
736,64	-520,18
736,83	-382,97
737,02	-446,46
737,21	-460,79
737,40	-518,14
737,59	-534,52
737,78	-387,07
737,98	-288,76
738,17	-356,35
738,36	-438,27
738,55	-378,87
738,74	-348,15
738,93	-321,53
739,12	-346,11
739,31	-413,69
739,50	-342,01
739,69	-358,39
739,88	-450,55
740,07	-380,92
740,26	-434,17
740,45	-442,36
740,64	-462,84
740,83	-382,97
741,02	-423,93
741,22	-407,55
741,41	-446,46
741,60	-376,83
741,79	-360,44
741,98	-440,31
742,17	-395,26
742,36	-430,07
742,55	-393,21
742,74	-475,13
742,93	-331,77
743,12	-407,55
743,31	-516,09
743,50	-456,70
743,69	-464,89
743,88	-430,07
744,07	-438,27
744,26	-407,55
744,45	-362,49
744,64	-276,48
744,83	-397,31
745,02	-415,74
745,21	-358,39
745,40	-370,68
745,59	-483,32
745,78	-450,55
745,97	-407,55
746,16	-391,16
746,35	-387,07
746,54	-403,45
746,73	-352,25
746,92	-344,06
747,11	-352,25
747,30	-342,01
747,49	-374,78
747,68	-436,22
747,87	-442,36
748,06	-509,94
748,25	-407,55
748,44	-356,35
748,63	-356,35
748,82	-358,39
749,01	-376,83
749,20	-370,68
749,39	-348,15
749,58	-419,83
749,77	-266,24
749,96	-436,22
750,15	-405,50
750,34	-425,98
750,53	-411,64
750,72	-346,11
750,91	-401,40
751,10	-372,73
751,29	-452,60
751,48	-253,95
751,67	-405,50
751,86	-360,44
752,04	-382,97
752,23	-327,67
752,42	-468,98
752,61	-489,46
752,80	-329,72
752,99	-360,44
753,18	-561,14
753,37	-333,82
753,56	-387,07
753,75	-382,97
753,94	-471,03
754,13	-352,25
754,32	-471,03
754,51	-350,20
754,70	-415,74
754,89	-452,60
755,08	-274,43
755,27	-313,34
755,45	-354,30
755,64	-372,73
755,83	-362,49
756,02	-372,73
756,21	-215,04
756,40	-313,34
756,59	-315,39
756,78	-335,87
756,97	-253,95
757,16	-325,63
757,35	-192,51
757,54	-272,38
757,72	-247,80
757,91	-274,43
758,10	-288,76
758,29	-264,19
758,48	-178,17
758,67	-86,01
758,86	-208,89
759,05	-264,19
759,24	-233,47
759,43	-247,80
759,61	-176,13
759,80	-192,51
759,99	-186,37
760,18	-212,99
760,37	-118,78
760,56	-172,03
760,75	-141,31
760,94	-206,84
761,13	-108,54
761,31	-227,32
761,50	-190,46
761,69	-169,98
761,88	-100,35
762,07	-129,02
762,26	-149,50
762,45	-114,69
762,64	-81,92
762,82	-139,26
763,01	-92,16
763,20	-243,71
763,39	-159,74
763,58	-126,97
763,77	-206,84
763,96	-139,26
764,14	-135,17
764,33	-202,75
764,52	-169,98
764,71	-118,78
764,90	-174,08
765,09	-276,48
765,27	-200,70
765,46	-155,65
765,65	-210,94
765,84	-245,76
766,03	-165,89
766,22	-307,20
766,41	-274,43
766,59	-235,52
766,78	-104,45
766,97	-266,24
767,16	-176,13
767,35	-210,94
767,54	-307,20
767,72	-167,93
767,91	-241,66
768,10	-249,85
768,29	-235,52
768,48	-317,44
768,66	-311,29
768,85	-251,90
769,04	-186,37
769,23	-389,11
769,42	-419,83
769,61	-286,72
769,79	-307,20
769,98	-217,08
770,17	-339,96
770,36	-292,86
770,55	-376,83
770,73	-319,48
770,92	-354,30
771,11	-364,54
771,30	-372,73
771,49	-444,41
771,67	-309,24
771,86	-399,35
772,05	-342,01
772,24	-344,06
772,42	-337,91
772,61	-331,77
772,80	-378,87
772,99	-407,55
773,18	-262,14
773,36	-280,57
773,55	-354,30
773,74	-223,23
773,93	-331,77
774,11	-256,00
774,30	-272,38
774,49	-260,09
774,68	-305,15
774,87	-221,18
775,05	-288,76
775,24	-274,43
775,43	-221,18
775,62	-315,39
775,80	-319,48
775,99	-305,15
776,18	-364,54
776,37	-370,68
776,55	-370,68
776,74	-376,83
776,93	-202,75
777,12	-428,03
777,30	-331,77
777,49	-303,10
777,68	-309,24
777,87	-274,43
778,05	-280,57
778,24	-272,38
778,43	-260,09
778,62	-350,20
778,80	-411,64
778,99	-315,39
779,18	-270,33
779,36	-348,15
779,55	-237,56
779,74	-329,72
779,93	-231,42
780,11	-296,96
780,30	-190,46
780,49	-288,76
780,68	-149,50
780,86	-276,48
781,05	-344,06
781,24	-272,38
781,42	-339,96
781,61	-284,67
781,80	-317,44
781,98	-212,99
782,17	-374,78
782,36	-331,77
782,55	-190,46
782,73	-231,42
782,92	-264,19
783,11	-335,87
783,29	-167,93
783,48	-296,96
783,67	-303,10
783,85	-223,23
784,04	-256,00
784,23	-317,44
784,42	-221,18
784,60	-264,19
784,79	-243,71
784,98	-356,35
785,16	-272,38
785,35	-225,28
785,54	-159,74
785,72	-247,80
785,91	-342,01
786,10	-290,81
786,28	-274,43
786,47	-292,86
786,66	-241,66
786,84	-243,71
787,03	-294,91
787,22	-141,31
787,40	-296,96
787,59	-208,89
787,78	-288,76
787,96	-155,65
788,15	-239,61
788,34	-200,70
788,52	-262,14
788,71	-278,52
788,89	-282,62
789,08	-317,44
789,27	-223,23
789,45	-245,76
789,64	-210,94
789,83	-174,08
790,01	-364,54
790,20	-274,43
790,39	-294,91
790,57	-294,91
790,76	-260,09
790,95	-196,61
791,13	-235,52
791,32	-104,45
791,50	-210,94
791,69	-239,61
791,88	-208,89
792,06	-268,28
792,25	-258,04
792,43	-303,10
792,62	-247,80
792,81	-129,02
792,99	-296,96
793,18	-307,20
793,37	-290,81
793,55	-266,24
793,74	-188,41
793,92	-266,24
794,11	-223,23
794,30	-190,46
794,48	-229,37
794,67	-196,61
794,85	-317,44
795,04	-182,27
795,23	-215,04
795,41	-206,84
795,60	-143,36
795,78	-241,66
795,97	-264,19
796,15	-278,52
796,34	-299,00
796,53	-176,13
796,71	-272,38
796,90	-210,94
797,08	-321,53
797,27	-256,00
797,46	-274,43
797,64	-190,46
797,83	-229,37
798,01	-192,51
798,20	-245,76
798,38	-196,61
798,57	-303,10
798,76	-284,67
798,94	-251,90
799,13	-286,72
799,31	-194,56
799,50	-352,25
799,68	-280,57
799,87	-239,61
800,05	-358,39
800,24	-208,89
800,43	-321,53
800,61	-401,40
800,80	-221,18
800,98	-206,84
801,17	-284,67
801,35	-239,61
801,54	-290,81
801,72	-219,13
801,91	-266,24
802,09	-253,95
802,28	-147,45
802,46	-253,95
802,65	-208,89
802,84	-251,90
803,02	-268,28
803,21	-159,74
803,39	-206,84
803,58	-346,11
803,76	-249,85
803,95	-190,46
804,13	-79,87
804,32	-256,00
804,50	-161,79
804,69	-327,67
804,87	-145,41
805,06	-235,52
805,24	-303,10
805,43	-235,52
805,61	-198,65
805,80	-208,89
805,98	-184,32
806,17	-272,38
806,35	-215,04
806,54	-210,94
806,72	-301,05
806,91	-329,72
807,09	-251,90
807,28	-258,04
807,46	-196,61
807,65	-481,27
807,83	-268,28
808,02	-280,57
808,20	-229,37
808,39	-270,33
808,57	-229,37
808,76	-251,90
808,94	-249,85
809,13	-221,18
809,31	-221,18
809,49	-247,80
809,68	-212,99
809,86	-159,74
810,05	-223,23
810,23	-235,52
810,42	-278,52
810,60	-200,70
810,79	-180,22
810,97	-215,04
811,16	-202,75
811,34	-143,36
811,53	-114,69
811,71	-223,23
811,89	-186,37
812,08	-116,73
812,26	-208,89
812,45	-176,13
812,63	-231,42
812,82	-309,24
813,00	-176,13
813,19	-204,80
813,37	-204,80
813,55	-122,88
813,74	-212,99
813,92	-129,02
814,11	-198,65
814,29	-253,95
814,48	-245,76
814,66	-204,80
814,84	-151,55
815,03	-206,84
815,21	-268,28
815,40	-151,55
815,58	-135,17
815,77	-126,97
815,95	-174,08
816,13	-122,88
816,32	-139,26
816,50	-206,84
816,69	-151,55
816,87	-34,82
817,05	-100,35
817,24	-63,49
817,42	-253,95
817,61	-81,92
817,79	-79,87
817,97	-106,49
818,16	-235,52
818,34	-167,93
818,53	-198,65
818,71	-131,07
818,89	-100,35
819,08	-169,98
819,26	-90,11
819,45	-141,31
819,63	-200,70
819,81	-104,45
820,00	-61,44
820,18	-223,23
820,36	-92,16
820,55	-135,17
820,73	-133,12
820,92	-223,23
821,10	-196,61
821,28	-172,03
821,47	-262,14
821,65	-163,84
821,83	-163,84
822,02	-194,56
822,20	-59,39
822,39	-169,98
822,57	-131,07
822,75	-249,85
822,94	-122,88
823,12	-20,48
823,30	-124,93
823,49	-147,45
823,67	-266,24
823,85	-94,21
824,04	-169,98
824,22	-147,45
824,40	-143,36
824,59	-237,56
824,77	-161,79
824,95	-149,50
825,14	-131,07
825,32	-157,69
825,50	-104,45
825,69	-133,12
825,87	-96,25
826,05	-65,54
826,24	-118,78
826,42	-22,53
826,60	-155,65
826,79	-202,75
826,97	-182,27
827,15	-194,56
827,34	-116,73
827,52	-176,13
827,70	-174,08
827,89	-196,61
828,07	-49,15
828,25	-116,73
828,44	-245,76
828,62	-243,71
828,80	-206,84
828,98	-182,27
829,17	-81,92
829,35	-112,64
829,53	-184,32
829,72	-120,83
829,90	-71,68
830,08	-153,60
830,27	-120,83
830,45	-135,17
830,63	-239,61
830,81	-59,39
831,00	-4,10
831,18	-217,08
831,36	-239,61
831,55	-149,50
831,73	-94,21
831,91	-120,83
832,09	-112,64
832,28	-110,59
832,46	-116,73
832,64	-96,25
832,82	-83,97
833,01	-274,43
833,19	-176,13
833,37	-161,79
833,55	-249,85
833,74	-63,49
833,92	-159,74
834,10	-88,06
834,29	-153,60
834,47	-12,29
834,65	-92,16
834,83	-53,25
835,02	-192,51
835,20	-192,51
835,38	-90,11
835,56	-120,83
835,75	-71,68
835,93	-206,84
836,11	-100,35
836,29	-206,84
836,47	-147,45
836,66	-217,08
836,84	-202,75
837,02	-231,42
837,20	-122,88
837,39	-22,53
837,57	-141,31
837,75	-59,39
837,93	-184,32
838,12	-266,24
838,30	-188,41
838,48	-186,37
838,66	-86,01
838,84	-114,69
839,03	-116,73
839,21	-98,30
839,39	-114,69
839,57	-147,45
839,75	-143,36
839,94	-178,17
840,12	-161,79
840,30	-139,26
840,48	-61,44
840,66	-98,30
840,85	-204,80
841,03	-69,63
841,21	-81,92
841,39	-36,86
841,57	-118,78
841,76	-104,45
841,94	-165,89
842,12	-194,56
842,30	-194,56
842,48	-155,65
842,67	-167,93
842,85	-86,01
843,03	-65,54
843,21	-237,56
843,39	-151,55
843,57	-182,27
843,76	-79,87
843,94	-155,65
844,12	-112,64
844,30	-237,56
844,48	-186,37
844,66	-94,21
844,85	-137,21
845,03	-219,13
845,21	-104,45
845,39	-133,12
845,57	-114,69
845,75	-178,17
845,94	-141,31
846,12	-92,16
846,30	-188,41
846,48	-126,97
846,66	-149,50
846,84	-40,96
847,02	-163,84
847,21	-67,58
847,39	-163,84
847,57	-223,23
847,75	-233,47
847,93	-167,93
848,11	-141,31
848,29	-131,07
848,48	-196,61
848,66	-131,07
848,84	-102,40
849,02	-169,98
849,20	-153,60
849,38	-149,50
849,56	-124,93
849,74	-120,83
849,93	-18,43
850,11	-221,18
850,29	-108,54
850,47	-161,79
850,65	-63,49
850,83	-124,93
851,01	-100,35
851,19	-256,00
851,37	-108,54
851,56	-143,36
851,74	-192,51
851,92	-145,41
852,10	-139,26
852,28	-73,73
852,46	-122,88
852,64	-63,49
852,82	-79,87
853,00	32,77
853,18	-49,15
853,37	-106,49
853,55	-79,87
853,73	-71,68
853,91	-102,40
854,09	-122,88
854,27	-133,12
854,45	-137,21
854,63	-71,68
854,81	24,58
854,99	-83,97
855,17	-210,94
855,35	-36,86
855,53	-165,89
855,72	-147,45
855,90	-116,73
856,08	-157,69
856,26	-116,73
856,44	-86,01
856,62	-88,06
856,80	-104,45
856,98	-108,54
857,16	-122,88
857,34	-172,03
857,52	-116,73
857,70	-131,07
857,88	-104,45
858,06	-120,83
858,24	-100,35
858,42	-30,72
858,60	-106,49
858,78	-67,58
858,96	-188,41
859,15	-30,72
859,33	-131,07
859,51	-112,64
859,69	-55,30
859,87	-81,92
860,05	-75,77
860,23	-204,80
860,41	-24,58
860,59	-90,11
860,77	51,20
860,95	-63,49
861,13	-227,32
861,31	-126,97
861,49	-6,14
861,67	-159,74
861,85	-102,40
862,03	-169,98
862,21	-57,34
862,39	-98,30
862,57	-155,65
862,75	4,10
862,93	-69,63
863,11	-157,69
863,29	-143,36
863,47	-47,10
863,65	-126,97
863,83	2,05
864,01	-131,07
864,19	-169,98
864,37	4,10
864,55	-118,78
864,73	-116,73
864,91	-274,43
865,09	-20,48
865,27	-172,03
865,45	-110,59
865,63	-45,06
865,81	-96,25
865,99	-112,64
866,17	-98,30
866,35	-129,02
866,53	-116,73
866,71	-163,84
866,89	-102,40
867,07	12,29
867,24	-86,01
867,42	-108,54
867,60	-30,72
867,78	-55,30
867,96	-143,36
868,14	-69,63
868,32	-57,34
868,50	-118,78
868,68	-59,39
868,86	-190,46
869,04	-94,21
869,22	30,72
869,40	-81,92
869,58	-40,96
869,76	4,10
869,94	-106,49
870,12	-94,21
870,30	-96,25
870,48	-34,82
870,66	-141,31
870,83	-172,03
871,01	-106,49
871,19	-108,54
871,37	-83,97
871,55	-40,96
871,73	-159,74
871,91	-104,45
872,09	36,86
872,27	-112,64
872,45	-100,35
872,63	-98,30
872,81	-47,10
872,98	-57,34
873,16	-10,24
873,34	47,10
873,52	-106,49
873,70	65,53
873,88	-167,93
874,06	-32,77
874,24	-94,21
874,42	-159,74
874,60	-122,88
874,78	-32,77
874,95	-81,92
875,13	-47,10
875,31	-47,10
875,49	-63,49
875,67	-163,84
875,85	-161,79
876,03	-75,77
876,21	-114,69
876,39	-36,86
876,56	20,48
876,74	-120,83
876,92	-28,67
877,10	-88,06
877,28	-104,45
877,46	-108,54
877,64	-96,25
877,82	-174,08
877,99	-24,58
878,17	-55,30
878,35	-10,24
878,53	-81,92
878,71	20,48
878,89	-92,16
879,07	-114,69
879,24	-65,53
879,42	-153,60
879,60	-169,98
879,78	-79,87
879,96	-145,41
880,14	6,14
880,32	71,68
880,49	-40,96
880,67	-88,06
880,85	-145,41
881,03	-51,20
881,21	-71,68
881,39	-40,96
881,56	-88,06
881,74	-32,77
881,92	-51,20
882,10	-129,02
882,28	-86,01
882,46	-147,45
882,63	-47,10
882,81	-210,94
882,99	0,00
883,17	0,00
883,35	-88,06
883,52	-104,45
883,70	-59,39
883,88	-98,30
884,06	-18,43
884,24	-45,06
884,42	-6,14
884,59	-104,45
884,77	20,48
884,95	-36,86
885,13	-4,10
885,31	-141,31
885,48	-4,10
885,66	-102,40
885,84	-122,88
886,02	-133,12
886,20	-28,67
886,37	-45,06
886,55	-57,34
886,73	-32,77
886,91	-12,29
887,08	-69,63
887,26	-77,82
887,44	-43,01
887,62	-71,68
887,80	-67,58
887,97	-129,02
888,15	-206,84
888,33	-36,86
888,51	-155,65
888,68	-67,58
888,86	-55,30
889,04	-32,77
889,22	-57,34
889,40	-51,20
889,57	-116,73
889,75	-30,72
889,93	-10,24
890,11	-71,68
890,28	-34,82
890,46	-47,10
890,64	-65,54
890,82	-12,29
890,99	-26,62
891,17	-180,22
891,35	-8,19
891,53	-83,97
891,70	-14,34
891,88	-77,82
892,06	-69,63
892,24	-51,20
892,41	-102,40
892,59	-135,17
892,77	-88,06
892,94	-73,73
893,12	-126,97
893,30	-86,01
893,48	-45,06
893,65	-163,84
893,83	-169,98
894,01	-133,12
894,19	-32,77
894,36	26,62
894,54	-40,96
894,72	-59,39
894,89	-49,15
895,07	0,00
895,25	-86,01
895,43	-53,25
895,60	-106,49
895,78	-20,48
895,96	-45,06
896,13	26,62
896,31	-14,34
896,49	-73,73
896,66	10,24
896,84	47,10
897,02	-45,06
897,20	-98,30
897,37	-165,89
897,55	-59,39
897,73	-32,77
897,90	-69,63
898,08	-43,01
898,26	-57,34
898,43	-38,91
898,61	8,19
898,79	-36,86
898,96	-61,44
899,14	-26,62
899,32	26,62
899,49	-18,43
899,67	-16,38
899,85	-6,14
900,02	-16,38
900,20	32,77
900,38	-43,01
900,55	-81,92
900,73	-69,63
900,91	34,82
901,08	-61,44
901,26	-55,30
901,44	30,72
901,61	-28,67
901,79	-79,87
901,97	2,05
902,14	-122,88
902,32	-147,45
902,50	20,48
902,67	-2,05
902,85	-110,59
903,02	18,43
903,20	-69,63
903,38	-126,97
903,55	-86,01
903,73	0,00
903,91	-88,06
904,08	67,58
904,26	-114,69
904,44	-14,34
904,61	-96,25
904,79	-79,87
904,96	36,86
905,14	77,82
905,32	6,14
905,49	-18,43
905,67	-16,38
905,84	-53,25
906,02	-88,06
906,20	16,38
906,37	43,01
906,55	-86,01
906,73	-86,01
906,90	69,63
907,08	-34,82
907,25	-32,77
907,43	28,67
907,61	-51,20
907,78	-100,35
907,96	20,48
908,13	-75,77
908,31	43,01
908,48	-63,49
908,66	-53,25
908,84	-57,34
909,01	-32,77
909,19	-63,49
909,36	-69,63
909,54	8,19
909,72	-57,34
909,89	-2,05
910,07	-14,34
910,24	45,06
910,42	-40,96
910,59	-2,05
910,77	-67,58
910,95	-77,82
911,12	-49,15
911,30	-90,11
911,47	45,06
911,65	-81,92
911,82	-14,34
912,00	-120,83
912,17	-100,35
912,35	-22,53
912,53	30,72
912,70	-53,25
912,88	34,82
913,05	-98,30
913,23	-28,67
913,40	-40,96
913,58	-106,49
913,75	55,30
913,93	4,10
914,10	-12,29
914,28	-24,58
914,46	-49,15
914,63	-137,21
914,81	6,14
914,98	8,19
915,16	-43,01
915,33	53,25
915,51	83,97
915,68	24,58
915,86	-8,19
916,03	-49,15
916,21	-24,58
916,38	-96,25
916,56	-63,49
916,73	-90,11
916,91	-10,24
917,08	-67,58
917,26	-126,97
917,43	-63,49
917,61	-40,96
917,78	30,72
917,96	-6,14
918,13	14,34
918,31	-26,62
918,48	-6,14
918,66	-22,53
918,83	-36,86
919,01	-10,24
919,18	-36,86
919,36	-73,73
919,53	-79,87
919,71	12,29
919,88	79,87
920,06	-112,64
920,23	0,00
920,41	2,05
920,58	36,86
920,76	-2,05
920,93	-32,77
921,11	38,91
921,28	-8,19
921,45	38,91
921,63	49,15
921,80	2,05
921,98	-18,43
922,15	24,58
922,33	-96,25
922,50	0,00
922,68	-55,30
922,85	22,53
923,03	-45,06
923,20	-139,26
923,38	88,06
923,55	-24,58
923,72	-24,58
923,90	-59,39
924,07	-38,91
924,25	-43,01
924,42	14,34
924,60	-63,49
924,77	10,24
924,95	-47,10
925,12	12,29
925,29	40,96
925,47	-73,73
925,64	112,64
925,82	-65,54
925,99	-61,44
926,17	116,73
926,34	59,39
926,51	-16,38
926,69	-18,43
926,86	-47,10
927,04	-26,62
927,21	49,15
927,38	-4,10
927,56	34,82
927,73	-151,55
927,91	-51,20
928,08	55,30
928,25	100,35
928,43	8,19
928,60	-59,39
928,78	34,82
928,95	-61,44
929,12	24,58
929,30	-16,38
929,47	43,01
929,65	-120,83
929,82	-8,19
929,99	12,29
930,17	-18,43
930,34	0,00
930,52	65,53
930,69	-49,15
930,86	45,06
931,04	69,63
931,21	18,43
931,38	28,67
931,56	-43,01
931,73	102,40
931,91	28,67
932,08	-26,62
932,25	-26,62
932,43	32,77
932,60	-38,91
932,77	-36,86
932,95	55,30
933,12	-30,72
933,29	24,58
933,47	14,34
933,64	-10,24
933,82	83,97
933,99	26,62
934,16	86,01
934,34	73,73
934,51	55,30
934,68	90,11
934,86	0,00
935,03	53,25
935,20	30,72
935,38	120,83
935,55	24,58
935,72	100,35
935,90	55,30
936,07	63,49
936,24	100,35
936,42	-8,19
936,59	40,96
936,76	-36,86
936,94	124,93
937,11	-12,29
937,28	28,67
937,46	-53,25
937,63	0,00
937,80	-22,53
937,97	-22,53
938,15	8,19
938,32	-10,24
938,49	102,40
938,67	88,06
938,84	147,45
939,01	34,82
939,19	-4,10
939,36	-67,58
939,53	75,77
939,70	55,30
939,88	16,38
940,05	86,01
940,22	67,58
940,40	22,53
940,57	49,15
940,74	8,19
940,92	45,06
941,09	79,87
941,26	69,63
941,43	32,77
941,61	-63,49
941,78	-45,06
941,95	-53,25
942,12	-6,14
942,30	69,63
942,47	-34,82
942,64	69,63
942,82	28,67
942,99	43,01
943,16	-32,77
943,33	32,77
943,51	-14,34
943,68	129,02
943,85	-14,34
944,02	26,62
944,20	-4,10
944,37	131,07
944,54	-38,91
944,71	49,15
944,89	75,77
945,06	126,97
945,23	45,06
945,40	83,97
945,58	88,06
945,75	14,34
945,92	143,36
946,09	79,87
946,27	131,07
946,44	6,14
946,61	51,20
946,78	-4,10
946,95	88,06
947,13	-53,25
947,30	126,97
947,47	-6,14
947,64	12,29
947,82	55,30
947,99	40,96
948,16	96,25
948,33	4,10
948,50	73,73
948,68	16,38
948,85	73,73
949,02	90,11
949,19	4,10
949,36	81,92
949,54	73,73
949,71	-22,53
949,88	-14,34
950,05	69,63
950,22	49,15
950,40	-73,73
950,57	28,67
950,74	77,82
950,91	24,58
951,08	0,00
951,26	88,06
951,43	-106,49
951,60	55,30
951,77	-63,49
951,94	0,00
952,11	65,53
952,29	-55,30
952,46	63,49
952,63	169,98
952,80	28,67
952,97	-34,82
953,15	51,20
953,32	63,49
953,49	-32,77
953,66	14,34
953,83	45,06
954,00	67,58
954,17	51,20
954,35	112,64
954,52	16,38
954,69	20,48
954,86	79,87
955,03	0,00
955,20	110,59
955,38	59,39
955,55	71,68
955,72	-26,62
955,89	79,87
956,06	77,82
956,23	34,82
956,40	-51,20
956,58	2,05
956,75	-24,58
956,92	26,62
957,09	47,10
957,26	-38,91
957,43	-8,19
957,60	-30,72
957,77	-10,24
957,95	-10,24
958,12	-59,39
958,29	-53,25
958,46	40,96
958,63	-47,10
958,80	4,10
958,97	155,65
959,14	71,68
959,31	-38,91
959,49	-22,53
959,66	-53,25
959,83	-16,38
960,00	-32,77
960,17	112,64
960,34	16,38
960,51	126,97
960,68	-6,14
960,85	69,63
961,02	-36,86
961,20	47,10
961,37	122,88
961,54	51,20
961,71	36,86
961,88	79,87
962,05	51,20
962,22	55,30
962,39	51,20
962,56	49,15
962,73	59,39
962,90	-38,91
963,07	43,01
963,24	67,58
963,42	131,07
963,59	12,29
963,76	36,86
963,93	18,43
964,10	92,16
964,27	34,82
964,44	34,82
964,61	22,53
964,78	6,14
964,95	-45,06
965,12	116,73
965,29	26,62
965,46	0,00
965,63	-67,58
965,80	-10,24
965,97	-24,58
966,14	67,58
966,31	-12,29
966,48	-18,43
966,66	49,15
966,83	38,91
967,00	51,20
967,17	86,01
967,34	-18,43
967,51	67,58
967,68	116,73
967,85	18,43
968,02	-4,10
968,19	26,62
968,36	-40,96
968,53	83,97
968,70	32,77
968,87	40,96
969,04	-67,58
969,21	81,92
969,38	49,15
969,55	100,35
969,72	10,24
969,89	122,88
970,06	-63,49
970,23	116,73
970,40	-28,67
970,57	14,34
970,74	77,82
970,91	75,77
971,08	6,14
971,25	30,72
971,42	43,01
971,59	16,38
971,76	49,15
971,93	-8,19
972,10	45,06
972,27	53,25
972,44	94,21
972,61	43,01
972,78	20,48
972,95	10,24
973,12	100,35
973,29	88,06
973,46	4,10
973,63	86,01
973,80	-65,54
973,97	81,92
974,14	49,15
974,30	6,14
974,47	110,59
974,64	36,86
974,81	-8,19
974,98	-63,49
975,15	67,58
975,32	2,05
975,49	2,05
975,66	18,43
975,83	-24,58
976,00	-22,53
976,17	67,58
976,34	-14,34
976,51	2,05
976,68	53,25
976,85	110,59
977,02	124,93
977,19	65,54
977,36	-12,29
977,52	69,63
977,69	79,87
977,86	-90,11
978,03	-118,78
978,20	20,48
978,37	-30,72
978,54	-34,82
978,71	20,48
978,88	83,97
979,05	-24,58
979,22	75,77
979,39	12,29
979,56	28,67
979,72	55,30
979,89	-2,05
980,06	124,93
980,23	34,82
980,40	-6,14
980,57	12,29
980,74	61,44
980,91	59,39
981,08	47,10
981,25	-8,19
981,41	65,53
981,58	-4,10
981,75	65,54
981,92	-6,14
982,09	-2,05
982,26	-96,25
982,43	65,54
982,60	-51,20
982,77	14,34
982,93	106,49
983,10	63,49
983,27	-6,14
983,44	45,06
983,61	98,30
983,78	94,21
983,95	20,48
984,11	16,38
984,28	14,34
984,45	30,72
984,62	-22,53
984,79	2,05
984,96	-20,48
985,13	-104,45
985,30	92,16
985,46	65,54
985,63	-77,82
985,80	6,14
985,97	-186,37
986,14	28,67
986,31	73,73
986,47	90,11
986,64	135,17
986,81	-2,05
986,98	-2,05
987,15	38,91
987,32	-6,14
987,48	114,69
987,65	-61,44
987,82	-6,14
987,99	90,11
988,16	249,85
988,33	-20,48
988,49	96,25
988,66	122,88
988,83	16,38
989,00	28,67
989,17	-47,10
989,34	145,41
989,50	47,10
989,67	-61,44
989,84	-14,34
990,01	-26,62
990,18	40,96
990,34	79,87
990,51	112,64
990,68	38,91
990,85	83,97
991,02	-96,25
991,18	57,34
991,35	53,25
991,52	-88,06
991,69	61,44
991,86	-4,10
992,02	61,44
992,19	6,14
992,36	-30,72
992,53	57,34
992,69	14,34
992,86	90,11
993,03	-71,68
993,20	18,43
993,37	112,64
993,53	100,35
993,70	114,69
993,87	-12,29
994,04	-51,20
994,20	-20,48
994,37	4,10
994,54	45,06
994,71	-61,44
994,87	-20,48
995,04	57,34
995,21	149,50
995,38	59,39
995,55	40,96
995,71	-34,82
995,88	40,96
996,05	65,54
996,22	53,25
996,38	32,77
996,55	32,77
996,72	96,25
996,88	28,67
997,05	92,16
997,22	-10,24
997,39	32,77
997,55	-40,96
997,72	43,01
997,89	-16,38
998,06	96,25
998,22	-47,10
998,39	38,91
998,56	73,73
998,73	-4,10
998,89	-16,38
999,06	51,20
999,23	106,49
999,39	63,49
999,56	28,67
999,73	47,10
999,90	43,01
1000,06	65,53
1000,23	-6,14
1000,40	94,21
1000,56	59,39
1000,73	43,01
1000,90	32,77
1001,06	145,41
1001,23	-20,48
1001,40	18,43
1001,57	65,54
1001,73	10,24
1001,90	63,49
1002,07	94,21
1002,23	-8,19
1002,40	12,29
1002,57	24,58
1002,73	-61,44
1002,90	12,29
1003,07	14,34
1003,23	-16,38
1003,40	-96,25
1003,57	40,96
1003,73	-14,34
1003,90	-18,43
1004,07	-10,24
1004,23	12,29
1004,40	63,49
1004,57	36,86
1004,73	71,68
1004,90	30,72
1005,07	38,91
1005,23	51,20
1005,40	67,58
1005,57	2,05
1005,73	43,01
1005,90	16,38
1006,07	100,35
1006,23	-10,24
1006,40	104,45
1006,57	151,55
1006,73	71,68
1006,90	169,98
1007,06	71,68
1007,23	88,06
1007,40	-143,36
1007,56	14,34
1007,73	53,25
1007,90	-71,68
1008,06	129,02
1008,23	139,26
1008,40	26,62
1008,56	145,41
1008,73	-36,86
1008,89	32,77
1009,06	112,64
1009,23	75,77
1009,39	116,73
1009,56	28,67
1009,72	-47,10
1009,89	-61,44
1010,06	-6,14
1010,22	-32,77
1010,39	90,11
1010,55	40,96
1010,72	36,86
1010,89	47,10
1011,05	-16,38
1011,22	92,16
1011,38	-55,30
1011,55	34,82
1011,72	4,10
1011,88	90,11
1012,05	63,49
1012,21	-16,38
1012,38	43,01
1012,55	108,54
1012,71	118,78
1012,88	126,97
1013,04	98,30
1013,21	14,34
1013,37	12,29
1013,54	67,58
1013,71	24,58
1013,87	-22,53
1014,04	61,44
1014,20	22,53
1014,37	141,31
1014,53	-98,30
1014,70	98,30
1014,87	43,01
1015,03	10,24
1015,20	57,34
1015,36	26,62
1015,53	57,34
1015,69	12,29
1015,86	26,62
1016,02	-14,34
1016,19	32,77
1016,36	92,16
1016,52	-51,20
1016,69	-10,24
1016,85	-2,05
1017,02	-16,38
1017,18	-10,24
1017,35	14,34
1017,51	73,73
1017,68	118,78
1017,84	-40,96
1018,01	24,58
1018,17	176,13
1018,34	34,82
1018,50	8,19
1018,67	77,82
1018,84	43,01
1019,00	86,01
1019,17	59,39
1019,33	53,25
1019,50	34,82
1019,66	59,39
1019,83	-4,10
1019,99	-81,92
1020,16	53,25
1020,32	126,97
1020,49	6,14
1020,65	63,49
1020,82	77,82
1020,98	77,82
1021,15	63,49
1021,31	120,83
1021,48	-90,11
1021,64	110,59
1021,81	20,48
1021,97	98,30
1022,14	51,20
1022,30	-4,10
1022,47	28,67
1022,63	53,25
1022,79	40,96
1022,96	22,53
1023,12	75,77
1023,29	10,24
1023,45	-34,82
1023,62	161,79
1023,78	-2,05
1023,95	57,34
1024,11	-2,05
1024,28	20,48
1024,44	45,06
1024,61	-10,24
1024,77	-16,38
1024,94	51,20
1025,10	122,88
1025,26	26,62
1025,43	14,34
1025,59	65,53
1025,76	26,62
1025,92	16,38
1026,09	10,24
1026,25	-81,92
1026,42	0,00
1026,58	98,30
1026,74	8,19
1026,91	38,91
1027,07	102,40
1027,24	75,77
1027,40	-20,48
1027,57	-8,19
1027,73	28,67
1027,90	149,50
1028,06	43,01
1028,22	133,12
1028,39	6,14
1028,55	61,44
1028,72	47,10
1028,88	14,34
1029,04	47,10
1029,21	26,62
1029,37	40,96
1029,54	116,73
1029,70	12,29
1029,87	-8,19
1030,03	53,25
1030,19	30,72
1030,36	63,49
1030,52	65,53
1030,69	79,87
1030,85	2,05
1031,01	-22,53
1031,18	34,82
1031,34	161,79
1031,50	51,20
1031,67	57,34
1031,83	16,38
1032,00	-4,10
1032,16	131,07
1032,32	26,62
1032,49	49,15
1032,65	24,58
1032,82	22,53
1032,98	45,06
1033,14	-14,34
1033,31	79,87
1033,47	143,36
1033,63	92,16
1033,80	96,25
1033,96	2,05
1034,13	75,77
1034,29	6,14
1034,45	51,20
1034,62	14,34
1034,78	32,77
1034,94	75,77
1035,11	53,25
1035,27	108,54
1035,43	22,53
1035,60	6,14
1035,76	-40,96
1035,92	98,30
1036,09	57,34
1036,25	110,59
1036,41	51,20
1036,58	4,10
1036,74	18,43
1036,90	90,11
1037,07	55,30
1037,23	65,54
1037,39	22,53
1037,56	10,24
1037,72	32,77
1037,88	45,06
1038,05	-2,05
1038,21	118,78
1038,37	-67,58
1038,54	116,73
1038,70	28,67
1038,86	53,25
1039,03	20,48
1039,19	53,25
1039,35	57,34
1039,52	-59,39
1039,68	10,24
1039,84	43,01
1040,00	-6,14
1040,17	-14,34
1040,33	16,38
1040,49	24,58
1040,66	28,67
1040,82	-6,14
1040,98	-14,34
1041,15	120,83
1041,31	-53,25
1041,47	-26,62
1041,63	192,51
1041,80	-4,10
1041,96	90,11
1042,12	32,77
1042,29	24,58
1042,45	81,92
1042,61	36,86
1042,77	137,21
1042,94	71,68
1043,10	102,40
1043,26	-10,24
1043,42	67,58
1043,59	-6,14
1043,75	-77,82
1043,91	34,82
1044,07	-24,58
1044,24	98,30
1044,40	8,19
