345,22	9,13
345,44	9,13
345,66	10,46
345,88	94,82
346,10	114,05
346,32	-55,73
346,54	-118,68
346,75	45,59
346,97	6,89
347,19	6,44
347,41	7,99
347,63	45,14
347,85	62,62
348,07	12,87
348,29	-56,52
348,51	13,96
348,73	-19,87
348,95	-36,00
349,16	56,65
349,38	32,98
349,60	41,61
349,82	22,81
350,04	21,48
350,26	39,61
350,48	-5,48
350,70	-18,74
350,92	6,23
351,14	-55,19
351,35	14,41
351,57	39,83
351,79	-7,03
352,01	43,36
352,23	49,34
352,45	-59,62
352,67	-1,28
352,89	32,76
353,10	31,43
353,32	41,15
353,54	39,82
353,76	52,42
353,98	40,26
354,20	30,09
354,42	15,95
354,64	37,61
354,85	-20,73
355,07	12,64
355,29	-7,91
355,51	53,55
355,73	42,70
355,95	22,58
356,17	13,30
356,38	-2,63
356,60	38,49
356,82	-16,55
357,04	84,93
357,26	38,71
357,48	15,51
357,69	68,56
357,91	92,43
358,13	-7,47
358,35	0,04
358,57	3,35
358,79	17,72
359,01	59,48
359,22	-11,01
359,44	37,38
359,66	21,02
359,88	79,62
360,10	54,42
360,32	49,36
360,53	-37,09
360,75	6,00
360,97	-28,90
361,19	2,24
361,41	45,56
361,62	-6,81
361,84	40,71
362,06	46,89
362,28	69,44
362,50	-2,62
362,72	-26,93
362,93	135,18
363,15	24,14
363,37	-38,64
363,59	11,76
363,81	37,85
364,02	-53,21
364,24	25,46
364,46	58,14
364,68	125,37
364,90	-93,37
365,11	0,02
365,33	23,01
365,55	40,05
365,77	15,50
365,99	128,49
366,20	-75,51
366,42	10,86
366,64	58,38
366,86	8,22
367,07	-44,82
367,29	54,66
367,51	55,99
367,73	38,52
367,95	-43,05
368,16	-13,66
368,38	-17,85
368,60	53,52
368,82	54,85
369,03	-25,15
369,25	26,56
369,47	48,21
369,69	132,72
369,91	-37,74
370,12	84,28
370,34	76,75
370,56	92,91
370,78	27,89
370,99	-10,12
371,21	43,15
371,43	83,84
371,65	94,24
371,86	24,36
372,08	-29,12
372,30	43,13
372,52	41,58
372,73	20,59
372,95	2,90
373,17	48,25
373,39	81,20
373,60	43,15
373,82	61,06
374,04	43,15
374,26	12,41
374,47	24,79
374,69	54,20
374,91	-24,92
375,12	26,12
375,34	46,24
375,56	-8,58
375,78	58,40
375,99	65,47
376,21	-35,75
376,43	30,09
376,65	26,11
376,86	-4,38
377,08	48,67
377,30	-44,37
377,51	-1,50
377,73	87,59
377,95	36,51
378,17	9,33
378,38	70,32
378,60	23,90
378,82	10,20
379,03	85,97
379,25	107,41
379,47	-40,18
379,68	112,10
379,90	92,88
380,12	-19,19
380,34	29,88
380,55	43,58
380,77	-14,98
380,99	66,34
381,20	28,54
381,42	110,80
381,64	83,59
381,85	63,71
382,07	-76,16
382,29	2,47
382,50	-43,25
382,72	36,07
382,94	123,86
383,15	63,71
383,37	16,62
383,59	-19,62
383,80	53,09
384,02	20,79
384,24	83,34
384,45	-31,11
384,67	4,00
384,89	111,64
385,10	120,97
385,32	36,29
385,54	69,21
385,75	92,86
385,97	86,00
386,19	45,55
386,40	17,49
386,62	79,82
386,84	59,71
387,05	69,44
387,27	120,75
387,49	57,94
387,70	40,70
387,92	39,37
388,14	98,17
388,35	115,85
388,57	77,16
388,79	122,71
389,00	84,68
389,22	50,62
389,43	105,43
389,65	93,27
389,87	101,87
390,08	189,64
390,30	120,22
390,52	126,61
390,73	156,89
390,95	203,99
391,17	160,16
391,38	192,82
391,60	124,09
391,81	144,85
392,03	209,41
392,25	268,89
392,46	251,22
392,68	151,68
392,89	225,68
393,11	242,43
393,33	234,68
393,54	241,52
393,76	267,39
393,98	218,75
394,19	276,04
394,41	267,82
394,62	346,08
394,84	284,05
395,06	371,35
395,27	347,25
395,49	406,73
395,70	312,49
395,92	463,35
396,13	443,55
396,35	399,29
396,57	519,21
396,78	548,42
397,00	533,36
397,21	551,11
397,43	521,45
397,65	603,89
397,86	667,06
398,08	659,95
398,29	705,42
398,51	835,52
398,72	772,39
398,94	783,55
399,16	862,86
399,37	948,44
399,59	869,04
399,80	1036,86
400,02	1053,05
400,23	1193,54
400,45	1271,50
400,67	1261,09
400,88	1307,79
401,10	1383,37
401,31	1454,83
401,53	1546,07
401,74	1578,26
401,96	1689,55
402,17	1778,88
402,39	1834,34
402,61	1925,82
402,82	2100,20
403,04	2129,99
403,25	2253,32
403,47	2230,02
403,68	2479,78
403,90	2505,99
404,11	2687,58
404,33	2905,63
404,54	2945,09
404,76	3128,08
404,97	3373,73
405,19	3323,87
405,41	3560,05
405,62	3740,23
405,84	3992,91
406,05	4054,57
406,27	4300,83
406,48	4427,00
406,70	4589,34
406,91	4782,58
407,13	5083,75
407,34	5321,21
407,56	5439,02
407,77	5818,35
407,99	5990,26
408,20	6139,38
408,42	6593,18
408,63	6811,59
408,85	7044,91
409,06	7354,64
409,28	7473,77
409,49	7909,11
409,71	8079,48
409,92	8479,71
410,14	8787,95
410,35	9040,02
410,57	9526,88
410,78	10045,56
411,00	10395,26
411,21	10847,89
411,43	11190,21
411,64	11704,16
411,86	12095,91
412,07	12387,82
412,29	12858,99
412,50	13469,09
412,72	13942,24
412,93	14292,32
413,15	14909,95
413,36	15434,96
413,58	15831,84
413,79	16331,52
414,01	17049,92
414,22	17682,82
414,43	18428,49
414,65	19055,88
414,86	19610,12
415,08	19981,97
415,29	20431,86
415,51	20836,17
415,72	21438,98
415,94	22040,21
416,15	22928,85
416,37	23728,44
416,58	24492,16
416,80	25330,62
417,01	26064,36
417,22	26558,08
417,44	27172,72
417,65	28050,52
417,87	28609,37
418,08	28964,81
418,30	29639,50
418,51	30139,04
418,73	30476,95
418,94	31371,83
419,15	32069,54
419,37	32707,26
419,58	33234,33
419,80	33889,20
420,01	34416,11
420,23	35211,09
420,44	35709,68
420,65	36359,80
420,87	36865,10
421,08	37153,09
421,30	37401,52
421,51	37759,28
421,73	38377,14
421,94	38761,32
422,15	39108,97
422,37	39321,35
422,58	39866,38
422,80	40114,77
423,01	40173,05
423,22	40540,89
423,44	40859,82
423,65	40475,71
423,87	40642,66
424,08	40697,96
424,29	40700,95
424,51	40513,16
424,72	40516,35
424,94	40330,57
425,15	40074,31
425,36	39673,44
425,58	39604,90
425,79	39032,52
426,01	38854,48
426,22	38863,49
426,43	38939,69
426,65	38716,96
426,86	38712,62
427,08	38203,47
427,29	37465,26
427,50	36352,75
427,72	35670,23
427,93	35176,74
428,14	34964,16
428,36	34448,27
428,57	33990,77
428,79	33547,47
429,00	32694,87
429,21	32007,91
429,43	31394,96
429,64	31184,93
429,85	30652,05
430,07	30158,76
430,28	29627,59
430,49	29250,09
430,71	28551,83
430,92	28172,03
431,14	27478,54
431,35	26872,40
431,56	26214,46
431,78	25844,00
431,99	25331,10
432,20	25093,35
432,42	24710,37
432,63	24010,95
432,84	23111,71
433,06	22707,17
433,27	21889,73
433,48	21204,27
433,70	20740,82
433,91	20263,30
434,12	19856,86
434,34	19499,61
434,55	18939,98
434,76	18791,54
434,98	18336,42
435,19	17850,19
435,40	17377,86
435,62	17088,71
435,83	16456,44
436,04	16068,16
436,26	15476,90
436,47	15184,80
436,68	14793,93
436,90	14360,80
437,11	14218,51
437,32	14084,03
437,54	13758,52
437,75	13458,25
437,96	12961,59
438,17	12541,06
438,39	12253,54
438,60	11974,64
438,81	11803,78
439,03	11692,27
439,24	11530,62
439,45	11273,00
439,67	10908,58
439,88	10501,45
440,09	10096,19
440,30	9848,71
440,52	9721,22
440,73	9496,14
440,94	9230,87
441,16	9055,37
441,37	8851,66
441,58	8606,17
441,80	8548,65
442,01	8374,67
442,22	8158,54
442,43	7824,12
442,65	7524,90
442,86	7313,53
443,07	7283,99
443,28	7085,34
443,50	6914,19
443,71	6649,11
443,92	6599,16
444,14	6442,03
444,35	6232,47
444,56	6014,81
444,77	5984,84
444,99	5820,80
445,20	5603,00
445,41	5425,34
445,62	5418,53
445,84	5324,91
446,05	5171,84
446,26	4897,04
446,47	4848,10
446,69	4716,22
446,90	4531,41
447,11	4343,42
447,32	4313,55
447,54	4139,63
447,75	4006,80
447,96	3934,23
448,17	3862,21
448,39	3707,79
448,60	3681,50
448,81	3564,71
449,02	3455,21
449,23	3430,96
449,45	3342,51
449,66	3250,82
449,87	3237,58
450,08	3076,28
450,30	3074,67
450,51	3007,32
450,72	2950,46
450,93	2840,71
451,15	2718,52
451,36	2636,97
451,57	2614,10
451,78	2607,73
451,99	2591,00
452,21	2510,01
452,42	2455,53
452,63	2415,05
452,84	2327,11
453,05	2285,41
453,27	2200,15
453,48	2022,68
453,69	2179,34
453,90	2019,52
454,11	2004,45
454,33	2041,08
454,54	1922,81
454,75	1882,32
454,96	1918,11
455,17	1838,45
455,39	1820,87
455,60	1825,89
455,81	1757,98
456,02	1814,67
456,23	1625,04
456,45	1589,62
456,66	1549,40
456,87	1564,55
457,08	1459,37
457,29	1404,83
457,50	1463,85
457,72	1451,46
457,93	1428,88
458,14	1396,60
458,35	1300,42
458,56	1346,47
458,77	1369,02
458,99	1247,75
459,20	1208,63
459,41	1224,44
459,62	1171,01
459,83	1196,46
460,04	1253,27
460,26	1106,72
460,47	1128,65
460,68	1118,77
460,89	1099,89
461,10	1024,74
461,31	1036,96
461,52	963,17
461,74	907,95
461,95	978,19
462,16	933,89
462,37	855,32
462,58	836,78
462,79	842,33
463,00	875,88
463,22	761,54
463,43	789,51
463,64	819,99
463,85	784,86
464,06	760,86
464,27	741,31
464,48	687,45
464,70	763,55
464,91	746,09
465,12	789,98
465,33	727,67
465,54	674,89
465,75	736,68
465,96	748,25
466,17	754,17
466,38	711,02
466,60	719,46
466,81	657,70
467,02	558,66
467,23	639,56
467,44	650,53
467,65	673,45
467,86	544,81
468,07	653,49
468,28	633,26
468,50	652,82
468,71	571,20
468,92	551,68
469,13	574,28
469,34	565,88
469,55	558,43
469,76	588,76
469,97	502,09
470,18	623,59
470,39	513,89
470,60	473,81
470,82	522,93
471,03	533,43
471,24	429,08
471,45	506,07
471,66	428,05
471,87	510,70
472,08	498,48
472,29	505,24
472,50	343,53
472,71	455,76
472,92	452,26
473,13	372,15
473,34	419,57
473,55	420,22
473,77	360,75
473,98	395,72
474,19	461,96
474,40	445,52
474,61	384,76
474,82	431,97
475,03	404,99
475,24	439,95
475,45	395,02
475,66	323,25
475,87	475,61
476,08	444,41
476,29	365,10
476,50	353,82
476,71	359,07
476,92	434,52
477,13	401,40
477,34	369,38
477,55	341,36
477,76	331,30
477,97	329,78
478,18	358,48
478,40	402,75
478,61	359,16
478,82	415,70
479,03	378,34
479,24	289,11
479,45	428,96
479,66	335,07
479,87	316,57
480,08	389,92
480,29	355,47
480,50	251,03
480,71	314,67
480,92	255,27
481,13	279,24
481,34	250,74
481,55	305,07
481,76	285,56
481,97	259,70
482,18	295,20
482,39	312,00
482,60	265,85
482,81	361,36
483,02	289,66
483,23	271,14
483,44	288,37
483,65	310,20
483,86	301,78
484,07	302,47
484,28	281,04
484,49	287,94
484,70	268,57
484,91	209,44
485,12	292,32
485,33	268,93
485,54	214,51
485,75	273,29
485,96	220,47
486,17	266,46
486,38	314,63
486,59	239,28
486,80	158,67
487,01	267,14
487,21	228,91
487,42	259,42
487,63	180,73
487,84	322,05
488,05	268,58
488,26	116,22
488,47	291,59
488,68	292,73
488,89	146,78
489,10	206,20
489,31	171,08
489,52	259,69
489,73	221,19
489,94	126,86
490,15	279,70
490,36	209,89
490,57	203,08
490,78	210,87
490,99	222,37
491,20	268,77
491,41	200,65
491,61	137,90
491,82	230,86
492,03	201,06
492,24	208,63
492,45	287,55
492,66	149,21
492,87	182,17
493,08	165,37
493,29	213,79
493,50	201,22
493,71	162,32
493,92	162,53
494,13	177,33
494,34	164,72
494,54	214,83
494,75	184,10
494,96	49,65
495,17	212,38
495,38	249,31
495,59	201,38
495,80	154,32
496,01	96,03
496,22	125,40
496,43	214,05
496,64	155,05
496,84	268,88
497,05	206,48
497,26	124,50
497,47	147,92
497,68	141,96
497,89	250,31
498,10	165,80
498,31	94,47
498,52	204,24
498,72	121,17
498,93	188,61
499,14	119,48
499,35	189,11
499,56	170,99
499,77	210,14
499,98	128,34
500,19	132,77
500,40	160,14
500,60	236,43
500,81	75,07
501,02	176,92
501,23	149,27
501,44	204,38
501,65	152,24
501,86	148,70
502,06	158,62
502,27	124,33
502,48	130,48
502,69	162,74
502,90	71,52
503,11	239,23
503,32	157,03
503,53	113,31
503,73	139,59
503,94	135,85
504,15	76,20
504,36	97,85
504,57	133,22
504,78	112,46
504,98	145,63
505,19	140,12
505,40	108,28
505,61	126,82
505,82	160,88
506,03	77,31
506,23	167,67
506,44	134,50
506,65	50,58
506,86	165,67
507,07	124,59
507,28	139,41
507,48	69,82
507,69	64,96
507,90	151,58
508,11	123,06
508,32	98,98
508,53	139,21
508,73	140,96
508,94	163,77
509,15	77,35
509,36	137,02
509,57	141,22
509,77	10,41
509,98	88,36
510,19	119,08
510,40	117,10
510,61	125,47
510,81	52,13
511,02	63,18
511,23	69,36
511,44	165,26
511,65	156,03
511,85	26,98
512,06	132,61
512,27	113,78
512,48	92,14
512,69	80,19
512,89	100,29
513,10	135,42
513,31	59,44
513,52	92,35
513,73	158,21
513,93	40,21
514,14	20,78
514,35	65,82
514,56	153,73
514,76	142,93
514,97	101,62
515,18	75,77
515,39	106,04
515,60	106,48
515,80	91,67
516,01	45,74
516,22	19,24
516,43	179,62
516,63	68,47
516,84	101,82
517,05	154,84
517,26	84,35
517,46	101,37
517,67	114,63
517,88	63,40
518,09	156,19
518,29	148,04
518,50	39,77
518,71	162,63
518,92	35,13
519,12	87,94
519,33	116,87
519,54	80,42
519,75	10,41
519,95	36,03
520,16	79,77
520,37	158,26
520,57	90,17
520,78	-9,68
520,99	82,86
521,20	51,05
521,40	159,39
521,61	51,28
521,82	108,76
522,03	124,45
522,23	6,67
522,44	127,99
522,65	83,78
522,85	66,75
523,06	41,12
523,27	24,77
523,48	30,51
523,68	63,87
523,89	62,34
524,10	106,11
524,30	55,49
524,51	47,97
524,72	95,70
524,93	92,15
525,13	137,45
525,34	122,63
525,55	88,82
525,75	64,96
525,96	54,13
526,17	108,48
526,37	-41,01
526,58	73,81
526,79	111,83
526,99	114,71
527,20	38,70
527,41	103,89
527,62	78,25
527,82	94,83
528,03	84,43
528,24	62,55
528,44	1,14
528,65	104,99
528,86	60,56
529,06	110,74
529,27	126,84
529,48	125,49
529,68	26,97
529,89	36,91
530,10	70,25
530,30	99,66
530,51	89,51
530,72	38,25
530,92	43,12
531,13	98,12
531,34	48,63
531,54	32,49
531,75	155,34
531,96	-42,77
532,16	104,51
532,37	62,97
532,57	68,28
532,78	89,05
532,99	133,67
533,19	44,41
533,40	31,61
533,61	96,34
533,81	81,09
534,02	8,44
534,23	109,84
534,43	63,87
534,64	28,97
534,84	62,99
535,05	65,18
535,26	77,78
535,46	59,45
535,67	22,56
535,88	79,99
536,08	83,10
536,29	-1,51
536,49	62,77
536,70	40,67
536,91	163,81
537,11	57,69
537,32	135,45
537,53	59,21
537,73	-18,51
537,94	94,57
538,14	77,34
538,35	52,62
538,56	42,66
538,76	66,74
538,97	101,85
539,17	127,70
539,38	51,47
539,59	90,57
539,79	113,10
540,00	73,35
540,20	90,12
540,41	79,30
540,62	-136,69
540,82	153,08
541,03	95,64
541,23	63,63
541,44	107,59
541,64	66,05
541,85	140,35
542,06	50,83
542,26	124,41
542,47	67,39
542,67	81,30
542,88	58,98
543,08	36,46
543,29	41,97
543,50	14,61
543,70	32,26
543,91	39,10
544,11	87,89
544,32	106,02
544,52	26,75
544,73	163,51
544,94	111,35
545,14	100,74
545,35	123,72
545,55	73,78
545,76	86,59
545,96	48,39
546,17	83,95
546,37	-4,82
546,58	28,31
546,78	134,98
546,99	107,12
547,20	-26,24
547,40	90,10
547,61	96,50
547,81	171,02
548,02	19,46
548,22	96,08
548,43	-25,77
548,63	55,00
548,84	43,74
549,04	53,69
549,25	69,17
549,45	72,48
549,66	77,57
549,86	23,66
550,07	74,69
550,27	109,81
550,48	61,86
550,69	81,53
550,89	59,64
551,10	93,22
551,30	0,48
551,51	102,51
551,71	26,75
551,92	30,08
552,12	95,04
552,33	70,51
552,53	92,39
552,74	87,75
552,94	67,62
553,15	105,61
553,35	33,81
553,56	69,37
553,76	97,64
553,97	36,02
554,17	122,39
554,38	3,35
554,58	76,69
554,79	70,51
554,99	95,91
555,19	108,08
555,40	58,79
555,60	29,40
555,81	77,55
556,01	85,31
556,22	38,69
556,42	143,19
556,63	125,28
556,83	56,34
557,04	130,12
557,24	66,05
557,45	72,46
557,65	163,07
557,86	112,47
558,06	32,72
558,27	78,22
558,47	61,00
558,67	-14,98
558,88	124,45
559,08	89,71
559,29	125,31
559,49	11,96
559,70	130,61
559,90	101,43
560,11	78,89
560,31	17,27
560,52	60,56
560,72	62,54
560,92	52,81
561,13	113,11
561,33	90,12
561,54	49,27
561,74	14,38
561,95	148,47
562,15	14,61
562,35	71,15
562,56	11,96
562,76	108,54
562,97	36,26
563,17	11,30
563,38	21,68
563,58	67,40
563,78	70,49
563,99	76,25
564,19	136,82
564,40	4,02
564,60	48,86
564,80	17,05
565,01	83,52
565,21	69,60
565,42	4,67
565,62	130,81
565,83	65,40
566,03	87,94
566,23	88,61
566,44	54,81
566,64	69,59
566,85	75,34
567,05	55,23
567,25	131,67
567,46	70,01
567,66	97,63
567,86	85,26
568,07	76,22
568,27	74,46
568,48	178,87
568,68	82,87
568,88	100,76
569,09	15,49
569,29	55,68
569,50	133,66
569,70	46,17
569,90	53,47
570,11	59,63
570,31	113,98
570,51	35,57
570,72	96,52
570,92	61,18
571,13	33,58
571,33	152,18
571,53	23,43
571,74	113,32
571,94	50,15
572,14	8,21
572,35	121,76
572,55	41,99
572,75	128,13
572,96	8,87
573,16	36,90
573,36	99,83
573,57	66,04
573,77	41,10
573,97	99,41
574,18	130,35
574,38	33,81
574,59	17,91
574,79	98,08
574,99	150,48
575,20	-3,71
575,40	104,07
575,60	39,56
575,81	-4,81
576,01	26,76
576,21	111,82
576,42	97,47
576,62	66,75
576,82	81,78
577,02	47,31
577,23	48,64
577,43	-9,67
577,63	55,71
577,84	37,15
578,04	24,34
578,24	57,71
578,45	38,03
578,65	61,87
578,85	66,06
579,06	28,29
579,26	46,62
579,46	122,82
579,67	77,98
579,87	5,11
580,07	27,41
580,27	61,64
580,48	79,76
580,68	95,44
580,88	28,74
581,09	65,83
581,29	58,33
581,49	3,57
581,69	96,13
581,90	88,39
582,10	129,50
582,30	68,05
582,51	74,91
582,71	41,33
582,91	23,01
583,11	82,42
583,32	49,95
583,52	18,80
583,72	84,39
583,93	43,75
584,13	38,01
584,33	47,28
584,53	14,17
584,74	3,13
584,94	161,79
585,14	60,56
585,34	-3,93
585,55	102,76
585,75	56,13
585,95	87,28
586,15	148,92
586,36	47,06
586,56	25,20
586,76	50,59
586,96	124,38
587,17	51,93
587,37	-27,55
587,57	57,02
587,77	134,61
587,98	-1,95
588,18	88,84
588,38	78,44
588,58	79,78
588,79	67,84
588,99	113,36
589,19	51,04
589,39	56,57
589,60	97,66
589,80	76,01
590,00	51,49
590,20	118,86
590,40	108,24
590,61	104,70
590,81	66,70
591,01	122,82
591,21	69,38
591,42	76,91
591,62	94,36
591,82	123,30
592,02	-38,15
592,22	53,90
592,43	104,47
592,63	100,70
592,83	47,27
593,03	91,87
593,23	93,64
593,44	48,38
593,64	93,46
593,84	62,76
594,04	60,11
594,24	80,22
594,45	142,11
594,65	87,73
594,85	69,18
595,05	90,15
595,25	69,59
595,46	29,62
595,66	27,19
595,86	116,87
596,06	141,44
596,26	51,72
596,46	97,46
596,67	161,98
596,87	76,23
597,07	32,50
597,27	135,25
597,47	110,70
597,67	42,22
597,88	131,90
598,08	58,11
598,28	51,70
598,48	79,50
598,68	99,35
598,88	104,22
599,09	45,26
599,29	188,39
599,49	54,77
599,69	48,83
599,89	50,16
600,09	43,97
600,30	83,07
600,50	49,28
600,70	98,98
600,90	91,65
601,10	88,11
601,30	11,50
601,50	121,00
601,71	41,74
601,91	58,31
602,11	67,82
602,31	89,48
602,51	35,37
602,71	151,14
602,91	91,66
603,11	130,54
603,32	46,16
603,52	94,30
603,72	19,01
603,92	112,67
604,12	99,39
604,32	99,19
604,52	5,12
604,72	124,56
604,93	81,26
605,13	49,48
605,33	84,81
605,53	90,98
605,73	136,30
605,93	-9,00
606,13	74,23
606,33	96,08
606,53	152,85
606,74	41,53
606,94	64,92
607,14	91,21
607,34	130,53
607,54	108,03
607,74	37,79
607,94	112,22
608,14	27,40
608,34	95,63
608,54	64,05
608,74	77,50
608,95	110,86
609,15	30,70
609,35	109,33
609,55	92,28
609,75	67,79
609,95	27,40
610,15	131,64
610,35	96,94
610,55	23,66
610,75	57,88
610,95	87,68
611,15	42,85
611,35	50,34
611,55	34,90
611,76	32,47
611,96	116,33
612,16	92,48
612,36	43,04
612,56	74,15
612,76	89,81
612,96	114,31
613,16	26,05
613,36	54,74
613,56	96,23
613,76	41,74
613,96	42,41
614,16	48,15
614,36	105,34
614,56	83,25
614,76	105,55
614,96	81,04
615,16	113,52
615,36	107,79
615,56	28,08
615,76	12,84
615,97	71,35
616,17	54,79
616,37	30,49
616,57	116,16
616,77	58,75
616,97	78,36
617,17	89,19
617,37	29,15
617,57	138,21
617,77	108,39
617,97	35,78
618,17	121,88
618,37	44,17
618,57	55,42
618,77	78,16
618,97	79,49
619,17	-0,41
619,37	65,59
619,57	96,53
619,77	34,69
619,97	46,17
620,17	81,28
620,37	71,34
620,57	131,20
620,77	3,35
620,97	83,94
621,17	46,84
621,37	65,83
621,57	38,68
621,77	112,69
621,97	-5,69
622,17	72,23
622,37	112,86
622,57	26,52
622,77	81,05
622,97	136,69
623,17	105,09
623,37	-76,95
623,57	71,98
623,77	104,68
623,97	19,24
624,16	50,61
624,36	26,75
624,56	54,14
624,76	32,49
624,96	97,00
625,16	-6,59
625,36	54,58
625,56	90,58
625,76	72,90
625,96	49,27
626,16	111,76
626,36	33,37
626,56	-30,41
626,76	67,57
626,96	62,72
627,16	55,65
627,36	126,33
627,56	21,00
627,76	97,17
627,96	87,66
628,16	34,02
628,35	62,49
628,55	104,01
628,75	72,43
628,95	90,11
629,15	-9,46
629,35	109,76
629,55	46,16
629,75	-5,47
629,95	66,92
630,15	75,76
630,35	47,94
630,55	115,05
630,75	12,83
630,95	-19,16
631,14	74,64
631,34	49,47
631,54	37,13
631,74	55,01
631,94	86,14
632,14	121,91
632,34	63,83
632,54	70,67
632,74	123,00
632,94	30,27
633,14	-15,41
633,33	139,16
633,53	104,22
633,73	-11,00
633,93	50,58
634,13	27,18
634,33	54,79
634,53	99,23
634,73	-6,14
634,93	97,22
635,12	2,69
635,32	41,55
635,52	75,12
635,72	55,20
635,92	75,08
636,12	24,30
636,32	62,04
636,52	105,97
636,71	96,07
636,91	62,50
637,11	124,35
637,31	136,27
637,51	114,63
637,71	-16,94
637,91	102,71
638,11	54,34
638,30	70,03
638,50	104,70
638,70	-42,32
638,90	34,47
639,10	24,10
639,30	95,19
639,50	30,94
639,69	60,74
639,89	101,59
640,09	112,64
640,29	58,98
640,49	68,92
640,69	89,47
640,88	101,83
641,08	71,57
641,28	-4,81
641,48	96,74
641,68	100,72
641,88	36,24
642,07	75,76
642,27	4,90
642,47	56,11
642,67	75,98
642,87	13,07
643,07	13,51
643,26	48,60
643,46	33,37
643,66	102,27
643,86	32,49
644,06	31,61
644,26	-13,20
644,45	21,46
644,65	82,19
644,85	58,32
645,05	73,56
645,25	25,86
645,44	38,67
645,64	76,21
645,84	-12,76
646,04	136,77
646,24	106,46
646,43	-1,95
646,63	18,80
646,83	56,76
647,03	-47,18
647,23	102,30
647,42	21,01
647,62	-0,18
647,82	51,26
648,02	73,14
648,22	7,77
648,41	27,42
648,61	67,17
648,81	47,49
649,01	47,49
649,20	56,29
649,40	86,54
649,60	41,51
649,80	60,28
650,00	38,21
650,19	95,19
650,39	80,83
650,59	13,93
650,79	42,41
650,98	95,40
651,18	111,79
651,38	48,17
651,58	68,71
651,77	101,62
651,97	36,47
652,17	98,33
652,37	35,59
652,56	117,55
652,76	30,95
652,96	7,54
653,16	31,83
653,35	55,47
653,55	40,22
653,75	95,67
653,95	-1,07
654,14	27,41
654,34	128,59
654,54	42,67
654,74	8,87
654,93	43,32
655,13	42,87
655,33	121,30
655,52	17,92
655,72	-26,22
655,92	95,22
656,12	108,71
656,31	23,67
656,51	18,37
656,71	54,81
656,91	27,65
657,10	111,60
657,30	45,31
657,50	43,32
657,69	-26,66
657,89	67,38
658,09	12,18
658,29	1,15
658,48	86,34
658,68	105,56
658,88	36,45
659,07	38,00
659,27	102,03
659,47	86,15
659,66	29,83
659,86	91,68
660,06	69,36
660,26	72,67
660,45	0,71
660,65	9,75
660,85	91,21
661,04	101,83
661,24	-28,88
661,44	94,11
661,63	38,89
661,83	95,20
662,03	91,22
662,22	41,09
662,42	68,05
662,62	19,90
662,81	86,83
663,01	32,49
663,21	11,07
663,40	84,62
663,60	61,18
663,80	60,52
663,99	-8,56
664,19	92,52
664,39	131,39
664,58	79,50
664,78	134,52
664,98	93,68
665,17	81,74
665,37	2,91
665,57	-4,60
665,76	-1,29
665,96	79,29
666,16	98,28
666,35	123,00
666,55	104,19
666,74	76,82
666,94	22,32
667,14	149,96
667,33	47,93
667,53	63,62
667,73	50,38
667,92	25,86
668,12	84,15
668,32	-18,71
668,51	101,60
668,71	5,33
668,90	67,17
669,10	48,62
669,30	77,55
669,49	-14,74
669,69	5,78
669,89	99,56
670,08	131,58
670,28	-117,74
670,47	15,45
670,67	113,89
670,87	39,55
671,06	38,89
671,26	25,86
671,45	91,67
671,65	-46,07
671,85	92,79
672,04	69,59
672,24	82,18
672,43	7,10
672,63	47,73
672,83	40,89
673,02	52,82
673,22	-20,93
673,41	9,98
673,61	37,80
673,81	-18,50
674,00	-58,67
674,20	35,15
674,39	92,80
674,59	58,97
674,78	121,88
674,98	12,14
675,18	60,70
675,37	183,94
675,57	81,25
675,76	28,06
675,96	18,35
676,15	4,89
676,35	4,46
676,55	57,02
676,74	74,02
676,94	96,32
677,13	60,74
677,33	20,34
677,52	51,91
677,72	82,62
677,91	50,83
678,11	51,06
678,31	19,69
678,50	-73,24
678,70	59,23
678,89	18,81
679,09	-1,06
679,28	33,60
679,48	-10,11
679,67	79,92
679,87	126,95
680,06	109,94
680,26	13,92
680,46	76,60
680,65	79,97
680,85	84,40
681,04	27,42
681,24	68,93
681,43	85,72
681,63	-3,93
681,82	-4,82
682,02	-2,61
682,21	11,08
682,41	41,33
682,60	13,72
682,80	9,97
682,99	34,92
683,19	48,18
683,38	-33,73
683,58	20,57
683,77	30,72
683,97	-7,90
684,16	-14,08
684,36	55,02
684,55	45,30
684,75	71,60
684,94	74,25
685,14	-19,38
685,33	87,94
685,53	17,26
685,72	56,79
685,92	30,95
686,11	79,97
686,31	103,84
686,50	-22,48
686,70	48,40
686,89	64,08
687,09	10,86
687,28	-12,77
687,48	68,74
687,67	-11,66
687,87	-35,94
688,06	76,25
688,26	-16,52
688,45	35,38
688,65	0,48
688,84	2,47
689,03	68,50
689,23	129,48
689,42	-35,07
689,62	80,17
689,81	16,15
690,01	67,16
690,20	86,14
690,40	28,95
690,59	-20,93
690,79	79,97
690,98	76,44
691,17	15,06
691,37	35,58
691,56	46,62
691,76	7,98
691,95	20,13
692,15	134,57
692,34	63,20
692,54	105,18
692,73	114,65
692,92	18,80
693,12	68,48
693,31	28,51
693,51	19,02
693,70	35,82
693,90	32,28
694,09	38,69
694,28	59,67
694,48	60,32
694,67	93,44
694,87	-2,61
695,06	70,23
695,26	100,71
695,45	72,89
695,64	79,53
695,84	69,38
696,03	72,26
696,23	101,65
696,42	38,47
696,61	-5,04
696,81	43,33
697,00	29,63
697,20	-14,98
697,39	57,25
697,58	108,07
697,78	9,54
697,97	-26,46
698,17	-45,67
698,36	23,87
698,55	80,43
698,75	-80,73
698,94	43,52
699,14	71,57
699,33	87,72
699,52	-3,93
699,72	-2,39
699,91	45,09
700,10	35,60
700,30	76,47
700,49	4,24
700,69	42,89
700,88	52,39
701,07	61,42
701,27	49,94
701,46	-68,14
701,65	41,97
701,85	91,22
702,04	-50,50
702,23	89,46
702,43	89,68
702,62	18,37
702,82	35,15
703,01	-22,91
703,20	-15,18
703,40	36,25
703,59	73,35
703,78	5,12
703,98	17,25
704,17	92,75
704,36	94,09
704,56	24,75
704,75	52,56
704,94	64,05
705,14	-13,43
705,33	25,64
705,52	43,75
705,72	29,84
705,91	6,45
706,10	22,33
706,30	17,25
706,49	40,42
706,68	43,51
706,88	13,27
707,07	36,01
707,26	113,97
707,46	-4,82
707,65	-5,70
707,84	73,77
708,04	106,91
708,23	-20,05
708,42	4,89
708,62	59,87
708,81	56,12
709,00	-51,81
709,19	24,77
709,39	59,88
709,58	12,18
709,77	62,31
709,97	-2,39
710,16	20,78
710,35	-46,94
710,55	75,98
710,74	9,53
710,93	7,11
711,12	-61,07
711,32	54,59
711,51	-44,76
711,70	110,49
711,90	38,90
712,09	53,02
712,28	27,19
712,47	128,80
712,67	85,01
712,86	16,78
713,05	24,06
713,24	75,06
713,44	-7,29
713,63	-13,00
713,82	99,84
714,02	-27,55
714,21	0,70
714,40	66,06
714,59	-22,70
714,79	45,29
714,98	82,84
715,17	-82,49
715,36	48,82
715,56	1,14
715,75	71,37
715,94	-17,17
716,13	-15,19
716,33	6,23
716,52	8,21
716,71	-71,26
716,90	-58,68
717,10	33,60
717,29	10,41
717,48	-5,70
717,67	20,13
717,87	79,53
718,06	26,32
718,25	34,71
718,44	-44,32
718,63	-22,25
718,83	62,33
719,02	45,11
719,21	-14,53
719,40	10,65
719,60	-9,23
719,79	-16,52
719,98	34,73
720,17	22,35
720,36	-28,00
720,56	51,29
720,75	31,40
720,94	-6,14
721,13	40,90
721,33	53,71
721,52	24,33
721,71	3,80
721,90	-45,65
722,09	52,83
722,29	22,79
722,48	89,05
722,67	29,17
722,86	-69,48
723,05	36,90
723,24	-31,07
723,44	45,75
723,63	23,67
723,82	-43,00
724,01	21,24
724,20	-29,54
724,40	49,53
724,59	-11,88
724,78	24,78
724,97	47,08
725,16	-37,49
725,35	15,05
725,55	28,52
725,74	46,41
725,93	-0,40
726,12	75,32
726,31	39,33
726,51	13,94
726,70	128,58
726,89	30,28
727,08	40,68
727,27	15,72
727,46	-10,99
727,65	-10,55
727,85	81,34
728,04	40,23
728,23	68,51
728,42	-1,07
728,61	-3,72
728,80	36,25
729,00	-17,18
729,19	-1,95
729,38	-52,48
729,57	98,94
729,76	84,37
729,95	-12,99
730,14	45,07
730,33	93,22
730,53	72,92
730,72	78,88
730,91	78,63
731,10	-7,24
731,29	-66,59
731,48	-48,95
731,67	28,95
731,86	32,28
732,06	39,35
732,25	8,65
732,44	-11,22
732,63	12,84
732,82	-69,88
733,01	2,69
733,20	101,62
733,39	27,41
733,59	89,25
733,78	30,50
733,97	-44,96
734,16	-31,28
734,35	-6,36
734,54	14,83
734,73	31,16
734,92	13,50
735,11	45,73
735,30	48,81
735,49	-25,33
735,69	-35,03
735,88	123,02
736,07	67,59
736,26	26,97
736,45	-28,43
736,64	70,04
736,83	-60,20
737,02	-10,34
737,21	30,05
737,40	-4,39
737,59	-108,93
737,78	24,53
737,98	141,56
738,17	37,99
738,36	-77,87
738,55	52,56
738,74	-42,13
738,93	-41,46
739,12	-6,80
739,31	86,37
739,50	144,25
739,69	-64,81
739,88	6,00
740,07	37,33
740,26	32,70
740,45	13,94
740,64	17,91
740,83	51,24
741,02	105,57
741,22	106,46
741,41	4,24
741,60	2,03
741,79	43,08
741,98	12,62
742,17	71,77
742,36	39,29
742,55	62,24
742,74	-23,13
742,93	33,78
743,12	39,07
743,31	-12,53
743,50	15,05
743,69	-14,74
743,88	3,34
744,07	60,94
744,26	-80,00
744,45	60,92
744,64	-26,64
744,83	69,10
745,02	71,53
745,21	46,37
745,40	31,59
745,59	-9,66
745,78	105,54
745,97	-31,93
746,16	-6,58
746,35	32,92
746,54	86,57
746,73	96,53
746,92	-72,32
747,11	20,57
747,30	33,81
747,49	-1,28
747,68	35,80
747,87	35,79
748,06	-14,52
748,25	7,32
748,44	-17,82
748,63	-86,40
748,82	-10,11
749,01	5,34
749,20	26,97
749,39	49,04
749,58	2,47
749,77	-13,42
749,96	59,86
750,15	38,43
750,34	89,22
750,53	19,23
750,72	28,50
750,91	47,71
751,10	-74,51
751,29	-10,77
751,48	96,99
751,67	60,75
751,86	7,10
752,04	-34,38
752,23	6,66
752,42	61,62
752,61	6,22
752,80	-27,77
752,99	40,88
753,18	4,01
753,37	6,44
753,56	54,15
753,75	-34,17
753,94	24,33
754,13	-49,61
754,32	8,85
754,51	48,81
754,70	-71,88
754,89	-56,68
755,08	66,25
755,27	34,04
755,45	3,57
755,64	2,91
755,83	-26,22
756,02	-41,44
756,21	42,87
756,40	-42,34
756,59	38,25
756,78	-5,04
756,97	-26,01
757,16	-6,80
757,35	-70,36
757,54	-12,77
757,72	8,65
757,91	60,12
758,10	10,42
758,29	29,20
758,48	-15,85
758,67	0,48
758,86	45,99
759,05	-7,03
759,24	-37,07
759,43	-35,52
759,61	57,04
759,80	27,21
759,99	-82,98
760,18	33,40
760,37	12,86
760,56	85,13
760,75	16,61
760,94	53,73
761,13	33,84
761,31	-65,97
761,50	21,25
761,69	10,87
761,88	64,34
762,07	101,70
762,26	-10,56
762,45	-2,17
762,64	11,30
762,82	60,79
763,01	32,95
763,20	41,78
763,39	103,87
763,58	44,44
763,77	61,24
763,96	48,20
764,14	36,92
764,33	19,25
764,52	65,87
764,71	3,36
764,90	30,52
765,09	7,55
765,27	-57,80
765,46	23,68
765,65	91,51
765,84	-18,29
766,03	4,45
766,22	24,55
766,41	55,46
766,59	73,14
766,78	14,61
766,97	36,68
767,16	66,02
767,35	97,18
767,54	-31,31
767,72	17,02
767,91	33,80
768,10	23,23
768,29	9,54
768,48	-2,39
768,66	4,46
768,85	-31,74
769,04	15,06
769,23	-0,62
769,42	28,74
769,61	-7,90
769,79	-33,72
769,98	35,58
770,17	79,96
770,36	-76,49
770,55	12,84
770,73	7,76
770,92	5,11
771,11	-29,76
771,30	6,65
771,49	34,90
771,67	-95,07
771,86	26,51
772,05	41,53
772,24	-34,62
772,42	-1,73
772,61	-26,00
772,80	59,87
772,99	20,79
773,18	5,56
773,36	36,91
773,55	-16,30
773,74	9,54
773,93	22,12
774,11	34,92
774,30	-56,44
774,49	43,53
774,68	-4,37
774,87	-9,45
775,05	34,47
775,24	79,10
775,43	58,09
775,62	11,07
775,80	56,10
775,99	11,52
776,18	-5,26
776,37	15,49
776,55	-9,45
776,74	38,00
776,93	39,33
777,12	41,99
777,30	-17,39
777,49	27,19
777,68	9,75
777,87	29,19
778,05	32,50
778,24	12,40
778,43	60,97
778,62	86,14
778,80	-29,52
778,99	51,68
779,18	24,09
779,36	44,62
779,55	70,68
779,74	-5,70
779,93	19,02
780,11	67,38
780,30	93,44
780,49	24,54
780,68	73,11
780,86	2,91
781,05	26,53
781,24	33,59
781,42	21,67
781,61	-14,74
781,80	69,83
781,98	-3,49
782,17	-44,76
782,36	43,98
782,55	60,29
782,73	87,68
782,92	-17,62
783,11	54,77
783,29	-7,47
783,48	-41,23
783,67	4,45
783,85	77,76
784,04	-56,00
784,23	-27,55
784,42	50,15
784,60	3,79
784,79	-9,23
784,98	37,79
785,16	-19,83
785,35	81,54
785,54	4,01
785,72	-82,72
785,91	12,62
786,10	83,73
786,28	7,10
786,47	-31,09
786,66	18,58
786,84	-16,52
787,03	-30,20
787,22	47,94
787,40	71,13
787,59	-20,50
787,78	-81,61
787,96	19,68
788,15	-35,95
788,34	-47,65
788,52	7,98
788,71	-26,68
788,89	11,51
789,08	59,42
789,27	-40,36
789,45	-104,34
789,64	41,99
789,83	78,91
790,01	44,21
790,20	-0,63
790,39	69,60
790,57	13,72
790,76	16,81
790,95	52,81
791,13	31,37
791,32	58,54
791,50	-10,35
791,69	77,09
791,88	26,29
792,06	-53,82
792,25	-11,44
792,43	38,23
792,62	-23,59
792,81	44,22
792,99	34,04
793,18	-7,47
793,37	45,76
793,55	44,42
793,74	7,76
793,92	-30,64
794,11	-15,85
794,30	62,32
794,48	-23,58
794,67	6,22
794,85	45,54
795,04	49,30
795,23	-0,62
795,41	15,06
795,60	30,28
795,78	51,26
795,97	-14,97
796,15	-16,74
796,34	42,20
796,53	54,36
796,71	-24,03
796,90	-2,40
797,08	62,09
797,27	-37,06
797,46	6,66
797,64	8,65
797,83	-7,03
798,01	83,32
798,20	-29,54
798,38	-31,76
798,57	50,18
798,76	49,08
798,94	-25,14
799,13	20,15
799,31	-41,24
799,50	54,39
799,68	33,40
799,87	13,30
800,05	-26,68
800,24	43,76
800,43	108,93
800,61	-18,29
800,80	-44,11
800,98	87,06
801,17	23,45
801,35	-24,69
801,54	-99,29
801,72	-35,29
801,91	-57,37
802,09	-6,81
802,28	-17,19
802,46	22,78
802,65	36,92
802,84	-22,91
803,02	-28,87
803,21	47,96
803,39	69,82
803,58	19,68
803,76	28,72
803,95	27,18
804,13	93,00
804,32	48,82
804,50	-52,51
804,69	56,56
804,87	113,53
805,06	53,68
805,24	-33,94
805,43	37,79
805,61	-10,33
805,80	77,35
805,98	5,34
806,17	23,67
806,35	44,22
806,54	4,02
806,72	36,71
806,91	-5,70
807,09	-28,22
807,28	41,35
807,46	-43,90
807,65	-80,32
807,83	47,09
808,02	18,81
808,20	-14,76
808,39	78,23
808,57	24,33
808,76	0,26
808,94	-20,05
809,13	38,47
809,31	2,69
809,49	-25,80
809,68	26,10
809,86	-37,94
810,05	24,33
810,23	-7,91
810,42	-34,85
810,60	16,38
810,79	54,61
810,97	34,28
811,16	-18,07
811,34	-7,47
811,53	48,19
811,71	58,80
811,89	-29,11
812,08	4,24
812,26	11,09
812,45	-27,12
812,63	0,93
812,82	-82,54
813,00	8,00
813,19	33,63
813,37	0,49
813,55	41,35
813,74	54,17
813,92	-66,68
814,11	-4,62
814,29	120,50
814,48	-73,73
814,66	-66,45
814,84	-30,43
815,03	66,10
815,21	-15,20
815,40	23,45
815,58	25,21
815,77	-17,85
815,95	22,12
816,13	66,29
816,32	-62,66
816,50	-15,21
816,69	26,09
816,87	39,36
817,05	-47,23
817,24	-107,07
817,42	33,63
817,61	-11,23
817,79	-73,06
817,97	-44,35
818,16	72,28
818,34	-65,54
818,53	82,68
818,71	26,98
818,89	29,88
819,08	-14,54
819,26	46,88
819,45	-10,12
819,63	32,50
819,81	21,23
820,00	-76,13
820,18	85,76
820,36	-8,37
820,55	47,33
820,73	-1,30
820,92	14,62
821,10	17,93
821,28	48,20
821,47	-17,42
821,65	25,00
821,83	-66,39
822,02	60,79
822,20	27,42
822,39	21,91
822,57	51,53
822,75	-19,62
822,94	-16,75
823,12	118,73
823,30	15,93
823,49	-81,89
823,67	-18,09
823,85	-11,89
824,04	66,33
824,22	20,58
824,40	-29,54
824,59	50,41
824,77	-20,05
824,95	63,88
825,14	-52,72
825,32	-5,70
825,50	47,52
825,69	25,44
825,87	26,55
826,05	70,95
826,24	47,09
826,42	-43,90
826,60	5,34
826,79	16,17
826,97	22,58
827,15	40,92
827,34	50,21
827,52	2,92
827,70	20,82
827,89	35,62
828,07	41,14
828,25	9,98
828,44	5,33
828,62	61,88
828,80	-12,56
828,98	13,06
829,17	101,89
829,35	-66,20
829,53	17,27
829,72	0,04
829,90	15,06
830,08	14,61
830,27	-35,74
830,45	-71,04
830,63	9,53
830,81	44,44
831,00	29,20
831,18	13,30
831,36	-48,55
831,55	40,05
831,73	72,95
831,91	22,78
832,09	-92,92
832,28	7,98
832,46	64,99
832,64	5,79
832,82	-38,39
833,01	-46,78
833,19	22,36
833,37	-3,93
833,55	34,95
833,74	-2,39
833,92	103,03
834,10	64,78
834,29	16,39
834,47	-10,12
834,65	-24,92
834,83	34,08
835,02	5,78
835,20	0,03
835,38	5,12
835,56	25,66
835,75	47,31
835,93	11,74
836,11	22,34
836,29	57,04
836,47	-45,46
836,66	57,03
836,84	43,55
837,02	14,17
837,20	41,12
837,39	28,74
837,57	70,49
837,75	29,18
837,93	86,19
838,12	58,78
838,30	62,32
838,48	65,20
838,66	-3,50
838,84	56,13
839,03	10,19
839,21	58,80
839,39	91,94
839,57	34,06
839,75	-63,76
839,94	62,78
840,12	13,73
840,30	7,11
840,48	-23,16
840,66	-14,32
840,85	-16,53
841,03	17,93
841,21	-36,19
841,39	-41,48
841,57	120,43
841,76	44,64
841,94	5,56
842,12	43,10
842,30	47,53
842,48	-45,44
842,67	-10,33
842,85	47,97
843,03	59,91
843,21	-24,47
843,39	-5,26
843,57	55,95
843,76	-32,20
843,94	50,86
844,12	9,31
844,30	98,14
844,48	72,93
844,66	-9,01
844,85	34,28
845,03	44,00
845,21	0,27
845,39	-45,66
845,57	12,41
845,75	7,55
845,94	27,43
846,12	34,06
846,30	-9,23
846,48	51,96
846,66	-47,43
846,84	89,10
847,02	30,31
847,21	-3,49
847,39	5,12
847,57	-22,06
847,75	42,93
847,93	-10,13
848,11	25,89
848,29	16,83
848,48	48,20
848,66	-14,76
848,84	-21,83
849,02	12,41
849,20	53,94
849,38	45,98
849,56	79,57
849,74	-24,91
849,93	5,34
850,11	36,05
850,29	-39,27
850,47	3,14
850,65	41,15
850,83	59,71
851,01	40,92
851,19	-22,27
851,37	41,36
851,56	-15,64
851,74	-14,32
851,92	38,27
852,10	50,20
852,28	59,47
852,46	93,95
852,64	-28,00
852,82	-14,98
853,00	-22,05
853,18	19,04
853,37	29,21
853,55	3,36
853,73	37,83
853,91	28,32
854,09	55,05
854,27	-32,20
854,45	28,09
854,63	47,31
854,81	80,24
854,99	-16,32
855,17	50,87
855,35	-1,51
855,53	-13,00
855,72	68,98
855,90	-34,19
856,08	-49,86
856,26	77,36
856,44	-66,00
856,62	49,97
856,80	55,27
856,98	31,65
857,16	3,14
857,34	33,85
857,52	-8,13
857,70	-0,18
857,88	-24,47
858,06	41,80
858,24	-38,82
858,42	-18,95
858,60	7,33
858,78	65,90
858,96	-12,55
859,15	0,49
859,33	36,07
859,51	-0,62
859,69	-26,68
859,87	19,49
860,05	15,95
860,23	-69,30
860,41	-37,50
860,59	-19,40
860,77	-49,43
860,95	14,19
861,13	-23,82
861,31	7,11
861,49	18,38
861,67	-34,64
861,85	17,27
862,03	-36,39
862,21	-12,10
862,39	-13,87
862,57	4,91
862,75	21,92
862,93	20,81
863,11	-20,50
863,29	88,21
863,47	26,54
863,65	-17,64
863,83	13,51
864,01	-1,28
864,19	28,56
864,37	-18,96
864,55	-37,73
864,73	37,17
864,91	6,89
865,09	-10,56
865,27	-2,17
865,45	31,86
865,63	2,92
865,81	-8,58
865,99	-14,32
866,17	49,09
866,35	23,89
866,53	-35,74
866,71	53,51
866,89	29,19
867,07	8,87
867,24	52,84
867,42	9,54
867,60	-33,96
867,78	2,92
867,96	56,15
868,14	35,60
868,32	-22,27
868,50	0,26
868,68	45,77
868,86	19,48
869,04	1,37
869,22	63,92
869,40	38,05
869,58	-49,02
869,76	-102,03
869,94	14,62
870,12	9,10
870,30	-31,56
870,48	-12,11
870,66	57,94
870,83	11,53
871,01	-25,81
871,19	71,01
871,37	-34,43
871,55	51,11
871,73	-7,03
871,91	-105,95
872,09	-30,23
872,27	-43,93
872,45	27,23
872,63	46,46
872,81	16,17
872,98	-46,80
873,16	0,05
873,34	-27,79
873,52	30,98
873,70	14,63
873,88	-7,25
874,06	67,90
874,24	-49,88
874,42	33,86
874,60	74,31
874,78	33,19
874,95	-23,60
875,13	43,35
875,31	16,83
875,49	-6,36
875,67	19,49
875,85	16,61
876,03	41,59
876,21	-5,26
876,39	29,22
876,56	4,46
876,74	87,39
876,92	-5,26
877,10	-69,98
877,28	36,05
877,46	68,75
877,64	-19,62
877,82	3,13
877,99	45,11
878,17	4,24
878,35	55,96
878,53	-23,60
878,71	-59,16
878,89	73,62
879,07	-54,72
879,24	6,00
879,42	29,20
879,60	32,95
879,78	-17,41
879,96	61,47
880,14	-26,03
880,32	79,37
880,49	79,59
880,67	9,54
880,85	39,37
881,03	55,07
881,21	6,45
881,39	44,46
881,56	32,30
881,74	19,49
881,92	-48,78
882,10	-10,57
882,28	-34,88
882,46	-12,11
882,63	27,68
882,81	43,82
882,99	39,61
883,17	16,17
883,35	-69,09
883,52	-43,93
883,70	-35,54
883,88	33,19
884,06	40,93
884,24	2,02
884,42	-67,53
884,59	-13,21
884,77	-52,08
884,95	49,53
885,13	8,65
885,31	32,07
885,48	-8,80
885,66	-65,31
885,84	62,11
886,02	42,66
886,20	3,13
886,37	33,83
886,55	-11,00
886,73	33,62
886,91	-2,83
887,08	4,02
887,26	-41,28
887,44	-8,59
887,62	28,77
887,80	-84,79
887,97	-54,76
888,15	-23,38
888,33	42,70
888,51	29,44
888,68	-13,88
888,86	-5,26
889,04	-1,06
889,22	-52,75
889,40	36,27
889,57	4,02
889,75	-54,29
889,93	19,26
890,11	73,85
890,28	7,77
890,46	-9,46
890,64	32,52
890,82	0,48
890,99	-48,77
891,17	40,47
891,35	33,19
891,53	6,23
891,70	63,05
891,88	15,95
892,06	-21,62
892,24	13,52
892,41	0,04
892,59	24,14
892,77	-33,98
892,94	8,00
893,12	20,60
893,30	109,27
893,48	4,02
893,65	-71,74
893,83	7,55
894,01	52,86
894,19	-18,30
894,36	-27,81
894,54	-26,71
894,72	-8,15
894,89	-3,29
895,07	-11,91
895,25	-63,17
895,43	42,92
895,60	30,10
895,78	-21,62
895,96	-5,04
896,13	-1,07
896,31	46,88
896,49	28,76
896,66	80,50
896,84	-33,32
897,02	-45,69
897,20	7,11
897,37	44,91
897,55	24,13
897,73	-73,10
897,90	-17,86
898,08	-11,45
898,26	-19,63
898,43	12,20
898,61	-5,93
898,79	1,36
898,96	13,96
899,14	-18,32
899,32	37,17
899,49	41,81
899,67	0,47
899,85	-62,05
900,02	-58,26
900,20	23,46
900,38	14,39
900,55	-57,16
900,73	-14,10
900,91	72,07
901,08	-11,24
901,26	-30,46
901,44	50,22
901,61	-45,04
901,79	-31,33
901,97	11,53
902,14	35,62
902,32	19,05
902,50	80,73
902,67	55,74
902,85	-17,19
903,02	35,85
903,20	16,18
903,38	-73,09
903,55	30,33
903,73	-14,54
903,91	-20,29
904,08	-16,09
904,26	31,20
904,44	-98,00
904,61	60,59
904,79	62,81
904,96	8,66
905,14	56,42
905,32	-54,99
905,49	-7,26
905,67	36,08
905,84	-38,86
906,02	-4,17
906,20	1,80
906,37	-128,70
906,55	3,35
906,73	33,64
906,90	-12,11
907,08	7,78
907,25	23,48
907,43	-35,10
907,61	-8,58
907,78	41,17
907,96	23,90
908,13	-18,97
908,31	-5,93
908,48	52,87
908,66	39,60
908,84	-4,60
909,01	-48,57
909,19	-35,54
909,36	48,45
909,54	-13,90
909,72	-45,73
909,89	55,31
910,07	33,41
910,24	-87,49
910,42	-92,10
910,59	4,23
910,77	19,27
910,95	13,75
911,12	-22,96
911,30	4,46
911,47	-5,71
911,65	2,02
911,82	15,73
912,00	-37,29
912,17	77,19
912,35	44,90
912,53	-42,38
912,70	-75,94
912,88	21,70
913,05	-34,87
913,23	-8,36
913,40	-3,72
913,58	29,00
913,75	1,14
913,93	52,00
914,10	41,60
914,28	-0,18
914,46	34,98
914,63	-15,43
914,81	-70,68
914,98	-7,03
915,16	-35,77
915,33	7,78
915,51	41,83
915,68	-28,92
915,86	-32,68
916,03	32,76
916,21	37,19
916,38	-10,13
916,56	-46,59
916,73	-1,06
916,91	-4,16
917,08	49,33
917,26	-14,77
917,43	8,20
917,61	48,64
917,78	-18,76
917,96	73,22
918,13	10,63
918,31	-62,95
918,48	53,54
918,66	26,78
918,83	-64,05
919,01	-36,87
919,18	44,47
919,36	-9,47
919,53	-5,94
919,71	-86,09
919,88	-22,06
920,06	29,86
920,23	74,98
920,41	18,61
920,58	42,49
920,76	73,00
920,93	-37,52
921,11	72,97
921,28	17,92
921,45	45,55
921,63	-10,58
921,80	7,98
921,98	-6,37
922,15	8,44
922,33	-21,17
922,50	-11,01
922,68	38,07
922,85	83,61
923,03	32,09
923,20	-38,17
923,38	28,99
923,55	39,13
923,72	40,01
923,90	-62,47
924,07	93,94
924,25	100,35
924,42	-42,37
924,60	30,09
924,77	66,79
924,95	25,45
925,12	59,94
925,29	-99,13
925,47	-24,72
925,64	67,70
925,82	54,66
925,99	35,20
926,17	-47,91
926,34	13,31
926,51	55,09
926,69	-26,70
926,86	-52,55
927,04	4,46
927,21	-28,03
927,38	82,09
927,56	23,69
927,73	2,69
927,91	44,91
928,08	-109,48
928,25	24,57
928,43	-59,40
928,60	9,77
928,78	-15,66
928,95	-38,21
929,12	-25,60
929,30	-48,58
929,47	-16,10
929,65	12,64
929,82	-9,48
929,99	-35,79
930,17	73,49
930,34	-47,50
930,52	0,47
930,69	35,42
930,86	-43,96
931,04	-7,04
931,21	23,93
931,38	9,75
931,56	-42,19
931,73	-90,09
931,91	20,37
932,08	77,19
932,25	-36,86
932,43	7,11
932,60	28,56
932,77	-1,29
932,95	1,82
933,12	-14,33
933,29	-21,63
933,47	-39,97
933,64	27,46
933,82	20,60
933,99	-52,33
934,16	13,53
934,34	14,63
934,51	35,19
934,68	-22,50
934,86	-33,11
935,03	62,85
935,20	-2,62
935,38	-17,66
935,55	38,53
935,72	-105,63
935,90	-47,73
936,07	15,08
936,24	2,48
936,42	-18,32
936,59	2,01
936,76	-89,45
936,94	56,85
937,11	-55,22
937,28	19,50
937,46	24,14
937,63	-15,43
937,80	9,98
937,97	-56,08
938,15	-9,02
938,32	42,48
938,49	-74,41
938,67	31,88
938,84	-29,13
939,01	29,23
939,19	38,07
939,36	21,04
939,53	8,88
939,70	23,47
939,88	88,48
940,05	-8,57
940,22	23,02
940,40	2,69
940,57	-18,97
940,74	-3,72
940,92	-3,07
941,09	-1,73
941,26	34,10
941,43	-99,42
941,61	13,53
941,78	19,95
941,95	-66,05
942,12	-72,45
942,30	-23,62
942,47	-13,02
942,64	70,54
942,82	-57,89
942,99	-31,60
943,16	80,73
943,33	-1,09
943,51	14,42
943,68	-13,00
943,85	59,96
944,02	-21,63
944,20	-40,41
944,37	-29,14
944,54	-28,48
944,71	-86,38
944,89	-10,79
945,06	52,90
945,23	-56,54
945,40	-45,93
945,58	41,60
945,75	96,89
945,92	-7,70
946,09	-8,36
946,27	-3,28
946,44	44,48
946,61	-43,72
946,78	-18,97
946,95	-21,41
947,13	-18,31
947,30	-26,27
947,47	-42,18
947,64	7,12
947,82	52,47
947,99	55,77
948,16	-2,17
948,33	12,42
948,50	-3,28
948,68	-75,96
948,85	12,20
949,02	-18,31
949,19	-45,94
949,36	30,33
949,54	37,84
949,71	-108,85
949,88	23,69
950,05	12,86
950,22	24,14
950,40	49,34
950,57	51,54
950,74	-34,43
950,91	-51,22
951,08	53,76
951,26	-1,06
951,43	24,80
951,60	11,75
951,77	-23,60
951,94	1,15
952,11	53,07
952,29	-0,63
952,46	71,00
952,63	-66,47
952,80	8,22
952,97	9,55
953,15	9,77
953,32	50,24
953,49	23,26
953,66	-68,49
953,83	41,18
954,00	37,39
954,17	5,99
954,35	-75,55
954,52	117,00
954,69	-5,72
954,86	-48,80
955,03	8,66
955,20	-11,89
955,38	1,59
955,55	25,46
955,72	-33,77
955,89	82,32
956,06	-12,78
956,23	38,97
956,40	-79,30
956,58	13,75
956,75	10,88
956,92	-26,27
957,09	-30,25
957,26	-61,20
957,43	6,46
957,60	-24,94
957,77	-0,40
957,95	-24,94
958,12	-51,01
958,29	17,28
958,46	1,14
958,63	44,69
958,80	-9,69
958,97	-0,85
959,14	31,43
959,31	20,16
959,49	17,95
959,66	3,58
959,83	-11,01
960,00	45,36
960,17	-39,30
960,34	29,88
960,51	31,65
960,68	-48,12
960,85	-49,01
961,02	59,08
961,20	-21,39
961,37	1,15
961,54	-1,94
961,71	21,04
961,88	-12,55
962,05	0,04
962,22	-25,37
962,39	-39,74
962,56	38,52
962,73	38,30
962,90	67,49
963,07	-34,22
963,24	-37,76
963,42	55,75
963,59	-10,58
963,76	21,24
963,93	-112,61
964,10	55,52
964,27	18,15
964,44	-42,62
964,61	-37,75
964,78	-2,39
964,95	-16,09
965,12	29,67
965,29	-34,88
965,46	57,74
965,63	-71,99
965,80	19,27
965,97	116,61
966,14	68,15
966,31	17,28
966,48	-51,01
966,66	-34,00
966,83	4,24
967,00	9,98
967,17	93,33
967,34	15,06
967,51	21,69
967,68	-37,95
967,85	38,93
968,02	0,70
968,19	36,30
968,36	-32,22
968,53	26,79
968,70	-16,98
968,87	2,69
969,04	72,10
969,21	21,69
969,38	-97,15
969,55	44,23
969,72	73,42
969,89	79,19
970,06	23,47
970,23	9,55
970,40	54,44
970,57	7,34
970,74	-15,65
970,91	-30,68
971,08	-18,97
971,25	62,85
971,42	-13,45
971,59	-34,66
971,76	4,91
971,93	-43,06
972,10	40,95
972,27	-36,87
972,44	14,19
972,61	-53,22
972,78	55,30
972,95	9,98
973,12	-52,75
973,29	17,72
973,46	95,99
973,63	-29,12
973,80	14,19
973,97	87,83
974,14	-26,47
974,30	-49,23
974,47	-48,78
974,64	-4,37
974,81	36,30
974,98	-83,01
975,15	40,94
975,32	-4,38
975,49	56,43
975,66	56,64
975,83	-20,29
976,00	9,10
976,17	10,65
976,34	-19,64
976,51	-1,72
976,68	3,80
976,85	17,51
977,02	-18,75
977,19	39,39
977,36	57,96
977,52	-56,30
977,69	-17,20
977,86	-97,13
978,03	13,52
978,20	-30,44
978,37	14,84
978,54	-16,97
978,71	0,48
978,88	16,61
979,05	76,31
979,22	-6,59
979,39	-0,62
979,56	-8,80
979,72	41,16
979,89	-17,86
980,06	50,21
980,23	-10,35
980,40	48,22
980,57	58,39
980,74	4,24
980,91	-10,57
981,08	-14,77
981,25	-25,60
981,41	35,42
981,58	52,45
981,75	112,22
981,92	-41,96
982,09	-30,25
982,26	40,73
982,43	90,07
982,60	-90,56
982,77	-2,39
982,93	4,46
983,10	47,59
983,27	74,58
983,44	36,97
983,61	-99,82
983,78	-19,85
983,95	48,02
984,11	36,53
984,28	-104,25
984,45	21,93
984,62	22,15
984,79	42,06
984,96	-40,62
985,13	31,89
985,30	-47,49
985,46	36,08
985,63	-20,52
985,80	-74,67
985,97	10,43
986,14	60,20
986,31	2,48
986,47	6,46
986,64	29,90
986,81	40,96
986,98	43,61
987,15	-33,11
987,32	-39,96
987,48	7,33
987,65	2,91
987,82	11,94
987,99	50,16
988,16	-249,25
988,33	11,71
988,49	38,66
988,66	-37,75
988,83	61,06
989,00	-61,85
989,17	42,92
989,34	-59,64
989,50	-44,18
989,67	37,20
989,84	65,71
990,01	50,45
990,18	-51,92
990,34	17,06
990,51	14,62
990,68	-3,94
990,85	-56,54
991,02	-53,87
991,18	63,71
991,35	-4,38
991,52	-96,51
991,69	55,98
991,86	-27,37
992,02	-23,61
992,19	28,12
992,36	-13,00
992,53	-51,45
992,69	-21,62
992,86	-38,87
993,03	-92,10
993,20	111,04
993,37	-38,87
993,53	-84,16
993,70	46,90
993,87	119,91
994,04	10,88
994,20	64,61
994,37	32,54
994,54	3,36
994,71	14,85
994,87	-69,77
995,04	-22,72
995,21	-18,53
995,38	81,22
995,55	-30,03
995,71	15,52
995,88	-28,70
996,05	-15,43
996,22	-35,54
996,38	-32,01
996,55	45,57
996,72	312,60
996,88	39,58
997,05	-628,49
997,22	178,54
997,39	185,85
997,55	-46,61
997,72	-35,55
997,89	-13,67
998,06	20,16
998,22	-37,55
998,39	-33,79
998,56	23,04
998,73	-13,23
998,89	-4,83
999,06	-27,60
999,23	-54,34
999,39	-12,12
999,56	-72,88
999,73	15,28
999,90	51,10
1000,06	-15,66
1000,23	33,85
1000,40	-5,93
1000,56	-27,36
1000,73	21,04
1000,90	15,07
1001,06	-10,14
1001,23	66,15
1001,40	-19,19
1001,57	-41,75
1001,73	28,78
1001,90	74,58
1002,07	26,14
1002,23	-68,49
1002,40	74,36
1002,57	40,51
1002,73	41,61
1002,90	7,11
1003,07	-42,19
1003,23	59,32
1003,40	5,56
1003,57	-11,69
1003,73	23,26
1003,90	18,39
1004,07	78,77
1004,23	-13,45
1004,40	-24,06
1004,57	26,14
1004,73	28,57
1004,90	5,34
1005,07	-42,18
1005,23	8,66
1005,40	43,81
1005,57	26,34
1005,73	-3,08
1005,90	58,39
1006,07	-28,92
1006,23	-72,01
1006,40	38,70
1006,57	42,04
1006,73	50,88
1006,90	2,91
1007,06	12,20
1007,23	1,15
1007,40	-2,39
1007,56	17,06
1007,73	-16,98
1007,90	43,15
1008,06	-11,67
1008,23	-62,94
1008,40	-83,72
1008,56	25,92
1008,73	-7,93
1008,89	-1,74
1009,06	-58,09
1009,23	61,74
1009,39	-42,41
1009,56	-26,05
1009,72	-58,10
1009,89	23,91
1010,06	28,12
1010,22	6,67
1010,39	48,46
1010,55	-5,49
1010,72	-0,84
1010,89	19,72
1011,05	-5,70
1011,22	73,24
1011,38	-50,57
1011,55	-5,27
1011,72	25,68
1011,88	23,69
1012,05	-4,16
1012,21	28,77
1012,38	17,28
1012,55	-55,22
1012,71	20,38
1012,88	-36,89
1013,04	-33,13
1013,21	81,00
1013,37	-3,72
1013,54	29,44
1013,71	17,73
1013,87	21,70
1014,04	-7,69
1014,20	-36,85
1014,37	97,57
1014,53	33,21
1014,70	59,52
1014,87	-12,56
1015,03	16,40
1015,20	25,02
1015,36	45,36
1015,53	50,23
1015,69	-4,38
1015,86	52,22
1016,02	-35,10
1016,19	-5,27
1016,36	34,31
1016,52	-26,27
1016,69	10,87
1016,85	50,68
1017,02	18,16
1017,18	-16,10
1017,35	76,54
1017,51	-19,41
1017,68	-56,77
1017,84	23,03
1018,01	78,96
1018,17	-54,12
1018,34	-51,68
1018,50	74,75
1018,67	18,82
1018,84	-117,04
1019,00	43,60
1019,17	-47,46
1019,33	23,91
1019,50	-21,62
1019,66	-16,54
1019,83	67,01
1019,99	-22,09
1020,16	66,37
1020,32	44,69
1020,49	-42,41
1020,65	2,26
1020,82	-11,22
1020,98	-22,94
1021,15	20,15
1021,31	-15,65
1021,48	46,24
1021,64	-5,71
1021,81	-37,96
1021,97	39,17
1022,14	4,24
1022,30	-5,93
1022,47	-3,94
1022,63	16,61
1022,79	45,58
1022,96	19,93
1023,12	26,12
1023,29	21,26
1023,45	-20,95
1023,62	27,67
1023,78	94,46
1023,95	53,11
1024,11	-16,09
1024,28	57,10
1024,44	-61,19
1024,61	17,95
1024,77	23,92
1024,94	-37,54
1025,10	-57,86
1025,26	89,63
1025,43	-25,16
1025,59	1,59
1025,76	16,40
1025,92	23,25
1026,09	44,70
1026,25	-55,43
1026,42	11,31
1026,58	53,10
1026,74	-39,97
1026,91	-29,35
1027,07	51,99
1027,24	-117,72
1027,40	-37,55
1027,57	-34,23
1027,73	-39,76
1027,90	-13,44
1028,06	-23,39
1028,22	33,87
1028,39	45,59
1028,55	39,82
1028,72	-8,59
1028,88	-31,57
1029,04	30,31
1029,21	-47,26
1029,37	28,56
1029,54	-23,61
1029,70	5,79
1029,87	78,54
1030,03	30,55
1030,19	-75,99
1030,36	-18,98
1030,52	-21,86
1030,69	-6,59
1030,85	13,52
1031,01	-53,89
1031,18	9,76
1031,34	11,31
1031,50	5,34
1031,67	59,74
1031,83	12,64
1032,00	36,07
1032,16	-3,06
1032,32	-7,48
1032,49	15,50
1032,65	8,88
1032,82	0,93
1032,98	10,65
1033,14	84,48
1033,31	15,73
1033,47	-19,40
1033,63	74,77
1033,80	14,85
1033,96	-14,77
1034,13	-61,61
1034,29	-40,63
1034,45	19,94
1034,62	-28,25
1034,78	-69,56
1034,94	33,65
1035,11	25,24
1035,27	67,25
1035,43	48,00
1035,60	-3,72
1035,76	72,55
1035,92	103,30
1036,09	43,59
1036,25	-2,17
1036,41	13,97
1036,58	-30,90
1036,74	-31,78
1036,90	61,29
1037,07	41,16
1037,23	49,35
1037,39	-35,10
1037,56	-9,69
1037,72	12,64
1037,88	24,80
1038,05	68,15
1038,21	-58,52
1038,37	-27,80
1038,54	-3,05
1038,70	1,37
1038,86	-22,49
1039,03	-10,13
1039,19	-29,80
1039,35	6,01
1039,52	-2,17
1039,68	20,38
1039,84	44,49
1040,00	-77,76
1040,17	-27,37
1040,33	50,44
1040,49	-6,82
1040,66	8,44
1040,82	8,44
1040,98	29,66
1041,15	21,93
1041,31	-7,48
1041,47	-45,49
1041,63	64,16
1041,80	12,19
1041,96	-80,82
1042,12	84,70
1042,29	42,03
1042,45	2,24
1042,61	92,00
1042,77	51,30
1042,94	-31,79
1043,10	-169,78
1043,26	-5,95
1043,42	87,81
1043,59	-102,06
1043,75	-32,24
1043,91	6,23
1044,07	-37,31
1044,24	-19,63
1044,40	-14,10
