345,22	34,30
345,44	34,30
345,66	34,30
345,88	54,37
346,10	4,23
346,32	93,72
346,54	35,12
346,75	30,93
346,97	36,86
347,19	40,04
347,41	38,04
347,63	41,87
347,85	32,77
348,07	37,78
348,29	34,31
348,51	35,09
348,73	26,93
348,95	28,33
349,16	31,96
349,38	22,96
349,60	26,02
349,82	22,83
350,04	13,36
350,26	12,10
350,48	11,24
350,70	11,75
350,92	7,09
351,14	10,73
351,35	0,95
351,57	9,19
351,79	3,62
352,01	-2,38
352,23	2,38
352,45	-0,84
352,67	-5,48
352,89	-1,51
353,10	1,47
353,32	-1,42
353,54	3,23
353,76	2,20
353,98	7,81
354,20	16,90
354,42	14,61
354,64	17,17
354,85	22,36
355,07	17,01
355,29	18,96
355,51	13,26
355,73	7,65
355,95	2,89
356,17	-0,99
356,38	-5,22
356,60	1,93
356,82	-11,20
357,04	-14,84
357,26	-14,85
357,48	-17,06
357,69	-16,16
357,91	-12,34
358,13	-7,75
358,35	-5,96
358,57	-1,20
358,79	-0,85
359,01	5,84
359,22	10,69
359,44	-1,42
359,66	5,24
359,88	5,16
360,10	8,81
360,32	3,57
360,53	0,11
360,75	-3,98
360,97	-7,80
361,19	-11,99
361,41	-9,62
361,62	-12,18
361,84	-19,50
362,06	-24,51
362,28	-18,26
362,50	-17,75
362,72	-19,20
362,93	-23,44
363,15	-18,97
363,37	-15,89
363,59	-16,82
363,81	-18,77
364,02	-14,30
364,24	-16,67
364,46	-17,18
364,68	-10,38
364,90	-8,85
365,11	-8,95
365,33	-8,10
365,55	-6,49
365,77	-12,07
365,99	-11,81
366,20	-23,64
366,42	-20,32
366,64	-19,06
366,86	-22,23
367,07	-21,64
367,29	-13,93
367,51	-11,49
367,73	-15,81
367,95	-11,30
368,16	-13,68
368,38	-19,70
368,60	-15,66
368,82	-11,32
369,03	-10,69
369,25	-7,81
369,47	-5,51
369,69	5,79
369,91	5,37
370,12	6,65
370,34	2,86
370,56	12,28
370,78	14,29
370,99	5,91
371,21	13,46
371,43	17,55
371,65	17,09
371,86	25,40
372,08	25,06
372,30	27,36
372,52	27,84
372,73	32,42
372,95	24,69
373,17	18,99
373,39	20,66
373,60	15,02
373,82	20,58
374,04	18,46
374,26	19,13
374,47	15,41
374,69	11,84
374,91	6,49
375,12	-3,02
375,34	-11,72
375,56	-16,89
375,78	-15,27
375,99	-12,95
376,21	-11,60
376,43	-9,06
376,65	-4,89
376,86	-3,79
377,08	-2,68
377,30	1,65
377,51	2,59
377,73	9,46
377,95	10,05
378,17	11,14
378,38	18,21
378,60	21,61
378,82	26,84
379,03	15,39
379,25	14,37
379,47	7,35
379,68	9,89
379,90	4,12
380,12	1,83
380,34	1,41
380,55	0,65
380,77	5,22
380,99	10,07
381,20	1,48
381,42	-6,06
381,64	-6,63
381,85	-2,46
382,07	-1,19
382,29	7,01
382,50	3,29
382,72	1,85
382,94	3,35
383,15	12,29
383,37	6,85
383,59	4,30
383,80	3,01
384,02	7,24
384,24	17,58
384,45	18,77
384,67	16,23
384,89	13,95
385,10	16,08
385,32	13,96
385,54	17,95
385,75	14,74
385,97	8,52
386,19	11,33
386,40	11,93
386,62	16,91
386,84	11,73
387,05	1,02
387,27	-9,42
387,49	-17,70
387,70	-20,78
387,92	-23,49
388,14	-24,25
388,35	-22,89
388,57	-26,88
388,79	-31,74
389,00	-29,62
389,22	-21,93
389,43	-26,73
389,65	-23,24
389,87	-18,14
390,08	-10,60
390,30	-0,88
390,52	6,44
390,73	5,08
390,95	3,88
391,17	0,40
391,38	3,46
391,60	4,07
391,81	2,46
392,03	1,06
392,25	-6,34
392,46	-2,63
392,68	-2,04
392,89	3,43
393,11	4,62
393,33	8,28
393,54	4,56
393,76	5,66
393,98	12,14
394,19	20,53
394,41	31,07
394,62	30,81
394,84	29,02
395,06	39,72
395,27	37,02
395,49	39,66
395,70	32,67
395,92	22,28
396,13	24,07
396,35	31,62
396,57	30,95
396,78	30,75
397,00	25,73
397,21	12,79
397,43	6,60
397,65	4,96
397,86	0,48
398,08	-1,05
398,29	-1,48
398,51	0,90
398,72	14,68
398,94	2,00
399,16	4,30
399,37	5,84
399,59	1,53
399,80	-0,82
400,02	6,92
400,23	15,24
400,45	22,27
400,67	19,64
400,88	20,40
401,10	14,80
401,31	21,84
401,53	18,63
401,74	24,15
401,96	17,26
402,17	23,33
402,39	23,08
402,61	19,17
402,82	13,48
403,04	13,73
403,25	8,16
403,47	7,82
403,68	8,92
403,90	14,66
404,11	3,89
404,33	4,05
404,54	2,61
404,76	5,14
404,97	2,96
405,19	-0,44
405,41	-1,45
405,62	0,75
405,84	0,84
406,05	-2,22
406,27	2,52
406,48	-2,05
406,70	-3,21
406,91	-2,78
407,13	-4,74
407,34	-7,02
407,56	-8,54
407,77	-15,69
407,99	-11,95
408,20	-10,35
408,42	-13,75
408,63	-15,11
408,85	-17,48
409,06	-21,27
409,28	-14,48
409,49	-16,52
409,71	-13,30
409,92	-7,90
410,14	-8,68
410,35	-4,08
410,57	-0,66
410,78	-8,50
411,00	-9,28
411,21	-1,45
411,43	-7,01
411,64	-2,53
411,86	-0,25
412,07	-1,61
412,29	5,89
412,50	0,90
412,72	-6,96
412,93	-1,18
413,15	-7,54
413,36	-3,99
413,58	-5,77
413,79	-1,85
414,01	-4,00
414,22	4,95
414,43	7,02
414,65	5,48
414,86	0,74
415,08	-9,04
415,29	-11,70
415,51	-7,03
415,72	-8,65
415,94	-0,88
416,15	1,51
416,37	10,11
416,58	14,09
416,80	8,19
417,01	4,80
417,22	3,87
417,44	6,32
417,65	9,87
417,87	14,27
418,08	18,87
418,30	16,57
418,51	10,48
418,73	7,46
418,94	3,81
419,15	8,97
419,37	-1,94
419,58	3,54
419,80	0,57
420,01	0,71
420,23	2,83
420,44	4,53
420,65	-2,63
420,87	2,37
421,08	-2,70
421,30	6,89
421,51	4,76
421,73	6,37
421,94	5,28
422,15	6,76
422,37	9,57
422,58	16,28
422,80	18,05
423,01	15,44
423,22	6,07
423,44	9,66
423,65	6,70
423,87	10,58
424,08	3,60
424,29	0,47
424,51	1,22
424,72	-0,22
424,94	0,64
425,15	3,89
425,36	3,90
425,58	-6,35
425,79	-4,48
426,01	5,39
426,22	10,14
426,43	6,91
426,65	12,01
426,86	14,57
427,08	17,10
427,29	13,55
427,50	10,92
427,72	11,03
427,93	5,81
428,14	3,60
428,36	5,38
428,57	6,80
428,79	3,41
429,00	1,89
429,21	6,99
429,43	1,55
429,64	1,13
429,85	-2,78
430,07	4,18
430,28	10,44
430,49	13,06
430,71	10,43
430,92	10,94
431,14	14,69
431,35	11,81
431,56	16,75
431,78	15,47
431,99	12,49
432,20	21,45
432,42	27,74
432,63	31,15
432,84	29,71
433,06	24,72
433,27	22,50
433,48	22,93
433,70	23,17
433,91	29,70
434,12	29,62
434,34	26,64
434,55	24,79
434,76	30,20
434,98	21,50
435,19	13,93
435,40	16,39
435,62	14,60
435,83	14,01
436,04	20,39
436,26	19,04
436,47	20,66
436,68	14,56
436,90	11,58
437,11	15,13
437,32	11,58
437,54	5,48
437,75	1,40
437,96	-2,67
438,17	-4,03
438,39	-9,30
438,60	-14,92
438,81	-16,89
439,03	-15,37
439,24	-17,91
439,45	-14,92
439,67	-18,99
439,88	-25,33
440,09	-18,66
440,30	-18,66
440,52	-19,90
440,73	-13,12
440,94	-18,13
441,16	-12,26
441,37	-9,08
441,58	-14,06
441,80	-12,79
442,01	-12,87
442,22	-10,37
442,43	-1,47
442,65	5,57
442,86	0,90
443,07	0,90
443,28	3,86
443,50	1,65
443,71	5,48
443,92	-0,03
444,14	-1,49
444,35	4,69
444,56	2,39
444,77	5,43
444,99	0,68
445,20	-0,75
445,41	-2,18
445,62	1,47
445,84	8,56
446,05	13,48
446,26	16,80
446,47	20,27
446,69	14,58
446,90	15,93
447,11	15,43
447,32	22,39
447,54	18,93
447,75	15,71
447,96	6,88
448,17	5,24
448,39	8,96
448,60	1,95
448,81	-0,09
449,02	-1,54
449,23	-1,37
449,45	5,84
449,66	8,13
449,87	2,04
450,08	-0,86
450,30	2,88
450,51	0,42
450,72	12,37
450,93	6,70
451,15	8,43
451,36	6,47
451,57	9,70
451,78	12,50
451,99	15,48
452,21	14,46
452,42	15,74
452,63	16,58
452,84	16,00
453,05	12,01
453,27	20,41
453,48	9,40
453,69	9,22
453,90	3,36
454,11	7,17
454,33	8,36
454,54	3,02
454,75	-1,83
454,96	1,89
455,17	-0,39
455,39	3,66
455,60	-0,93
455,81	1,68
456,02	2,66
456,23	13,53
456,45	12,43
456,66	14,30
456,87	9,56
457,08	8,37
457,29	14,49
457,50	12,79
457,72	15,25
457,93	15,92
458,14	12,52
458,35	21,14
458,56	13,79
458,77	10,02
458,99	3,48
459,20	4,00
459,41	5,44
459,62	10,78
459,83	12,48
460,04	6,28
460,26	4,25
460,47	-1,85
460,68	-1,08
460,89	4,78
461,10	-3,58
461,31	2,43
461,52	-0,37
461,74	-1,47
461,95	1,58
462,16	0,22
462,37	-6,83
462,58	-12,00
462,79	-13,86
463,00	-11,66
463,22	-12,85
463,43	-16,92
463,64	-22,76
463,85	-18,36
464,06	-15,64
464,27	-15,62
464,48	-17,14
464,70	-19,01
464,91	-16,80
465,12	-15,17
465,33	-9,84
465,54	-0,94
465,75	-2,89
465,96	2,45
466,17	3,81
466,38	0,83
466,60	1,59
466,81	-7,98
467,02	-3,26
467,23	1,65
467,44	3,94
467,65	-8,16
467,86	-6,13
468,07	-8,75
468,28	-17,16
468,50	-20,04
468,71	-14,56
468,92	-11,01
469,13	-10,85
469,34	-10,95
469,55	-6,54
469,76	-9,92
469,97	-11,19
470,18	-15,93
470,39	-5,96
470,60	-5,38
470,82	-8,86
471,03	-5,29
471,24	0,89
471,45	-4,48
471,66	-7,63
471,87	-0,33
472,08	-2,44
472,29	-3,98
472,50	-6,96
472,71	-10,16
472,92	-1,80
473,13	-5,70
473,34	-4,51
473,55	-11,55
473,77	-10,87
473,98	-9,16
474,19	-12,39
474,40	-10,27
474,61	-10,69
474,82	-6,59
475,03	-1,25
475,24	5,10
475,45	9,74
475,66	9,93
475,87	11,64
476,08	8,08
476,29	20,46
476,50	20,12
476,71	16,55
476,92	20,78
477,13	15,27
477,34	15,78
477,55	12,03
477,76	9,24
477,97	5,53
478,18	1,46
478,40	-2,44
478,61	-1,85
478,82	8,32
479,03	2,72
479,24	-0,67
479,45	0,60
479,66	1,36
479,87	6,44
480,08	7,12
480,29	5,93
480,50	6,69
480,71	1,60
480,92	5,59
481,13	8,06
481,34	6,11
481,55	3,49
481,76	3,92
481,97	9,84
482,18	9,33
482,39	-5,00
482,60	2,47
482,81	3,71
483,02	4,97
483,23	2,43
483,44	12,87
483,65	10,50
483,86	9,81
484,07	6,92
484,28	-0,55
484,49	2,93
484,70	-10,32
484,91	-12,10
485,12	-1,40
485,33	-3,45
485,54	-6,32
485,75	-10,48
485,96	-8,35
486,17	-19,80
486,38	-19,54
486,59	-23,70
486,80	-17,41
487,01	-14,52
487,21	-12,50
487,42	-4,92
487,63	-1,27
487,84	-1,45
488,05	-7,53
488,26	-4,55
488,47	1,56
488,68	3,32
488,89	8,24
489,10	2,46
489,31	6,37
489,52	16,35
489,73	19,05
489,94	11,67
490,15	11,68
490,36	17,20
490,57	16,18
490,78	16,10
490,99	12,11
491,20	13,12
491,41	19,20
491,61	20,81
491,82	23,60
492,03	18,09
492,24	2,52
492,45	2,11
492,66	4,06
492,87	5,94
493,08	-3,06
493,29	-6,54
493,50	-3,91
493,71	2,03
493,92	1,42
494,13	-2,61
494,34	1,72
494,54	4,45
494,75	13,48
494,96	18,98
495,17	14,65
495,38	19,48
495,59	17,28
495,80	21,18
496,01	32,95
496,22	32,60
496,43	25,39
496,64	24,24
496,84	18,72
497,05	20,77
497,26	22,29
497,47	19,96
497,68	15,13
497,89	9,66
498,10	17,03
498,31	26,34
498,52	19,55
498,72	14,46
498,93	10,58
499,14	16,25
499,35	18,80
499,56	16,47
499,77	9,75
499,98	15,09
500,19	7,37
500,40	10,42
500,60	17,42
500,81	5,48
501,02	6,84
501,23	17,32
501,44	16,47
501,65	16,38
501,86	10,78
502,06	4,33
502,27	8,53
502,48	5,13
502,69	-4,02
502,90	8,55
503,11	2,05
503,32	0,36
503,53	4,86
503,73	-8,76
503,94	-14,66
504,15	-15,07
504,36	-11,34
504,57	-10,49
504,78	-15,96
504,98	-9,60
505,19	-7,82
505,40	-7,36
505,61	-15,44
505,82	-6,73
506,03	-3,85
506,23	-6,40
506,44	0,94
506,65	-1,86
506,86	-7,29
507,07	-10,92
507,28	-14,04
507,48	-4,84
507,69	-11,03
507,90	-5,38
508,11	0,35
508,32	1,71
508,53	-7,94
508,73	-6,59
508,94	-8,87
509,15	-5,56
509,36	0,98
509,57	7,16
509,77	5,82
509,98	12,16
510,19	6,48
510,40	4,45
510,61	2,85
510,81	2,60
511,02	7,35
511,23	18,93
511,44	19,26
511,65	25,44
511,85	24,50
512,06	22,88
512,27	18,07
512,48	27,28
512,69	28,19
512,89	32,09
513,10	27,89
513,31	30,27
513,52	26,21
513,73	20,52
513,93	16,64
514,14	10,29
514,35	4,44
514,56	-1,13
514,76	-2,82
514,97	2,25
515,18	-1,22
515,39	0,62
515,60	4,56
515,80	17,81
516,01	6,13
516,22	6,40
516,43	2,70
516,63	7,28
516,84	17,70
517,05	26,40
517,26	29,84
517,46	24,33
517,67	23,40
517,88	20,28
518,09	19,69
518,29	13,38
518,50	5,59
518,71	10,00
518,92	8,98
519,12	12,77
519,33	13,69
519,54	4,34
519,75	-5,36
519,95	-1,11
520,16	1,94
520,37	6,63
520,57	9,92
520,78	8,10
520,99	11,57
521,20	12,67
521,40	24,90
521,61	26,76
521,82	31,08
522,03	26,50
522,23	38,69
522,44	46,98
522,65	46,73
522,85	48,76
523,06	41,79
523,27	41,71
523,48	44,83
523,68	51,49
523,89	51,32
524,10	43,55
524,30	53,70
524,51	56,53
524,72	63,69
524,93	62,12
525,13	59,57
525,34	58,27
525,55	66,46
525,75	72,22
525,96	73,40
526,17	71,17
526,37	67,38
526,58	68,65
526,79	61,79
526,99	58,48
527,20	50,07
527,41	44,02
527,62	38,61
527,82	40,29
528,03	38,69
528,24	35,42
528,44	34,74
528,65	17,24
528,86	19,92
529,06	23,57
529,27	22,47
529,48	32,35
529,68	26,36
529,89	34,99
530,10	39,04
530,30	35,83
530,51	36,07
530,72	37,51
530,92	32,59
531,13	37,18
531,34	56,26
531,54	56,05
531,75	50,64
531,96	54,16
532,16	57,42
532,37	62,42
532,57	67,73
532,78	64,25
532,99	71,42
533,19	73,39
533,40	71,28
533,61	76,99
533,81	71,46
534,02	77,92
534,23	80,11
534,43	82,86
534,64	85,92
534,84	89,54
535,05	94,86
535,26	96,17
535,46	96,17
535,67	101,20
535,88	103,40
536,08	108,37
536,29	110,38
536,49	113,51
536,70	107,33
536,91	106,19
537,11	119,94
537,32	121,22
537,53	118,94
537,73	114,42
537,94	116,89
538,14	124,09
538,35	125,16
538,56	112,66
538,76	117,83
538,97	132,72
539,17	140,66
539,38	147,79
539,59	159,49
539,79	151,08
540,00	153,94
540,20	165,85
540,41	170,53
540,62	169,38
540,82	176,90
541,03	175,78
541,23	192,51
541,44	194,36
541,64	195,41
541,85	200,49
542,06	211,58
542,26	205,43
542,47	217,38
542,67	220,98
542,88	217,65
543,08	221,78
543,29	225,55
543,50	231,90
543,70	247,19
543,91	252,24
544,11	261,86
544,32	258,20
544,52	259,41
544,73	260,50
544,94	276,59
545,14	284,89
545,35	293,49
545,55	305,94
545,76	319,06
545,96	331,89
546,17	340,77
546,37	340,17
546,58	355,70
546,78	369,47
546,99	386,69
547,20	400,64
547,40	411,80
547,61	421,94
547,81	432,61
548,02	454,61
548,22	467,53
548,43	481,32
548,63	489,99
548,84	503,51
549,04	520,23
549,25	532,90
549,45	542,80
549,66	553,90
549,86	573,64
550,07	594,35
550,27	608,36
550,48	620,34
550,69	633,93
550,89	651,10
551,10	666,94
551,30	684,62
551,51	704,26
551,71	726,50
551,92	747,25
552,12	767,86
552,33	793,32
552,53	809,69
552,74	822,48
552,94	849,52
553,15	875,51
553,35	894,68
553,56	920,85
553,76	948,68
553,97	978,60
554,17	1001,31
554,38	1034,44
554,58	1061,85
554,79	1098,01
554,99	1125,03
555,19	1164,72
555,40	1201,27
555,60	1234,16
555,81	1263,97
556,01	1296,92
556,22	1338,13
556,42	1384,69
556,63	1424,02
556,83	1469,71
557,04	1513,47
557,24	1565,89
557,45	1600,03
557,65	1645,17
557,86	1680,14
558,06	1744,36
558,27	1795,27
558,47	1846,60
558,67	1908,06
558,88	1951,34
559,08	2011,03
559,29	2074,13
559,49	2142,56
559,70	2197,84
559,90	2249,60
560,11	2308,03
560,31	2368,51
560,52	2430,46
560,72	2486,54
560,92	2548,78
561,13	2629,78
561,33	2711,74
561,54	2789,23
561,74	2863,83
561,95	2945,13
562,15	3014,63
562,35	3091,94
562,56	3179,06
562,76	3269,76
562,97	3365,99
563,17	3461,96
563,38	3564,30
563,58	3660,53
563,78	3753,26
563,99	3841,24
564,19	3945,72
564,40	4047,63
564,60	4139,05
564,80	4247,62
565,01	4360,45
565,21	4479,64
565,42	4612,36
565,62	4736,97
565,83	4877,35
566,03	5005,51
566,23	5144,05
566,44	5293,01
566,64	5438,87
566,85	5586,70
567,05	5734,30
567,25	5898,63
567,46	6066,35
567,66	6232,47
567,86	6414,91
568,07	6596,51
568,27	6773,27
568,48	6966,05
568,68	7147,72
568,88	7335,32
569,09	7523,70
569,29	7726,43
569,50	7933,32
569,70	8139,91
569,90	8362,35
570,11	8583,55
570,31	8814,18
570,51	9017,70
570,72	9230,51
570,92	9481,12
571,13	9706,65
571,33	9937,94
571,53	10182,91
571,74	10431,14
571,94	10680,50
572,14	10933,97
572,35	11203,56
572,55	11456,69
572,75	11712,68
572,96	11967,11
573,16	12237,03
573,36	12497,11
573,57	12736,63
573,77	12972,74
573,97	13222,99
574,18	13467,75
574,38	13726,76
574,59	13957,42
574,79	14200,93
574,99	14419,25
575,20	14664,61
575,40	14904,69
575,60	15131,76
575,81	15359,41
576,01	15591,41
576,21	15826,86
576,42	16070,76
576,62	16299,36
576,82	16527,56
577,02	16720,01
577,23	16941,31
577,43	17147,28
577,63	17364,11
577,84	17528,36
578,04	17712,34
578,24	17906,46
578,45	18075,01
578,65	18250,74
578,85	18392,30
579,06	18538,17
579,26	18694,84
579,46	18838,87
579,67	18968,12
579,87	19100,00
580,07	19214,81
580,27	19319,84
580,48	19455,14
580,68	19570,46
580,88	19681,07
581,09	19779,02
581,29	19882,61
581,49	20004,94
581,69	20107,44
581,90	20202,55
582,10	20315,12
582,30	20422,31
582,51	20515,51
582,71	20590,98
582,91	20679,14
583,11	20766,87
583,32	20840,49
583,52	20910,33
583,72	21002,40
583,93	21058,86
584,13	21114,84
584,33	21168,77
584,53	21213,46
584,74	21236,56
584,94	21277,03
585,14	21324,91
585,34	21365,83
585,55	21412,01
585,75	21428,51
585,95	21465,67
586,15	21492,48
586,36	21490,54
586,56	21511,33
586,76	21523,69
586,96	21533,49
587,17	21565,66
587,37	21558,87
587,57	21560,55
587,77	21536,95
587,98	21538,41
588,18	21506,27
588,38	21493,18
588,58	21442,23
588,79	21389,62
588,99	21367,58
589,19	21321,45
589,39	21270,41
589,60	21243,69
589,80	21172,85
590,00	21121,25
590,20	21060,05
590,40	21006,55
590,61	20935,58
590,81	20858,16
591,01	20793,27
591,21	20715,57
591,42	20659,58
591,62	20570,88
591,82	20502,61
592,02	20399,76
592,22	20288,72
592,43	20177,55
592,63	20085,92
592,83	19975,92
593,03	19850,78
593,23	19737,41
593,44	19632,27
593,64	19506,44
593,84	19389,15
594,04	19255,13
594,24	19116,35
594,45	18962,54
594,65	18846,17
594,85	18711,49
595,05	18599,75
595,25	18464,01
595,46	18333,97
595,66	18197,69
595,86	18054,76
596,06	17906,00
596,26	17755,82
596,46	17602,34
596,67	17452,78
596,87	17309,37
597,07	17161,76
597,27	16998,23
597,47	16857,24
597,67	16684,80
597,88	16526,31
598,08	16372,24
598,28	16243,47
598,48	16099,54
598,68	15961,57
598,88	15814,31
599,09	15677,40
599,29	15533,34
599,49	15399,00
599,69	15253,16
599,89	15128,52
600,09	14973,91
600,30	14850,55
600,50	14717,77
600,70	14594,16
600,90	14457,31
601,10	14320,18
601,30	14188,83
601,50	14060,76
601,71	13932,65
601,91	13800,38
602,11	13670,15
602,31	13536,55
602,51	13404,07
602,71	13282,10
602,91	13139,26
603,11	13012,38
603,32	12875,01
603,52	12739,92
603,72	12617,45
603,92	12486,62
604,12	12368,18
604,32	12248,36
604,52	12135,94
604,72	12031,70
604,93	11924,70
605,13	11813,98
605,33	11701,45
605,53	11590,87
605,73	11468,94
605,93	11357,87
606,13	11243,89
606,33	11136,20
606,53	11028,80
606,74	10915,89
606,94	10792,40
607,14	10674,14
607,34	10565,25
607,54	10470,54
607,74	10356,53
607,94	10245,21
608,14	10148,36
608,34	10053,79
608,54	9945,32
608,74	9841,11
608,95	9743,13
609,15	9651,73
609,35	9551,34
609,55	9467,83
609,75	9362,36
609,95	9256,99
610,15	9142,18
610,35	9037,08
610,55	8951,51
610,75	8862,54
610,95	8765,73
611,15	8677,38
611,35	8589,37
611,55	8518,35
611,76	8425,65
611,96	8330,84
612,16	8238,79
612,36	8173,34
612,56	8091,10
612,76	8017,74
612,96	7944,45
613,16	7861,72
613,36	7778,31
613,56	7691,96
613,76	7608,85
613,96	7537,32
614,16	7447,39
614,36	7367,01
614,56	7296,29
614,76	7224,97
614,96	7132,38
615,16	7046,06
615,36	6973,65
615,56	6913,38
615,76	6834,81
615,97	6755,98
616,17	6704,64
616,37	6649,02
616,57	6577,74
616,77	6504,07
616,97	6442,73
617,17	6384,15
617,37	6321,13
617,57	6260,45
617,77	6207,56
617,97	6129,79
618,17	6061,57
618,37	5994,34
618,57	5934,68
618,77	5869,23
618,97	5798,65
619,17	5737,64
619,37	5673,82
619,57	5606,29
619,77	5544,62
619,97	5480,83
620,17	5436,66
620,37	5372,46
620,57	5331,73
620,77	5272,58
620,97	5217,62
621,17	5167,53
621,37	5105,55
621,57	5063,59
621,77	5009,53
621,97	4969,38
622,17	4931,42
622,37	4878,80
622,57	4826,41
622,77	4773,14
622,97	4721,58
623,17	4669,03
623,37	4636,91
623,57	4596,17
623,77	4555,77
623,97	4515,93
624,16	4468,21
624,36	4428,65
624,56	4375,42
624,76	4319,49
624,96	4279,43
625,16	4244,11
625,36	4210,91
625,56	4171,43
625,76	4129,24
625,96	4076,88
626,16	4036,04
626,36	3993,17
626,56	3956,39
626,76	3911,21
626,96	3864,58
627,16	3820,47
627,36	3787,24
627,56	3743,47
627,76	3708,09
627,96	3662,22
628,16	3631,32
628,35	3602,80
628,55	3558,19
628,75	3516,95
628,95	3485,87
629,15	3455,78
629,35	3424,22
629,55	3388,81
629,75	3363,05
629,95	3325,87
630,15	3293,40
630,35	3257,71
630,55	3225,07
630,75	3200,01
630,95	3163,64
631,14	3141,11
631,34	3120,87
631,54	3078,13
631,74	3038,23
631,94	3002,44
632,14	2985,66
632,34	2956,53
632,54	2922,48
632,74	2893,77
632,94	2866,86
633,14	2851,26
633,33	2813,63
633,53	2793,07
633,73	2763,45
633,93	2741,55
634,13	2727,74
634,33	2711,25
634,53	2692,16
634,73	2656,99
634,93	2629,26
635,12	2611,82
635,32	2590,04
635,52	2559,60
635,72	2531,25
635,92	2517,46
636,12	2490,96
636,32	2463,01
636,52	2431,23
636,71	2403,26
636,91	2366,31
637,11	2343,42
637,31	2327,49
637,51	2291,38
637,71	2270,83
637,91	2248,73
638,11	2234,01
638,30	2202,96
638,50	2180,46
638,70	2156,06
638,90	2145,06
639,10	2123,57
639,30	2107,09
639,50	2099,73
639,69	2079,75
639,89	2061,87
640,09	2074,71
640,29	2058,93
640,49	2046,49
640,69	2034,67
640,88	2016,98
641,08	1995,44
641,28	1976,30
641,48	1965,72
641,68	1952,74
641,88	1925,58
642,07	1904,47
642,27	1891,77
642,47	1864,34
642,67	1825,74
642,87	1801,98
643,07	1780,19
643,26	1754,84
643,46	1747,98
643,66	1732,39
643,86	1720,00
644,06	1690,37
644,26	1671,55
644,45	1659,12
644,65	1644,33
644,85	1632,01
645,05	1625,62
645,25	1619,70
645,44	1611,86
645,64	1599,27
645,84	1588,13
646,04	1571,35
646,24	1564,29
646,43	1537,63
646,63	1531,40
646,83	1517,72
647,03	1514,55
647,23	1498,17
647,42	1475,99
647,62	1454,97
647,82	1437,27
648,02	1420,67
648,22	1411,36
648,41	1397,15
648,61	1384,27
648,81	1368,86
649,01	1368,52
649,20	1351,88
649,40	1342,62
649,60	1315,45
649,80	1304,92
650,00	1296,64
650,19	1301,33
650,39	1288,94
650,59	1284,52
650,79	1262,14
650,98	1260,35
651,18	1249,93
651,38	1238,68
651,58	1222,47
651,77	1213,46
651,97	1203,07
652,17	1198,24
652,37	1190,84
652,56	1177,13
652,76	1159,65
652,96	1153,94
653,16	1137,72
653,35	1139,88
653,55	1122,61
653,75	1113,14
653,95	1099,59
654,14	1099,06
654,34	1096,38
654,54	1083,45
654,74	1074,54
654,93	1066,98
655,13	1061,95
655,33	1053,60
655,52	1049,22
655,72	1042,56
655,92	1027,77
656,12	1017,30
656,31	1008,12
656,51	1008,84
656,71	993,88
656,91	982,24
657,10	974,63
657,30	963,23
657,50	959,22
657,69	946,50
657,89	936,27
658,09	927,78
658,29	922,94
658,48	921,10
658,68	927,39
658,88	922,24
659,07	907,75
659,27	907,12
659,47	901,34
659,66	902,32
659,86	911,91
660,06	900,11
660,26	905,08
660,45	900,15
660,65	893,06
660,85	889,62
661,04	883,78
661,24	876,95
661,44	874,96
661,63	870,15
661,83	863,35
662,03	854,64
662,22	838,01
662,42	823,77
662,62	817,94
662,81	811,17
663,01	802,87
663,21	797,13
663,40	801,53
663,60	796,49
663,80	789,92
663,99	783,89
664,19	785,72
664,39	785,22
664,58	780,36
664,78	778,08
664,98	776,89
665,17	774,45
665,37	762,94
665,57	765,82
665,76	765,54
665,96	745,94
666,16	739,79
666,35	733,47
666,55	727,73
666,74	719,09
666,94	713,11
667,14	711,57
667,33	715,30
667,53	712,14
667,73	713,26
667,92	710,23
668,12	707,72
668,32	710,17
668,51	706,11
668,71	707,48
668,90	705,27
669,10	697,82
669,30	694,86
669,49	694,39
669,69	694,74
669,89	692,93
670,08	689,73
670,28	683,27
670,47	687,55
670,67	682,61
670,87	669,59
671,06	678,57
671,26	672,73
671,45	668,01
671,65	677,06
671,85	672,51
672,04	672,80
672,24	667,44
672,43	666,33
672,63	662,15
672,83	659,79
673,02	654,41
673,22	652,00
673,41	654,44
673,61	645,20
673,81	650,87
674,00	645,42
674,20	636,61
674,39	639,87
674,59	637,95
674,78	641,40
674,98	631,18
675,18	628,76
675,37	629,46
675,57	620,31
675,76	608,01
675,96	599,68
676,15	588,41
676,35	573,22
676,55	567,77
676,74	562,20
676,94	560,94
677,13	558,23
677,33	551,44
677,52	555,43
677,72	543,48
677,91	536,26
678,11	536,98
678,31	545,05
678,50	542,85
678,70	553,34
678,89	619,76
679,09	624,43
679,28	625,06
679,48	621,50
679,67	613,91
679,87	606,42
680,06	595,31
680,26	596,50
680,46	597,81
680,65	597,69
680,85	598,64
681,04	598,07
681,24	594,60
681,43	525,90
681,63	517,30
681,82	518,78
682,02	514,99
682,21	511,73
682,41	513,98
682,60	519,81
682,80	537,21
682,99	534,95
683,19	527,17
683,38	523,29
683,58	521,77
683,77	523,60
683,97	524,15
684,16	526,03
684,36	520,42
684,55	511,98
684,75	513,03
684,94	512,18
685,14	512,09
685,33	495,99
685,53	494,32
685,72	493,49
685,92	482,54
686,11	483,49
686,31	478,52
686,50	473,88
686,70	473,22
686,89	469,17
687,09	474,56
687,28	476,09
687,48	474,86
687,67	468,13
687,87	460,17
688,06	453,27
688,26	460,50
688,45	462,86
688,65	461,25
688,84	454,30
689,03	452,32
689,23	450,50
689,42	455,11
689,62	443,45
689,81	439,23
690,01	429,37
690,20	434,32
690,40	441,02
690,59	442,78
690,79	433,92
690,98	425,67
691,17	419,71
691,37	419,51
691,56	421,03
691,76	420,75
691,95	415,24
692,15	422,88
692,34	421,37
692,54	422,22
692,73	413,94
692,92	409,29
693,12	404,22
693,31	402,92
693,51	406,54
693,70	417,97
693,90	415,60
694,09	421,61
694,28	415,62
694,48	412,79
694,67	407,65
694,87	401,00
695,06	402,06
695,26	400,18
695,45	397,12
695,64	392,92
695,84	386,60
696,03	387,76
696,23	375,82
696,42	375,66
696,61	363,22
696,81	366,40
697,00	362,46
697,20	360,25
697,39	361,85
697,58	365,01
697,78	359,68
697,97	350,26
698,17	352,42
698,36	364,82
698,55	365,29
698,75	357,64
698,94	354,83
699,14	352,74
699,33	349,02
699,52	344,08
699,72	342,49
699,91	344,15
700,10	336,99
700,30	336,79
700,49	343,00
700,69	349,53
700,88	337,91
701,07	336,84
701,27	342,09
701,46	341,38
701,65	341,73
701,85	343,47
702,04	344,70
702,23	343,51
702,43	337,80
702,62	330,95
702,82	336,02
703,01	327,65
703,20	313,07
703,40	310,00
703,59	304,54
703,78	297,02
703,98	289,09
704,17	293,82
704,36	289,20
704,56	295,90
704,75	294,25
704,94	287,14
705,14	294,08
705,33	295,98
705,52	301,56
705,72	304,34
705,91	299,94
706,10	297,88
706,30	303,74
706,49	298,98
706,68	293,46
706,88	290,21
707,07	277,83
707,26	283,38
707,46	288,76
707,65	295,44
707,84	285,45
708,04	284,38
708,23	278,85
708,42	291,93
708,62	294,37
708,81	290,25
709,00	293,79
709,19	288,66
709,39	278,28
709,58	281,95
709,77	277,03
709,97	284,47
710,16	267,70
710,35	274,20
710,55	273,33
710,74	274,77
710,93	264,59
711,12	270,07
711,32	269,26
711,51	274,17
711,70	276,96
711,90	287,01
712,09	288,10
712,28	283,90
712,47	269,32
712,67	263,03
712,86	260,19
713,05	256,59
713,24	262,40
713,44	261,11
713,63	252,03
713,82	240,74
714,02	240,25
714,21	238,06
714,40	237,25
714,59	228,52
714,79	222,11
714,98	228,75
715,17	233,09
715,36	229,47
715,56	231,79
715,75	230,35
715,94	230,05
716,13	223,21
716,33	230,16
716,52	229,12
716,71	226,42
716,90	216,65
717,10	218,66
717,29	223,37
717,48	220,02
717,67	224,43
717,87	219,76
718,06	210,36
718,25	203,91
718,44	206,78
718,63	207,30
718,83	199,54
719,02	194,61
719,21	189,70
719,40	197,30
719,60	196,37
719,79	198,58
719,98	194,95
720,17	193,16
720,36	187,18
720,56	191,26
720,75	189,13
720,94	189,10
721,13	186,17
721,33	188,69
721,52	190,95
721,71	191,43
721,90	189,61
722,09	188,55
722,29	189,51
722,48	183,32
722,67	184,75
722,86	198,18
723,05	201,22
723,24	204,58
723,44	198,80
723,63	203,18
723,82	203,94
724,01	191,32
724,20	192,79
724,40	190,06
724,59	187,91
724,78	182,02
724,97	186,39
725,16	183,93
725,35	178,63
725,55	171,77
725,74	178,53
725,93	182,64
726,12	178,40
726,31	180,32
726,51	197,19
726,70	198,81
726,89	202,53
727,08	204,46
727,27	203,09
727,46	203,15
727,65	198,94
727,85	196,05
728,04	201,13
728,23	191,17
728,42	183,04
728,61	183,75
728,80	177,76
729,00	161,92
729,19	155,91
729,38	146,67
729,57	138,56
729,76	140,81
729,95	138,78
730,14	144,92
730,33	145,76
730,53	145,10
730,72	140,71
730,91	138,82
731,10	141,34
731,29	138,88
731,48	141,16
731,67	141,25
731,86	137,77
732,06	147,39
732,25	141,29
732,44	141,40
732,63	139,83
732,82	136,78
733,01	136,40
733,20	141,88
733,39	146,90
733,59	138,32
733,78	142,44
733,97	147,20
734,16	152,03
734,35	154,34
734,54	153,55
734,73	152,01
734,92	153,56
735,11	155,36
735,30	149,54
735,49	137,51
735,69	132,90
735,88	125,20
736,07	131,85
736,26	125,36
736,45	120,34
736,64	113,64
736,83	112,71
737,02	113,16
737,21	119,89
737,40	117,52
737,59	112,97
737,78	112,61
737,98	116,90
738,17	117,30
738,36	124,90
738,55	123,98
738,74	133,37
738,93	132,75
739,12	130,14
739,31	133,83
739,50	127,78
739,69	129,67
739,88	131,27
740,07	130,63
740,26	132,38
740,45	136,07
740,64	137,40
740,83	137,72
741,02	134,57
741,22	133,40
741,41	132,32
741,60	146,16
741,79	134,05
741,98	126,36
742,17	114,40
742,36	114,65
742,55	118,32
742,74	125,50
742,93	117,10
743,12	106,34
743,31	109,36
743,50	106,51
743,69	104,61
743,88	109,96
744,07	98,79
744,26	103,00
744,45	101,06
744,64	111,72
744,83	107,71
745,02	103,83
745,21	100,63
745,40	105,24
745,59	111,20
745,78	99,50
745,97	97,58
746,16	91,68
746,35	79,60
746,54	82,23
746,73	78,02
746,92	82,78
747,11	75,29
747,30	69,94
747,49	73,57
747,68	75,05
747,87	77,40
748,06	79,85
748,25	83,65
748,44	85,30
748,63	90,90
748,82	98,06
749,01	88,30
749,20	103,66
749,39	96,65
749,58	89,79
749,77	101,24
749,96	92,36
750,15	89,34
750,34	91,50
750,53	87,12
750,72	84,64
750,91	78,28
751,10	75,47
751,29	72,85
751,48	84,50
751,67	79,10
751,86	88,86
752,04	91,46
752,23	80,59
752,42	79,12
752,61	83,44
752,80	76,78
752,99	79,01
753,18	79,11
753,37	92,49
753,56	81,65
753,75	81,13
753,94	68,31
754,13	60,54
754,32	58,34
754,51	61,52
754,70	63,54
754,89	62,19
755,08	53,21
755,27	55,96
755,45	55,99
755,64	53,83
755,83	47,95
756,02	56,52
756,21	63,22
756,40	68,36
756,59	71,23
756,78	64,67
756,97	62,41
757,16	64,65
757,35	69,29
757,54	72,74
757,72	67,04
757,91	66,48
758,10	68,68
758,29	69,84
758,48	62,60
758,67	56,02
758,86	56,61
759,05	54,42
759,24	54,67
759,43	60,97
759,61	52,69
759,80	54,43
759,99	53,08
760,18	51,90
760,37	49,37
760,56	47,25
760,75	42,38
760,94	51,86
761,13	49,84
761,31	52,77
761,50	58,59
761,69	60,11
761,88	45,72
762,07	50,09
762,26	45,31
762,45	48,97
762,64	53,02
762,82	65,83
763,01	58,83
763,20	59,17
763,39	56,69
763,58	61,04
763,77	52,87
763,96	48,15
764,14	49,93
764,33	61,22
764,52	59,54
764,71	57,02
764,90	48,39
765,09	43,33
765,27	31,86
765,46	43,50
765,65	46,96
765,84	51,06
766,03	49,05
766,22	56,30
766,41	56,97
766,59	52,59
766,78	55,68
766,97	50,71
767,16	50,46
767,35	57,91
767,54	58,75
767,72	60,35
767,91	53,35
768,10	50,13
768,29	47,00
768,48	49,96
768,66	50,88
768,85	49,94
769,04	52,28
769,23	49,54
769,42	55,26
769,61	57,92
769,79	49,12
769,98	44,57
770,17	37,91
770,36	41,09
770,55	36,48
770,73	33,98
770,92	33,31
771,11	24,98
771,30	23,05
771,49	23,73
771,67	26,35
771,86	30,89
772,05	30,39
772,24	28,20
772,42	38,31
772,61	50,23
772,80	42,86
772,99	45,88
773,18	45,46
773,36	47,87
773,55	42,01
773,74	51,78
773,93	62,32
774,11	51,87
774,30	49,08
774,49	47,58
774,68	51,37
774,87	51,18
775,05	46,36
775,24	56,13
775,43	62,95
775,62	61,85
775,80	60,32
775,99	64,50
776,18	54,65
776,37	48,72
776,55	55,69
776,74	50,24
776,93	51,68
777,12	48,91
777,30	37,83
777,49	34,02
777,68	30,04
777,87	28,82
778,05	31,84
778,24	27,82
778,43	32,03
778,62	29,60
778,80	24,22
778,99	20,63
779,18	22,48
779,36	20,19
779,55	24,38
779,74	33,29
779,93	33,38
780,11	33,78
780,30	29,68
780,49	28,70
780,68	29,30
780,86	25,18
781,05	31,88
781,24	39,55
781,42	43,95
781,61	46,71
781,80	41,36
781,98	42,73
782,17	43,83
782,36	47,41
782,55	39,37
782,73	40,47
782,92	39,89
783,11	38,44
783,29	50,86
783,48	42,45
783,67	40,00
783,85	34,01
784,04	36,77
784,23	44,92
784,42	39,44
784,60	35,56
784,79	31,46
784,98	39,45
785,16	38,61
785,35	38,85
785,54	35,24
785,72	25,93
785,91	30,23
786,10	26,85
786,28	33,16
786,47	29,31
786,66	27,12
786,84	29,64
787,03	32,50
787,22	28,46
787,40	23,99
787,59	16,85
787,78	15,18
787,96	16,35
788,15	19,39
788,34	23,41
788,52	26,78
788,71	20,06
788,89	20,65
789,08	19,63
789,27	18,37
789,45	19,40
789,64	21,59
789,83	26,73
790,01	36,21
790,20	32,76
790,39	32,68
790,57	30,82
790,76	25,11
790,95	18,63
791,13	19,90
791,32	14,84
791,50	17,18
791,69	16,51
791,88	15,32
792,06	24,98
792,25	21,61
792,43	15,05
792,62	20,53
792,81	23,30
792,99	22,12
793,18	31,33
793,37	24,50
793,55	18,86
793,74	20,62
793,92	13,48
794,11	17,78
794,30	22,40
794,48	13,08
794,67	0,44
794,85	-4,69
795,04	-12,75
795,23	-18,21
795,41	-17,78
795,60	-20,75
795,78	-17,18
795,97	-7,07
796,15	-7,32
796,34	-0,49
796,53	-1,17
796,71	-0,69
796,90	0,75
797,08	20,22
797,27	28,80
797,46	32,65
797,64	36,43
797,83	36,94
798,01	28,52
798,20	38,35
798,38	34,81
798,57	39,04
798,76	41,73
798,94	37,61
799,13	30,15
799,31	30,82
799,50	30,17
799,68	35,12
799,87	31,82
800,05	35,70
800,24	32,66
800,43	36,95
800,61	33,26
800,80	35,36
800,98	32,22
801,17	23,71
801,35	28,09
801,54	28,51
801,72	28,23
801,91	15,42
802,09	12,09
802,28	18,85
802,46	17,06
802,65	14,38
802,84	10,16
803,02	8,98
803,21	5,95
803,39	-0,25
803,58	0,92
803,76	9,62
803,95	7,35
804,13	11,12
804,32	15,73
804,50	13,45
804,69	15,44
804,87	19,40
805,06	23,43
805,24	37,30
805,43	33,93
805,61	34,19
805,80	47,21
805,98	53,20
806,17	41,89
806,35	48,78
806,54	51,27
806,72	56,00
806,91	55,33
807,09	52,39
807,28	45,33
807,46	52,51
807,65	41,42
807,83	46,79
808,02	40,63
808,20	34,74
808,39	35,21
808,57	34,54
808,76	28,91
808,94	23,69
809,13	12,75
809,31	7,13
809,49	7,06
809,68	8,07
809,86	0,56
810,05	-1,04
810,23	3,80
810,42	16,74
810,60	22,90
810,79	26,52
810,97	24,07
811,16	30,67
811,34	24,85
811,53	27,01
811,71	39,15
811,89	40,08
812,08	46,91
812,26	53,89
812,45	56,59
812,63	48,55
812,82	31,79
813,00	36,59
813,19	30,15
813,37	33,11
813,55	27,77
813,74	31,64
813,92	38,30
814,11	30,35
814,29	30,33
814,48	19,12
814,66	17,46
814,84	15,68
815,03	18,39
815,21	29,04
815,40	11,06
815,58	6,06
815,77	3,35
815,95	-0,19
816,13	-6,77
816,32	-3,29
816,50	-2,79
816,69	-5,31
816,87	3,91
817,05	-2,77
817,24	-3,35
817,42	-7,74
817,61	-10,00
817,79	-2,81
817,97	5,20
818,16	10,52
818,34	23,04
818,53	24,81
818,71	19,73
818,89	17,22
819,08	19,00
819,26	15,52
819,45	17,30
819,63	24,89
819,81	25,06
820,00	27,09
820,18	26,07
820,36	20,76
820,55	22,30
820,73	12,14
820,92	15,10
821,10	19,73
821,28	23,77
821,47	21,15
821,65	30,91
821,83	33,95
822,02	32,43
822,20	36,59
822,39	35,98
822,57	37,07
822,75	38,52
822,94	38,35
823,12	42,74
823,30	42,65
823,49	34,55
823,67	35,06
823,85	38,94
824,04	20,58
824,22	23,05
824,40	23,22
824,59	23,88
824,77	19,10
824,95	21,98
825,14	21,47
825,32	12,53
825,50	4,36
825,69	6,05
825,87	11,13
826,05	8,08
826,24	12,63
826,42	21,66
826,60	20,90
826,79	22,24
826,97	20,80
827,15	29,33
827,34	25,52
827,52	22,14
827,70	28,27
827,89	35,60
828,07	40,35
828,25	38,32
828,44	36,64
828,62	26,94
828,80	24,99
828,98	19,23
829,17	18,78
829,35	13,63
829,53	13,53
829,72	10,66
829,90	14,71
830,08	12,35
830,27	11,42
830,45	4,56
830,63	12,84
830,81	23,85
831,00	25,62
831,18	22,60
831,36	27,83
831,55	19,57
831,73	24,98
831,91	23,62
832,09	26,91
832,28	24,30
832,46	18,12
832,64	23,82
832,82	25,17
833,01	19,85
833,19	6,81
833,37	9,51
833,55	10,51
833,74	2,90
833,92	12,13
834,10	12,12
834,29	4,37
834,47	-1,28
834,65	-4,33
834,83	4,54
835,02	5,08
835,20	12,02
835,38	6,78
835,56	10,67
835,75	7,80
835,93	14,22
836,11	18,87
836,29	13,70
836,47	15,30
836,66	24,50
836,84	24,58
837,02	26,28
837,20	28,23
837,39	17,25
837,57	10,39
837,75	14,61
837,93	14,87
838,12	16,22
838,30	12,67
838,48	13,16
838,66	15,51
838,84	11,30
839,03	4,28
839,21	8,93
839,39	10,12
839,57	13,45
839,75	18,02
839,94	14,56
840,12	10,10
840,30	9,93
840,48	7,31
840,66	0,32
840,85	1,24
841,03	-5,41
841,21	-0,42
841,39	0,35
841,57	-0,24
841,76	1,28
841,94	-2,71
842,12	-5,84
842,30	2,41
842,48	4,84
842,67	3,82
842,85	8,80
843,03	17,97
843,21	13,08
843,39	19,34
843,57	19,98
843,76	27,30
843,94	26,88
844,12	34,24
844,30	37,32
844,48	39,17
844,66	27,62
844,85	29,06
845,03	31,59
845,21	29,82
845,39	25,27
845,57	24,00
845,75	22,40
845,94	15,59
846,12	12,48
846,30	18,75
846,48	13,92
846,66	9,65
846,84	14,57
847,02	26,16
847,21	26,59
847,39	25,83
847,57	21,86
847,75	21,10
847,93	27,52
848,11	29,55
848,29	29,62
848,48	29,71
848,66	24,79
848,84	17,72
849,02	19,42
849,20	14,42
849,38	21,13
849,56	29,82
849,74	31,69
849,93	31,60
850,11	36,57
850,29	36,74
850,47	32,94
850,65	36,16
850,83	31,84
851,01	26,87
851,19	29,63
851,37	28,70
851,56	30,04
851,74	13,02
851,92	10,26
852,10	10,59
852,28	9,76
852,46	4,79
852,64	0,23
852,82	-1,71
853,00	-1,89
853,18	0,14
853,37	2,59
853,55	0,22
853,73	-0,21
853,91	-0,38
854,09	7,57
854,27	-3,95
854,45	-5,73
854,63	-0,76
854,81	-1,10
854,99	-1,27
855,17	-2,36
855,35	-6,31
855,53	-7,83
855,72	-7,41
855,90	4,91
856,08	3,48
856,26	5,44
856,44	1,96
856,62	6,53
856,80	9,49
856,98	4,83
857,16	5,42
857,34	-2,97
857,52	-0,26
857,70	-0,29
857,88	2,34
858,06	15,09
858,24	-1,28
858,42	-3,39
858,60	-8,05
858,78	-4,25
858,96	-4,67
859,15	-6,44
859,33	-2,97
859,51	-1,78
859,69	4,77
859,87	-1,67
860,05	-0,48
860,23	-1,75
860,41	-18,22
860,59	-6,82
860,77	-9,79
860,95	-5,83
861,13	-3,46
861,31	-3,80
861,49	-4,05
861,67	-0,00
861,85	1,18
862,03	-0,70
862,21	8,36
862,39	2,31
862,57	1,64
862,75	11,80
862,93	8,41
863,11	13,83
863,29	11,81
863,47	7,26
863,65	7,34
863,83	12,31
864,01	11,53
864,19	15,35
864,37	17,71
864,55	24,52
864,73	34,62
864,91	31,24
865,09	30,39
865,27	39,07
865,45	30,23
865,63	28,54
865,81	24,98
865,99	20,10
866,17	14,28
866,35	20,92
866,53	16,01
866,71	17,12
866,89	8,61
867,07	9,30
867,24	8,62
867,42	4,72
867,60	-3,62
867,78	0,39
867,96	4,89
868,14	10,13
868,32	17,98
868,50	13,40
868,68	9,26
868,86	8,07
869,04	8,07
869,22	7,73
869,40	8,92
869,58	12,56
869,76	13,32
869,94	14,26
870,12	17,39
870,30	1,67
870,48	6,85
870,66	6,60
870,83	10,50
871,01	9,36
871,19	3,72
871,37	9,23
871,55	8,21
871,73	2,78
871,91	8,09
872,09	7,42
872,27	5,64
872,45	12,22
872,63	26,49
872,81	17,50
872,98	18,86
873,16	26,20
873,34	24,46
873,52	23,07
873,70	19,08
873,88	21,11
874,06	13,92
874,24	18,69
874,42	21,49
874,60	20,56
874,78	18,53
874,95	14,82
875,13	12,70
875,31	10,15
875,49	6,18
875,67	-4,01
875,85	8,46
876,03	13,42
876,21	10,97
876,39	18,92
876,56	7,48
876,74	-0,62
876,92	-5,44
877,10	-9,58
877,28	-15,26
877,46	-15,33
877,64	-18,28
877,82	-22,24
877,99	-14,94
878,17	-17,92
878,35	-26,41
878,53	-26,42
878,71	-23,54
878,89	-25,73
879,07	-21,69
879,24	-18,83
879,42	-17,47
879,60	-7,14
879,78	1,37
879,96	5,26
880,14	9,92
880,32	9,92
880,49	1,73
880,67	2,38
880,85	8,91
881,03	7,72
881,21	10,09
881,39	7,46
881,56	12,64
881,74	11,70
881,92	4,53
882,10	-3,58
882,28	-2,23
882,46	-7,73
882,63	-5,96
882,81	0,54
882,99	0,46
883,17	-5,98
883,35	-10,44
883,52	-10,53
883,70	-8,50
883,88	-13,65
884,06	-10,95
884,24	-3,67
884,42	1,50
884,59	-7,77
884,77	2,93
884,95	-1,81
885,13	-0,20
885,31	3,52
885,48	4,19
885,66	4,93
885,84	6,03
886,02	9,92
886,20	16,24
886,37	11,85
886,55	1,32
886,73	-3,41
886,91	-1,83
887,08	-9,82
887,26	-11,52
887,44	-14,31
887,62	-12,54
887,80	-3,38
887,97	2,90
888,15	3,57
888,33	0,54
888,51	-1,74
888,68	1,06
888,86	4,31
889,04	4,90
889,22	9,29
889,40	2,51
889,57	10,55
889,75	6,43
889,93	6,44
890,11	-0,60
890,28	-3,91
890,46	-4,59
890,64	-5,18
890,82	-6,54
890,99	-6,79
891,17	3,93
891,35	6,05
891,53	11,23
891,70	14,54
891,88	13,11
892,06	21,12
892,24	11,95
892,41	6,54
892,59	7,38
892,77	11,45
892,94	11,96
893,12	14,66
893,30	13,90
893,48	8,32
893,65	10,36
893,83	9,16
894,01	15,25
894,19	16,29
894,36	4,31
894,54	14,99
894,72	21,58
894,89	22,27
895,07	16,84
895,25	28,47
895,43	27,28
895,60	23,38
895,78	22,87
895,96	14,42
896,13	11,46
896,31	7,73
896,49	6,63
896,66	23,05
896,84	24,74
897,02	21,70
897,20	20,59
897,37	19,25
897,55	10,82
897,73	4,64
897,90	7,53
898,08	14,22
898,26	17,16
898,43	12,58
898,61	13,60
898,79	5,32
898,96	-2,18
899,14	-4,77
899,32	-1,80
899,49	-2,73
899,67	-0,53
899,85	-3,06
900,02	0,50
900,20	3,63
900,38	-7,12
900,55	-3,82
900,73	-1,78
900,91	2,85
901,08	9,68
901,26	12,47
901,44	8,82
901,61	7,20
901,79	8,80
901,97	8,37
902,14	7,43
902,32	6,76
902,50	3,38
902,67	11,42
902,85	12,35
903,02	5,12
903,20	-0,36
903,38	-0,19
903,55	-0,10
903,73	-3,14
903,91	0,58
904,08	-4,34
904,26	1,09
904,44	3,29
904,61	4,90
904,79	6,34
904,96	4,31
905,14	2,27
905,32	9,11
905,49	8,18
905,67	6,65
905,84	6,30
906,02	8,32
906,20	-0,74
906,37	-5,23
906,55	-11,17
906,73	-18,20
906,90	-21,94
907,08	-19,31
907,25	-23,36
907,43	-23,87
907,61	-16,93
907,78	-19,39
907,96	-16,70
908,13	-15,77
908,31	-15,53
908,48	-12,72
908,66	-4,99
908,84	-1,94
909,01	0,16
909,19	7,29
909,36	7,01
909,54	9,29
909,72	10,30
909,89	7,08
910,07	8,11
910,24	7,44
910,42	-0,44
910,59	-0,61
910,77	1,93
910,95	4,04
911,12	5,49
911,30	15,52
911,47	15,84
911,65	12,13
911,82	13,32
912,00	12,47
912,17	18,56
912,35	25,66
912,53	26,86
912,70	32,21
912,88	34,00
913,05	33,83
913,23	38,27
913,40	38,78
913,58	34,10
913,75	23,56
913,93	22,79
914,10	22,71
914,28	21,18
914,46	16,87
914,63	8,65
914,81	5,17
914,98	4,66
915,16	7,29
915,33	7,54
915,51	1,08
915,68	-8,06
915,86	-7,21
916,03	4,80
916,21	4,30
916,38	7,41
916,56	7,49
916,73	9,20
916,91	16,09
917,08	13,55
917,26	19,55
917,43	16,59
917,61	17,87
917,78	10,71
917,96	17,80
918,13	11,10
918,31	10,43
918,48	11,87
918,66	3,03
918,83	-0,87
919,01	0,66
919,18	-5,37
919,36	-7,82
919,53	-11,62
919,71	-18,59
919,88	-19,71
920,06	-16,03
920,23	-15,01
920,41	-4,93
920,58	-12,73
920,76	-10,11
920,93	-7,95
921,11	-6,27
921,28	-13,82
921,45	-15,76
921,63	-7,12
921,80	-5,17
921,98	2,48
922,15	-3,93
922,33	2,52
922,50	0,99
922,68	-2,82
922,85	4,42
923,03	2,82
923,20	2,83
923,38	5,82
923,55	14,78
923,72	16,88
923,90	15,27
924,07	10,10
924,25	-0,51
924,42	2,35
924,60	0,23
924,77	0,82
924,95	-5,96
925,12	-10,50
925,29	-12,20
925,47	-4,08
925,64	-5,44
925,82	-11,44
925,99	-8,29
926,17	-9,31
926,34	-9,06
926,51	3,08
926,69	5,45
926,86	-3,94
927,04	-5,29
927,21	0,98
927,38	1,07
927,56	3,44
927,73	-3,66
927,91	2,87
928,08	0,58
928,25	-5,01
928,43	-8,13
928,60	-8,65
928,78	-11,79
928,95	-8,07
929,12	5,48
929,30	8,79
929,47	3,86
929,65	5,81
929,82	1,91
929,99	6,16
930,17	-2,68
930,34	-4,72
930,52	0,10
930,69	1,19
930,86	2,30
931,04	11,44
931,21	7,21
931,38	-0,69
931,56	-1,02
931,73	-3,38
931,91	-8,13
932,08	-7,80
932,25	-15,19
932,43	-11,77
932,60	-10,50
932,77	-7,61
932,95	-6,26
933,12	-3,03
933,29	-3,89
933,47	-6,02
933,64	-5,76
933,82	-9,24
933,99	-5,27
934,16	-0,01
934,34	2,71
934,51	3,06
934,68	5,17
934,86	5,42
935,03	3,13
935,20	0,33
935,38	-0,27
935,55	-8,73
935,72	-9,49
935,90	-4,22
936,07	-5,15
936,24	-2,26
936,42	-3,70
936,59	-0,67
936,76	4,84
936,94	6,11
937,11	10,70
937,28	14,85
937,46	18,24
937,63	16,81
937,80	17,58
937,97	20,89
938,15	18,51
938,32	21,98
938,49	24,19
938,67	27,06
938,84	20,63
939,01	23,26
939,19	23,01
939,36	16,23
939,53	12,58
939,70	14,63
939,88	18,79
940,05	16,08
940,22	17,53
940,40	17,10
940,57	14,05
940,74	13,02
940,92	12,43
941,09	20,83
941,26	21,36
941,43	18,31
941,61	21,35
941,78	21,10
941,95	19,65
942,12	12,94
942,30	16,41
942,47	14,79
942,64	14,54
942,82	16,66
942,99	12,85
943,16	12,95
943,33	5,90
943,51	-6,22
943,68	-0,65
943,85	-1,75
944,02	-0,90
944,20	-2,09
944,37	2,99
944,54	5,46
944,71	5,71
944,89	2,01
945,06	-0,36
945,23	4,23
945,40	-3,34
945,58	1,65
945,75	5,36
945,92	4,79
946,09	5,99
946,27	5,55
946,44	0,04
946,61	-3,34
946,78	-7,76
946,95	-13,19
947,13	-6,27
947,30	-5,17
947,47	-9,85
947,64	-8,97
947,82	-16,91
947,99	-15,99
948,16	-21,00
948,33	-21,26
948,50	-24,64
948,68	-24,74
948,85	-24,82
949,02	-25,15
949,19	-16,43
949,36	-15,22
949,54	-10,54
949,71	-9,26
949,88	-1,91
950,05	5,38
950,22	5,81
950,40	10,38
950,57	19,20
950,74	18,68
950,91	22,16
951,08	31,29
951,26	35,68
951,43	26,09
951,60	27,44
951,77	20,31
951,94	20,06
952,11	14,64
952,29	10,98
952,46	14,12
952,63	16,06
952,80	10,48
952,97	19,23
953,15	25,84
953,32	13,77
953,49	13,97
953,66	14,65
953,83	3,90
954,00	10,67
954,17	8,28
954,35	15,17
954,52	12,72
954,69	7,48
954,86	1,38
955,03	-3,90
955,20	-10,70
955,38	-15,10
955,55	-9,18
955,72	-12,07
955,89	-6,46
956,06	5,64
956,23	3,37
956,40	3,20
956,58	-5,88
956,75	1,57
956,92	6,31
957,09	7,33
957,26	12,83
957,43	12,24
957,60	12,41
957,77	7,48
957,95	8,83
958,12	7,22
958,29	-1,27
958,46	-1,86
958,63	-1,43
958,80	-3,21
958,97	-3,20
959,14	-8,72
959,31	-6,19
959,49	-12,28
959,66	-13,64
959,83	-17,30
960,00	-16,53
960,17	-14,32
960,34	-12,88
960,51	-9,48
960,68	-10,17
960,85	-9,66
961,02	-1,60
961,20	-0,75
961,37	1,89
961,54	1,98
961,71	3,76
961,88	10,30
962,05	13,45
962,22	8,97
962,39	7,20
962,56	3,38
962,73	1,85
962,90	-0,09
963,07	3,47
963,24	5,35
963,42	1,34
963,59	1,43
963,76	-2,04
963,93	-0,60
964,10	-5,61
964,27	-7,39
964,44	1,34
964,61	8,32
964,78	13,75
964,95	12,14
965,12	9,74
965,29	10,67
965,46	6,43
965,63	5,41
965,80	7,19
965,97	13,64
966,14	13,13
966,31	11,19
966,48	15,85
966,66	17,04
966,83	7,17
967,00	9,69
967,17	10,71
967,34	11,48
967,51	15,46
967,68	16,39
967,85	18,17
968,02	21,74
968,19	18,76
968,36	20,45
968,53	23,32
968,70	19,50
968,87	21,49
969,04	27,00
969,21	21,85
969,38	18,28
969,55	22,01
969,72	14,30
969,89	15,66
970,06	12,52
970,23	12,17
970,40	13,01
970,57	10,14
970,74	6,65
970,91	6,91
971,08	1,69
971,25	-2,29
971,42	-5,60
971,59	-2,87
971,76	-3,81
971,93	-4,32
972,10	-5,60
972,27	-8,47
972,44	-15,08
972,61	-19,39
972,78	-21,94
972,95	-20,32
973,12	-13,23
973,29	-10,84
973,46	-10,76
973,63	-10,22
973,80	-5,83
973,97	-5,32
974,14	1,40
974,30	1,73
974,47	4,95
974,64	9,27
974,81	9,44
974,98	10,14
975,15	6,15
975,32	0,50
975,49	-8,68
975,66	-9,11
975,83	-13,18
976,00	-16,65
976,17	-17,50
976,34	-19,88
976,51	-21,32
976,68	-23,28
976,85	-22,34
977,02	-19,55
977,19	-12,88
977,36	-9,57
977,52	-17,90
977,69	-7,31
977,86	-11,35
978,03	-5,52
978,20	-5,01
978,37	-1,81
978,54	-0,12
978,71	-1,83
978,88	-3,01
979,05	-12,63
979,22	-14,58
979,39	-15,07
979,56	-8,44
979,72	8,52
979,89	6,34
980,06	8,34
980,23	10,81
980,40	7,93
980,57	6,25
980,74	2,53
980,91	2,20
981,08	8,47
981,25	9,69
981,41	9,01
981,58	1,70
981,75	-4,84
981,92	-8,32
982,09	-11,54
982,26	-8,14
982,43	-14,92
982,60	-9,26
982,77	-7,90
982,93	-9,18
983,10	-3,08
983,27	-6,62
983,44	-7,65
983,61	-12,67
983,78	-6,47
983,95	-6,38
984,11	-13,92
984,28	-10,77
984,45	-13,66
984,62	-8,58
984,79	-15,09
984,96	-16,96
985,13	-14,07
985,30	-22,70
985,46	-25,70
985,63	-25,45
985,80	-19,58
985,97	-27,04
986,14	-19,58
986,31	-17,96
986,47	-20,76
986,64	-13,14
986,81	-9,57
986,98	-3,54
987,15	-0,38
987,32	-6,12
987,48	-0,88
987,65	1,59
987,82	2,38
987,99	2,63
988,16	10,10
988,33	2,20
988,49	7,45
988,66	5,24
988,83	-0,43
989,00	-4,94
989,17	-8,24
989,34	-11,66
989,50	-9,74
989,67	-10,85
989,84	-5,28
990,01	2,09
990,18	-2,84
990,34	-0,54
990,51	-2,13
990,68	-7,12
990,85	-2,36
991,02	-7,30
991,18	-1,78
991,35	-1,61
991,52	-3,06
991,69	5,87
991,86	4,35
992,02	-6,76
992,19	-7,78
992,36	-8,71
992,53	-12,55
992,69	-9,68
992,86	-10,79
993,03	-11,04
993,20	-12,38
993,37	-14,93
993,53	-9,05
993,70	-12,72
993,87	-15,74
994,04	-16,49
994,20	-12,13
994,37	-14,35
994,54	-11,19
994,71	-12,63
994,87	-16,80
995,04	-15,27
995,21	-16,71
995,38	-12,56
995,55	-7,86
995,71	-21,92
995,88	-15,13
996,05	-17,57
996,22	-13,08
996,38	-8,50
996,55	-8,81
996,72	4,22
996,88	6,25
997,05	8,80
997,22	5,16
997,39	-0,09
997,55	0,24
997,72	-4,88
997,89	1,53
998,06	-1,00
998,22	-2,69
998,39	-9,33
998,56	-12,46
998,73	-13,32
998,89	-25,59
999,06	-25,34
999,23	-19,32
999,39	-19,23
999,56	-16,01
999,73	-13,37
999,90	-20,81
1000,06	-18,11
1000,23	-13,93
1000,40	-16,23
1000,56	-15,10
1000,73	-21,47
1000,90	-15,69
1001,06	-15,77
1001,23	-17,55
1001,40	-22,12
1001,57	-20,71
1001,73	-15,94
1001,90	-18,41
1002,07	-16,12
1002,23	-16,63
1002,40	-14,77
1002,57	-15,53
1002,73	-16,55
1002,90	-8,58
1003,07	-13,27
1003,23	-10,63
1003,40	-12,67
1003,57	-18,79
1003,73	-20,84
1003,90	-30,85
1004,07	-37,10
1004,23	-31,26
1004,40	-25,47
1004,57	-27,10
1004,73	-19,40
1004,90	-15,00
1005,07	-12,04
1005,23	-13,71
1005,40	-12,78
1005,57	-7,68
1005,73	-2,15
1005,90	-2,38
1006,07	6,00
1006,23	16,51
1006,40	17,61
1006,57	16,56
1006,73	11,82
1006,90	9,90
1007,06	7,86
1007,23	0,42
1007,40	3,96
1007,56	1,93
1007,73	2,78
1007,90	6,86
1008,06	5,95
1008,23	2,13
1008,40	-0,86
1008,56	-0,35
1008,73	-3,57
1008,89	-1,53
1009,06	-4,26
1009,23	-8,23
1009,39	-3,49
1009,56	-4,94
1009,72	-7,49
1009,89	-11,83
1010,06	-15,21
1010,22	-12,54
1010,39	-8,28
1010,55	-9,98
1010,72	-13,29
1010,89	-14,30
1011,05	-19,33
1011,22	-22,04
1011,38	-17,46
1011,55	-14,14
1011,72	-11,76
1011,88	-10,73
1012,05	-18,08
1012,21	-12,80
1012,38	-13,82
1012,55	-10,19
1012,71	-14,25
1012,88	-15,27
1013,04	-15,35
1013,21	-9,16
1013,37	-13,06
1013,54	-15,29
1013,71	-19,55
1013,87	-27,17
1014,04	-28,60
1014,20	-18,78
1014,37	-26,79
1014,53	-28,30
1014,70	-30,68
1014,87	-28,58
1015,03	-24,49
1015,20	-23,82
1015,36	-23,05
1015,53	-15,07
1015,69	-14,30
1015,86	-15,23
1016,02	-9,72
1016,19	-4,81
1016,36	-6,26
1016,52	-5,32
1016,69	4,75
1016,85	-0,77
1017,02	-1,54
1017,18	-11,09
1017,35	-7,81
1017,51	-11,12
1017,68	-9,93
1017,84	-6,10
1018,01	-8,06
1018,17	-7,81
1018,34	-9,52
1018,50	-15,01
1018,67	-13,22
1018,84	-23,22
1019,00	-22,53
1019,17	-17,68
1019,33	-17,04
1019,50	-22,94
1019,66	-24,65
1019,83	-25,77
1019,99	-23,24
1020,16	-22,05
1020,32	-17,80
1020,49	-15,35
1020,65	-7,32
1020,82	0,75
1020,98	2,97
1021,15	-0,41
1021,31	-1,52
1021,48	6,46
1021,64	2,47
1021,81	2,48
1021,97	6,46
1022,14	-0,50
1022,30	-0,93
1022,47	-3,06
1022,63	-3,90
1022,79	-8,74
1022,96	-15,63
1023,12	-10,71
1023,29	-10,14
1023,45	-14,82
1023,62	-17,37
1023,78	-10,58
1023,95	-7,45
1024,11	-17,97
1024,28	-13,20
1024,44	-18,75
1024,61	-20,52
1024,77	-25,36
1024,94	-24,09
1025,10	-25,87
1025,26	-25,62
1025,43	-24,02
1025,59	-21,98
1025,76	-23,91
1025,92	-19,34
1026,09	-17,72
1026,25	-15,33
1026,42	-17,79
1026,58	-12,72
1026,74	-16,98
1026,91	-13,50
1027,07	-13,49
1027,24	-18,40
1027,40	-21,95
1027,57	-19,56
1027,73	-21,06
1027,90	-17,52
1028,06	-22,07
1028,22	-26,25
1028,39	-27,01
1028,55	-22,02
1028,72	-13,70
1028,88	-16,19
1029,04	-14,91
1029,21	-11,79
1029,37	-4,60
1029,54	-5,19
1029,70	-5,44
1029,87	4,13
1030,03	2,35
1030,19	-5,48
1030,36	-1,08
1030,52	5,87
1030,69	-3,38
1030,85	-11,81
1031,01	-1,59
1031,18	-2,36
1031,34	-5,06
1031,50	-11,01
1031,67	-6,28
1031,83	-5,60
1032,00	-8,57
1032,16	-9,08
1032,32	3,05
1032,49	3,30
1032,65	0,94
1032,82	7,15
1032,98	6,91
1033,14	4,54
1033,31	2,59
1033,47	2,84
1033,63	5,91
1033,80	2,12
1033,96	0,24
1034,13	-2,74
1034,29	0,92
1034,45	-9,38
1034,62	-16,25
1034,78	-20,00
1034,94	-22,80
1035,11	-19,66
1035,27	-15,15
1035,43	-14,98
1035,60	-15,06
1035,76	-11,60
1035,92	-13,90
1036,09	-12,88
1036,25	-10,34
1036,41	-7,32
1036,58	1,59
1036,74	5,67
1036,90	9,24
1037,07	12,80
1037,23	16,12
1037,39	17,39
1037,56	17,06
1037,72	22,04
1037,88	22,04
1038,05	25,88
1038,21	33,83
1038,37	29,51
1038,54	23,60
1038,70	17,04
1038,86	13,64
1039,03	14,32
1039,19	15,43
1039,35	12,71
1039,52	6,16
1039,68	0,41
1039,84	-2,11
1040,00	-5,17
1040,17	-6,45
1040,33	-15,66
1040,49	-5,62
1040,66	-4,34
1040,82	0,33
1040,98	3,47
1041,15	-0,09
1041,31	-2,47
1041,47	1,40
1041,63	5,48
1041,80	11,65
1041,96	5,95
1042,12	0,60
1042,29	-2,36
1042,45	0,35
1042,61	-9,19
1042,77	-12,15
1042,94	-13,68
1043,10	-10,10
1043,26	-9,25
1043,42	-15,67
1043,59	-26,81
1043,75	-33,18
1043,91	5,28
1044,07	48,48
1044,24	-12,41
1044,40	-92,58
