345,22	38,63
345,44	38,63
345,66	38,63
345,88	33,07
346,10	29,72
346,32	28,39
346,54	21,99
346,75	17,11
346,97	16,58
347,19	11,38
347,41	5,76
347,63	6,94
347,85	0,39
348,07	1,49
348,29	-5,53
348,51	-10,19
348,73	-9,67
348,95	-0,15
349,16	2,22
349,38	-1,76
349,60	0,19
349,82	-0,42
350,04	-1,76
350,26	2,22
350,48	0,60
350,70	2,22
350,92	5,78
351,14	9,24
351,35	11,70
351,57	12,57
351,79	3,71
352,01	4,92
352,23	2,29
352,45	-4,98
352,67	-5,82
352,89	-3,72
353,10	-4,06
353,32	-8,13
353,54	1,68
353,76	-3,67
353,98	2,54
354,20	0,50
354,42	9,05
354,64	6,51
354,85	3,70
355,07	3,70
355,29	7,50
355,51	-3,05
355,73	-10,11
355,95	-13,42
356,17	-12,66
356,38	-21,53
356,60	-23,33
356,82	-27,67
357,04	-34,26
357,26	-34,40
357,48	-34,40
357,69	-25,71
357,91	-22,58
358,13	-19,10
358,35	-9,24
358,57	-1,58
358,79	2,74
359,01	7,58
359,22	14,73
359,44	12,66
359,66	12,49
359,88	21,46
360,10	15,34
360,32	13,74
360,53	3,60
360,75	5,23
360,97	5,82
361,19	0,26
361,41	2,63
361,62	-1,02
361,84	-8,25
362,06	-11,41
362,28	-10,32
362,50	-7,42
362,72	-9,38
362,93	-10,14
363,15	-4,06
363,37	0,70
363,59	-0,66
363,81	-1,43
364,02	-1,09
364,24	-5,25
364,46	-10,10
364,68	-5,84
364,90	-7,29
365,11	-5,79
365,33	-3,58
365,55	-2,90
365,77	-5,35
365,99	-9,74
366,20	-18,51
366,42	-26,65
366,64	-26,23
366,86	-23,30
367,07	-23,56
367,29	-18,02
367,51	-15,74
367,73	-19,97
367,95	-17,42
368,16	-22,10
368,38	-28,29
368,60	-26,86
368,82	-25,25
369,03	-22,85
369,25	-16,06
369,47	-11,38
369,69	-6,80
369,91	0,49
370,12	5,40
370,34	3,21
370,56	6,26
370,78	10,91
370,99	7,78
371,21	10,15
371,43	10,23
371,65	12,59
371,86	21,83
372,08	24,90
372,30	24,73
372,52	22,19
372,73	21,09
372,95	13,11
373,17	9,70
373,39	10,72
373,60	6,17
373,82	5,47
374,04	5,90
374,26	13,70
374,47	12,52
374,69	5,05
374,91	-4,13
375,12	-7,03
375,34	-13,03
375,56	-18,03
375,78	-14,29
375,99	-12,83
376,21	-13,84
376,43	-6,46
376,65	-2,97
376,86	-3,13
377,08	-4,98
377,30	-3,36
377,51	-2,93
377,73	3,17
377,95	-4,86
378,17	-0,65
378,38	-0,31
378,60	7,42
378,82	12,07
379,03	9,42
379,25	2,53
379,47	0,84
379,68	2,19
379,90	-1,37
380,12	-0,43
380,34	1,86
380,55	8,30
380,77	14,48
380,99	16,09
381,20	22,52
381,42	14,63
381,64	12,77
381,85	17,71
382,07	20,00
382,29	20,85
382,50	18,80
382,72	20,75
382,94	15,23
383,15	14,54
383,37	4,02
383,59	-0,75
383,80	-3,63
384,02	-12,42
384,24	-14,55
384,45	-12,42
384,67	-12,69
384,89	-15,05
385,10	-17,86
385,32	-19,47
385,54	-22,36
385,75	-20,58
385,97	-18,35
386,19	-13,67
386,40	-10,34
386,62	-3,40
386,84	-0,45
387,05	-1,90
387,27	-4,36
387,49	-9,09
387,70	-15,83
387,92	-11,75
388,14	-9,28
388,35	-0,49
388,57	-2,70
388,79	-8,75
389,00	-7,82
389,22	-1,57
389,43	-10,39
389,65	-13,79
389,87	-11,14
390,08	-13,85
390,30	-10,56
390,52	-0,60
390,73	1,09
390,95	1,68
391,17	-6,77
391,38	-0,06
391,60	-0,81
391,81	-6,82
392,03	-7,46
392,25	-9,34
392,46	-6,02
392,68	-1,79
392,89	4,76
393,11	2,63
393,33	13,86
393,54	16,90
393,76	13,74
393,98	17,15
394,19	17,14
394,41	21,36
394,62	24,92
394,84	21,69
395,06	33,83
395,27	39,84
395,49	36,45
395,70	35,59
395,92	33,92
396,13	21,08
396,35	19,67
396,57	21,21
396,78	23,23
397,00	24,12
397,21	19,79
397,43	12,92
397,65	15,09
397,86	13,65
398,08	9,16
398,29	13,33
398,51	8,06
398,72	16,77
398,94	12,27
399,16	15,69
399,37	18,40
399,59	16,53
399,80	10,90
400,02	14,30
400,23	27,62
400,45	32,89
400,67	30,71
400,88	27,22
401,10	21,62
401,31	26,87
401,53	25,45
401,74	32,76
401,96	22,81
402,17	23,65
402,39	26,99
402,61	19,94
402,82	22,57
403,04	17,73
403,25	14,45
403,47	7,98
403,68	16,80
403,90	22,79
404,11	17,27
404,33	12,85
404,54	8,60
404,76	8,27
404,97	5,72
405,19	3,76
405,41	5,21
405,62	4,11
405,84	2,32
406,05	-1,08
406,27	4,79
406,48	-7,65
406,70	-8,89
406,91	-11,78
407,13	-17,55
407,34	-18,30
407,56	-14,16
407,77	-8,97
407,99	-11,03
408,20	-1,29
408,42	-1,79
408,63	-3,31
408,85	-0,45
409,06	-0,70
409,28	3,95
409,49	3,78
409,71	6,67
409,92	18,61
410,14	16,64
410,35	21,92
410,57	13,43
410,78	10,91
411,00	1,91
411,21	7,19
411,43	4,51
411,64	6,07
411,86	4,30
412,07	6,08
412,29	8,34
412,50	12,39
412,72	5,21
412,93	7,85
413,15	1,30
413,36	5,61
413,58	2,80
413,79	5,52
414,01	4,28
414,22	15,10
414,43	9,05
414,65	8,46
414,86	9,22
415,08	7,28
415,29	1,00
415,51	9,76
415,72	11,63
415,94	11,03
416,15	16,81
416,37	16,90
416,58	21,99
416,80	14,32
417,01	8,81
417,22	9,58
417,44	10,01
417,65	15,10
417,87	8,82
418,08	13,16
418,30	3,39
418,51	-1,10
418,73	0,00
418,94	-8,32
419,15	3,02
419,37	-4,00
419,58	-0,45
419,80	-6,92
420,01	-6,84
420,23	-5,74
420,44	-11,08
420,65	-9,13
420,87	-12,43
421,08	-6,25
421,30	3,18
421,51	4,54
421,73	3,96
421,94	0,10
422,15	3,22
422,37	3,39
422,58	17,74
422,80	18,59
423,01	18,16
423,22	15,44
423,44	10,13
423,65	10,97
423,87	5,29
424,08	-0,85
424,29	0,41
424,51	8,60
424,72	6,31
424,94	2,48
425,15	8,88
425,36	3,96
425,58	1,00
425,79	0,41
426,01	8,48
426,22	22,28
426,43	23,38
426,65	23,98
426,86	29,15
427,08	21,62
427,29	21,58
427,50	18,35
427,72	21,83
427,93	18,99
428,14	18,74
428,36	14,99
428,57	17,45
428,79	12,69
429,00	8,97
429,21	13,31
429,43	14,42
429,64	7,73
429,85	6,00
430,07	2,69
430,28	8,27
430,49	14,45
430,71	9,45
430,92	9,28
431,14	14,05
431,35	17,09
431,56	20,59
431,78	16,25
431,99	16,91
432,20	19,27
432,42	27,94
432,63	36,95
432,84	35,00
433,06	33,05
433,27	24,06
433,48	30,87
433,70	30,34
433,91	31,19
434,12	28,07
434,34	22,96
434,55	18,68
434,76	14,96
434,98	12,34
435,19	3,74
435,40	0,51
435,62	12,81
435,83	11,98
436,04	17,85
436,26	6,90
436,47	1,23
436,68	1,66
436,90	1,91
437,11	9,36
437,32	14,24
437,54	10,33
437,75	8,97
437,96	4,15
438,17	5,67
438,39	-9,02
438,60	-10,72
438,81	-17,09
439,03	-16,41
439,24	-13,86
439,45	-20,00
439,67	-23,48
439,88	-29,06
440,09	-29,49
440,30	-29,40
440,52	-28,38
440,73	-25,67
440,94	-28,80
441,16	-26,76
441,37	-25,49
441,58	-30,20
441,80	-32,86
442,01	-38,91
442,22	-32,69
442,43	-31,67
442,65	-30,48
442,86	-30,05
443,07	-22,69
443,28	-23,29
443,50	-20,66
443,71	-17,94
443,92	-21,24
444,14	-20,13
444,35	-15,95
444,56	-10,43
444,77	0,95
444,99	4,23
445,20	6,69
445,41	11,71
445,62	13,49
445,84	18,05
446,05	24,00
446,26	29,10
446,47	22,33
446,69	26,56
446,90	17,91
447,11	28,45
447,32	32,36
447,54	31,26
447,75	28,83
447,96	22,63
448,17	22,84
448,39	21,57
448,60	13,05
448,81	10,41
449,02	5,82
449,23	11,92
449,45	9,45
449,66	18,96
449,87	14,78
450,08	11,81
450,30	10,55
450,51	11,74
450,72	19,54
450,93	11,34
451,15	18,14
451,36	13,72
451,57	10,33
451,78	12,11
451,99	15,93
452,21	13,30
452,42	11,94
452,63	14,97
452,84	17,69
453,05	14,12
453,27	17,50
453,48	13,95
453,69	13,87
453,90	7,83
454,11	9,97
454,33	13,95
454,54	8,77
454,75	-1,69
454,96	3,58
455,17	6,87
455,39	-1,84
455,60	-5,07
455,81	-4,05
456,02	-8,22
456,23	-5,67
456,45	-10,59
456,66	-10,51
456,87	-5,18
457,08	-8,83
457,29	-2,37
457,50	4,51
457,72	12,46
457,93	7,39
458,14	10,87
458,35	16,95
458,56	16,02
458,77	12,82
458,99	15,61
459,20	20,20
459,41	26,89
459,62	23,34
459,83	29,54
460,04	27,50
460,26	26,73
460,47	18,78
460,68	19,81
460,89	23,54
461,10	14,92
461,31	14,83
461,52	20,27
461,74	15,44
461,95	16,20
462,16	9,34
462,37	7,81
462,58	2,13
462,79	3,23
463,00	0,76
463,22	-5,27
463,43	-12,98
463,64	-16,12
463,85	-13,16
464,06	-6,28
464,27	-10,71
464,48	-10,54
464,70	-9,09
464,91	-5,36
465,12	-4,59
465,33	-1,12
465,54	-6,30
465,75	-6,55
465,96	0,08
466,17	6,09
466,38	-1,81
466,60	-4,18
466,81	-11,14
467,02	-8,52
467,23	-9,63
467,44	-12,51
467,65	-23,60
467,86	-28,68
468,07	-32,75
468,28	-31,30
468,50	-30,03
468,71	-24,29
468,92	-25,15
469,13	-18,78
469,34	-16,40
469,55	-19,02
469,76	-21,21
469,97	-24,70
470,18	-22,49
470,39	-20,81
470,60	-14,04
470,82	-17,86
471,03	-21,06
471,24	-18,19
471,45	-28,59
471,66	-26,13
471,87	-22,31
472,08	-20,71
472,29	-23,80
472,50	-26,78
472,71	-25,06
472,92	-27,34
473,13	-26,35
473,34	-29,66
473,55	-34,32
473,77	-30,18
473,98	-28,81
474,19	-27,54
474,40	-34,72
474,61	-41,75
474,82	-44,20
475,03	-39,60
475,24	-40,17
475,45	-44,73
475,66	-43,46
475,87	-45,07
476,08	-49,62
476,29	-40,54
476,50	-44,45
476,71	-49,38
476,92	-51,48
477,13	-55,58
477,34	-53,98
477,55	-57,80
477,76	-61,34
477,97	-57,55
478,18	-61,09
478,40	-64,06
478,61	-64,61
478,82	-61,16
479,03	-60,48
479,24	-66,78
479,45	-69,81
479,66	-65,24
479,87	-65,94
480,08	-74,36
480,29	-69,52
480,50	-67,84
480,71	-81,24
480,92	-75,97
481,13	-74,36
481,34	-77,15
481,55	-75,46
481,76	-81,91
481,97	-74,31
482,18	-73,88
482,39	-86,03
482,60	-78,89
482,81	-74,25
483,02	-78,14
483,23	-91,23
483,44	-83,77
483,65	-90,11
483,86	-93,83
484,07	-92,35
484,28	-103,20
484,49	-99,79
484,70	-107,64
484,91	-112,26
485,12	-107,77
485,33	-109,95
485,54	-108,09
485,75	-120,98
485,96	-110,88
486,17	-117,98
486,38	-115,13
486,59	-116,76
486,80	-121,11
487,01	-119,29
487,21	-124,52
487,42	-121,73
487,63	-122,92
487,84	-127,37
488,05	-126,11
488,26	-129,78
488,47	-115,98
488,68	-118,33
488,89	-117,53
489,10	-126,35
489,31	-131,17
489,52	-125,37
489,73	-120,89
489,94	-118,73
490,15	-120,32
490,36	-117,43
490,57	-118,14
490,78	-124,00
490,99	-130,21
491,20	-136,13
491,41	-135,76
491,61	-137,35
491,82	-136,77
492,03	-139,57
492,24	-150,64
492,45	-151,52
492,66	-165,62
492,87	-166,74
493,08	-170,31
493,29	-170,39
493,50	-174,66
493,71	-169,11
493,92	-173,63
494,13	-175,46
494,34	-170,29
494,54	-165,96
494,75	-162,06
494,96	-156,35
495,17	-166,41
495,38	-151,76
495,59	-155,01
495,80	-154,09
496,01	-153,56
496,22	-155,59
496,43	-158,84
496,64	-161,17
496,84	-170,57
497,05	-173,59
497,26	-178,38
497,47	-181,12
497,68	-183,96
497,89	-188,32
498,10	-193,68
498,31	-192,86
498,52	-198,15
498,72	-203,24
498,93	-208,55
499,14	-210,59
499,35	-207,44
499,56	-202,45
499,77	-204,54
499,98	-203,71
500,19	-209,20
500,40	-207,14
500,60	-199,99
500,81	-209,85
501,02	-208,66
501,23	-202,87
501,44	-195,69
501,65	-189,16
501,86	-193,38
502,06	-201,86
502,27	-198,42
502,48	-201,27
502,69	-201,47
502,90	-188,02
503,11	-194,68
503,32	-197,59
503,53	-193,72
503,73	-198,39
503,94	-209,73
504,15	-220,25
504,36	-220,55
504,57	-226,10
504,78	-224,50
504,98	-232,04
505,19	-232,21
505,40	-230,88
505,61	-252,97
505,82	-254,39
506,03	-257,19
506,23	-259,93
506,44	-260,09
506,65	-256,24
506,86	-256,58
507,07	-259,18
507,28	-256,69
507,48	-255,40
507,69	-254,11
507,90	-254,69
508,11	-259,44
508,32	-252,62
508,53	-254,90
508,73	-249,25
508,94	-251,38
509,15	-251,81
509,36	-253,59
509,57	-249,92
509,77	-252,15
509,98	-249,47
510,19	-253,96
510,40	-256,97
510,61	-257,55
510,81	-255,74
511,02	-251,24
511,23	-242,58
511,44	-249,18
511,65	-246,41
511,85	-242,82
512,06	-238,97
512,27	-240,66
512,48	-238,62
512,69	-239,47
512,89	-232,36
513,10	-237,86
513,31	-238,47
513,52	-243,52
513,73	-250,34
513,93	-257,52
514,14	-257,33
514,35	-257,24
514,56	-266,91
514,76	-272,36
514,97	-274,04
515,18	-274,04
515,39	-274,30
515,60	-275,30
515,80	-267,87
516,01	-283,80
516,22	-280,09
516,43	-281,54
516,63	-281,89
516,84	-280,86
517,05	-280,86
517,26	-274,25
517,46	-275,34
517,67	-277,36
517,88	-284,51
518,09	-282,99
518,29	-291,55
518,50	-296,87
518,71	-291,37
518,92	-296,36
519,12	-298,90
519,33	-298,38
519,54	-304,87
519,75	-318,01
519,95	-325,25
520,16	-327,22
520,37	-326,23
520,57	-325,72
520,78	-329,78
520,99	-331,49
521,20	-327,03
521,40	-318,85
521,61	-323,23
521,82	-322,07
522,03	-322,39
522,23	-314,02
522,44	-303,59
522,65	-297,23
522,85	-296,66
523,06	-305,48
523,27	-304,97
523,48	-300,68
523,68	-300,82
523,89	-305,18
524,10	-311,05
524,30	-301,74
524,51	-295,82
524,72	-296,65
524,93	-303,18
525,13	-310,62
525,34	-313,71
525,55	-312,92
525,75	-309,53
525,96	-316,70
526,17	-321,77
526,37	-319,91
526,58	-324,20
526,79	-327,46
526,99	-325,20
527,20	-328,46
527,41	-330,04
527,62	-329,27
527,82	-333,28
528,03	-342,93
528,24	-346,95
528,44	-345,98
528,65	-353,34
528,86	-350,18
529,06	-353,02
529,27	-352,96
529,48	-348,93
529,68	-365,07
529,89	-368,23
530,10	-373,69
530,30	-382,71
530,51	-376,95
530,72	-369,49
530,92	-372,94
531,13	-370,99
531,34	-359,93
531,54	-367,69
531,75	-375,10
531,96	-375,19
532,16	-374,35
532,37	-364,07
532,57	-363,93
532,78	-364,93
532,99	-362,42
533,19	-366,64
533,40	-374,84
533,61	-376,07
533,81	-378,99
534,02	-380,03
534,23	-377,38
534,43	-372,25
534,64	-375,72
534,84	-381,43
535,05	-389,33
535,26	-386,55
535,46	-390,26
535,67	-388,56
535,88	-389,27
536,08	-384,40
536,29	-385,30
536,49	-386,90
536,70	-392,34
536,91	-400,22
537,11	-396,26
537,32	-391,82
537,53	-394,79
537,73	-398,68
537,94	-405,25
538,14	-403,54
538,35	-404,13
538,56	-420,61
538,76	-427,07
538,97	-424,38
539,17	-427,47
539,38	-423,67
539,59	-426,36
539,79	-440,37
540,00	-446,97
540,20	-451,99
540,41	-449,46
540,62	-456,47
540,82	-455,21
541,03	-462,10
541,23	-449,32
541,44	-455,57
541,64	-457,13
541,85	-450,98
542,06	-454,79
542,26	-451,70
542,47	-446,26
542,67	-446,59
542,88	-446,06
543,08	-454,90
543,29	-453,91
543,50	-457,89
543,70	-461,07
543,91	-465,36
544,11	-460,44
544,32	-470,03
544,52	-480,86
544,73	-482,07
544,94	-484,70
545,14	-490,24
545,35	-493,33
545,55	-492,00
545,76	-492,86
545,96	-491,85
546,17	-490,62
546,37	-490,05
546,58	-482,15
546,78	-483,73
546,99	-478,26
547,20	-477,48
547,40	-479,64
547,61	-476,73
547,81	-468,91
548,02	-465,25
548,22	-462,75
548,43	-448,65
548,63	-443,91
548,84	-443,23
549,04	-443,13
549,25	-444,60
549,45	-438,31
549,66	-440,20
549,86	-435,62
550,07	-426,80
550,27	-427,39
550,48	-437,63
550,69	-434,06
550,89	-436,20
551,10	-445,72
551,30	-449,18
551,51	-455,39
551,71	-452,94
551,92	-453,65
552,12	-459,17
552,33	-450,19
552,53	-449,62
552,74	-451,13
552,94	-452,11
553,15	-439,24
553,35	-440,40
553,56	-433,62
553,76	-427,20
553,97	-428,35
554,17	-418,75
554,38	-410,97
554,58	-406,31
554,79	-400,04
554,99	-407,74
555,19	-404,07
555,40	-408,12
555,60	-398,31
555,81	-405,94
556,01	-409,11
556,22	-411,30
556,42	-413,39
556,63	-410,82
556,83	-403,75
557,04	-404,63
557,24	-407,64
557,45	-416,42
557,65	-413,03
557,86	-422,01
558,06	-417,24
558,27	-422,33
558,47	-416,90
558,67	-408,09
558,88	-415,99
559,08	-406,83
559,29	-399,95
559,49	-403,66
559,70	-405,84
559,90	-403,15
560,11	-397,44
560,31	-395,48
560,52	-398,20
560,72	-396,35
560,92	-400,48
561,13	-406,15
561,33	-409,81
561,54	-401,84
561,74	-406,76
561,95	-411,60
562,15	-414,87
562,35	-415,22
562,56	-407,14
562,76	-407,27
562,97	-411,16
563,17	-401,03
563,38	-398,35
563,58	-399,56
563,78	-392,79
563,99	-391,62
564,19	-387,33
564,40	-390,06
564,60	-393,94
564,80	-397,74
565,01	-401,64
565,21	-408,67
565,42	-407,15
565,62	-407,82
565,83	-413,54
566,03	-416,39
566,23	-417,92
566,44	-415,49
566,64	-414,99
566,85	-422,51
567,05	-416,98
567,25	-416,12
567,46	-409,44
567,66	-405,97
567,86	-410,34
568,07	-404,61
568,27	-407,25
568,48	-402,43
568,68	-409,08
568,88	-403,51
569,09	-397,46
569,29	-401,15
569,50	-398,59
569,70	-405,42
569,90	-404,82
570,11	-407,50
570,31	-401,90
570,51	-394,05
570,72	-398,74
570,92	-388,21
571,13	-385,11
571,33	-378,63
571,53	-373,51
571,74	-376,59
571,94	-376,76
572,14	-372,87
572,35	-365,82
572,55	-360,74
572,75	-361,27
572,96	-362,87
573,16	-363,40
573,36	-360,30
573,57	-361,17
573,77	-362,71
573,97	-357,11
574,18	-360,72
574,38	-360,92
574,59	-356,72
574,79	-355,79
574,99	-357,21
575,20	-357,24
575,40	-352,83
575,60	-355,00
575,81	-361,80
576,01	-358,23
576,21	-350,79
576,42	-347,37
576,62	-350,69
576,82	-350,99
577,02	-347,75
577,23	-348,33
577,43	-347,02
577,63	-345,12
577,84	-337,94
578,04	-328,75
578,24	-323,65
578,45	-318,02
578,65	-318,38
578,85	-323,91
579,06	-321,01
579,26	-315,12
579,46	-311,97
579,67	-309,54
579,87	-300,95
580,07	-298,79
580,27	-294,06
580,48	-294,22
580,68	-298,06
580,88	-288,04
581,09	-279,95
581,29	-274,08
581,49	-262,26
581,69	-262,92
581,90	-261,45
582,10	-252,04
582,30	-249,66
582,51	-249,51
582,71	-247,83
582,91	-245,69
583,11	-240,34
583,32	-239,82
583,52	-238,60
583,72	-238,29
583,93	-230,55
584,13	-232,95
584,33	-220,72
584,53	-213,63
584,74	-208,38
584,94	-200,76
585,14	-198,29
585,34	-185,26
585,55	-177,21
585,75	-171,81
585,95	-162,88
586,15	-153,97
586,36	-143,56
586,56	-137,04
586,76	-123,92
586,96	-119,20
587,17	-118,52
587,37	-112,25
587,57	-106,14
587,77	-92,11
587,98	-87,43
588,18	-80,67
588,38	-75,90
588,58	-70,82
588,79	-62,06
588,99	-53,76
589,19	-53,32
589,39	-49,38
589,60	-44,66
589,80	-30,52
590,00	-18,30
590,20	-15,44
590,40	-11,30
590,61	-5,64
590,81	-4,02
591,01	14,71
591,21	35,47
591,42	40,46
591,62	51,61
591,82	68,75
592,02	75,93
592,22	84,12
592,43	101,52
592,63	113,54
592,83	128,30
593,03	138,93
593,23	155,81
593,44	181,56
593,64	193,10
593,84	203,64
594,04	213,53
594,24	229,46
594,45	231,37
594,65	247,96
594,85	266,56
595,05	273,45
595,25	274,30
595,46	286,57
595,66	310,74
595,86	323,34
596,06	330,82
596,26	339,33
596,46	346,12
596,67	366,44
596,87	382,89
597,07	395,90
597,27	404,68
597,47	415,78
597,67	428,06
597,88	455,23
598,08	468,99
598,28	477,13
598,48	489,33
598,68	510,69
598,88	521,83
599,09	544,64
599,29	552,88
599,49	562,50
599,69	588,17
599,89	617,24
600,09	632,44
600,30	651,86
600,50	671,33
600,70	695,01
600,90	715,68
601,10	737,53
601,30	751,50
601,50	773,14
601,71	790,33
601,91	825,61
602,11	844,69
602,31	862,12
602,51	879,69
602,71	903,58
602,91	927,73
603,11	944,54
603,32	965,77
603,52	992,83
603,72	1009,04
603,92	1032,93
604,12	1061,79
604,32	1085,23
604,52	1100,61
604,72	1127,83
604,93	1154,03
605,13	1174,56
605,33	1213,52
605,53	1243,98
605,73	1261,29
605,93	1284,14
606,13	1310,63
606,33	1343,89
606,53	1360,95
606,74	1384,77
606,94	1408,71
607,14	1426,00
607,34	1447,10
607,54	1481,41
607,74	1506,69
607,94	1519,83
608,14	1542,94
608,34	1571,90
608,54	1611,19
608,74	1638,38
608,95	1666,04
609,15	1706,98
609,35	1741,92
609,55	1767,09
609,75	1804,60
609,95	1853,09
610,15	1883,09
610,35	1924,78
610,55	1955,56
610,75	1991,33
610,95	2026,25
611,15	2051,86
611,35	2084,98
611,55	2127,73
611,76	2162,94
611,96	2195,83
612,16	2239,86
612,36	2281,30
612,56	2313,70
612,76	2343,55
612,96	2379,62
613,16	2426,46
613,36	2468,73
613,56	2510,52
613,76	2553,04
613,96	2593,71
614,16	2636,78
614,36	2669,13
614,56	2712,74
614,76	2756,67
614,96	2805,81
615,16	2839,93
615,36	2899,42
615,56	2952,28
615,76	3006,48
615,97	3044,76
616,17	3095,68
616,37	3143,48
616,57	3192,89
616,77	3229,72
616,97	3288,59
617,17	3339,28
617,37	3393,10
617,57	3445,97
617,77	3503,09
617,97	3541,36
618,17	3587,11
618,37	3634,02
618,57	3688,63
618,77	3745,78
618,97	3803,66
619,17	3859,08
619,37	3917,10
619,57	3974,54
619,77	4031,65
619,97	4080,33
620,17	4131,34
620,37	4189,66
620,57	4260,23
620,77	4316,42
620,97	4363,23
621,17	4430,80
621,37	4487,50
621,57	4551,18
621,77	4622,54
621,97	4691,88
622,17	4759,07
622,37	4826,47
622,57	4900,19
622,77	4967,41
622,97	5033,69
623,17	5097,77
623,37	5173,72
623,57	5255,30
623,77	5330,75
623,97	5408,03
624,16	5481,60
624,36	5536,70
624,56	5598,72
624,76	5665,93
624,96	5734,98
625,16	5817,17
625,36	5898,23
625,56	5971,58
625,76	6044,38
625,96	6115,90
626,16	6188,88
626,36	6261,35
626,56	6340,97
626,76	6415,57
626,96	6504,99
627,16	6588,26
627,36	6680,67
627,56	6761,66
627,76	6832,64
627,96	6913,69
628,16	7005,05
628,35	7096,32
628,55	7181,29
628,75	7269,23
628,95	7351,68
629,15	7440,29
629,35	7533,03
629,55	7634,46
629,75	7732,10
629,95	7829,72
630,15	7928,40
630,35	8029,51
630,55	8119,49
630,75	8216,69
630,95	8308,21
631,14	8400,63
631,34	8500,96
631,54	8599,52
631,74	8696,13
631,94	8797,73
632,14	8882,32
632,34	8984,74
632,54	9066,76
632,74	9175,52
632,94	9279,97
633,14	9394,29
633,33	9499,78
633,53	9603,81
633,73	9720,88
633,93	9846,56
634,13	9964,66
634,33	10089,65
634,53	10189,69
634,73	10298,91
634,93	10405,57
635,12	10533,91
635,32	10653,90
635,52	10778,01
635,72	10891,06
635,92	11012,37
636,12	11142,89
636,32	11249,16
636,52	11359,12
636,71	11472,47
636,91	11585,36
637,11	11711,44
637,31	11855,00
637,51	11988,64
637,71	12109,05
637,91	12214,28
638,11	12320,98
638,30	12448,52
638,50	12566,64
638,70	12681,87
638,90	12815,89
639,10	12929,86
639,30	13055,78
639,50	13178,61
639,69	13313,22
639,89	13430,51
640,09	13574,77
640,29	13699,96
640,49	13827,27
640,69	13979,19
640,88	14099,37
641,08	14237,72
641,28	14375,94
641,48	14522,71
641,68	14679,08
641,88	14821,11
642,07	14951,06
642,27	15087,88
642,47	15219,73
642,67	15336,73
642,87	15490,99
643,07	15641,35
643,26	15759,87
643,46	15925,48
643,66	16072,33
643,86	16221,00
644,06	16373,12
644,26	16508,46
644,45	16653,32
644,65	16812,16
644,85	16957,24
645,05	17126,22
645,25	17278,75
645,44	17422,18
645,64	17570,69
645,84	17753,63
646,04	17902,88
646,24	18053,02
646,43	18192,03
646,63	18330,20
646,83	18468,74
647,03	18628,55
647,23	18778,99
647,42	18916,48
647,62	19050,42
647,82	19198,72
648,02	19357,12
648,22	19512,66
648,41	19645,10
648,61	19801,45
648,81	19953,55
649,01	20126,62
649,20	20276,48
649,40	20445,42
649,60	20608,60
649,80	20791,41
650,00	20981,39
650,19	21152,24
650,39	21325,78
650,59	21499,75
650,79	21651,37
650,98	21836,39
651,18	21980,70
651,38	22153,95
651,58	22300,99
651,77	22459,29
651,97	22640,36
652,17	22804,83
652,37	22954,80
652,56	23109,39
652,76	23261,18
652,96	23438,43
653,16	23593,58
653,35	23792,12
653,55	23950,02
653,75	24127,88
653,95	24289,19
654,14	24457,44
654,34	24632,84
654,54	24788,27
654,74	24938,33
654,93	25099,52
655,13	25281,96
655,33	25453,28
655,52	25598,87
655,72	25763,57
655,92	25916,59
656,12	26085,46
656,31	26233,23
656,51	26390,94
656,71	26569,04
656,91	26719,98
657,10	26866,10
657,30	27037,60
657,50	27202,20
657,69	27372,20
657,89	27529,28
658,09	27695,06
658,29	27837,49
658,48	27993,02
658,68	28141,67
658,88	28317,99
659,07	28458,23
659,27	28621,71
659,47	28804,78
659,66	28991,72
659,86	29141,32
660,06	29314,21
660,26	29431,05
660,45	29599,60
660,65	29780,01
660,85	29952,04
661,04	30095,07
661,24	30264,01
661,44	30411,16
661,63	30605,76
661,83	30747,08
662,03	30935,54
662,22	31070,68
662,42	31240,77
662,62	31350,55
662,81	31535,70
663,01	31692,56
663,21	31819,74
663,40	31964,45
663,60	32151,98
663,80	32283,98
663,99	32466,81
664,19	32606,14
664,39	32779,34
664,58	32890,55
664,78	33046,52
664,98	33208,04
665,17	33388,78
665,37	33517,13
665,57	33661,88
665,76	33814,52
665,96	33953,84
666,16	34069,12
666,35	34239,92
666,55	34339,78
666,74	34485,09
666,94	34616,17
667,14	34773,62
667,33	34909,54
667,53	35050,62
667,73	35163,06
667,92	35324,27
668,12	35465,29
668,32	35637,74
668,51	35765,63
668,71	35932,73
668,90	36064,49
669,10	36226,03
669,30	36345,44
669,49	36478,72
669,69	36586,22
669,89	36712,43
670,08	36826,95
670,28	36983,73
670,47	37101,18
670,67	37222,40
670,87	37315,74
671,06	37455,78
671,26	37564,29
671,45	37687,74
671,65	37799,57
671,85	37925,28
672,04	38035,84
672,24	38153,45
672,43	38262,87
672,63	38351,43
672,83	38446,83
673,02	38553,96
673,22	38677,06
673,41	38783,42
673,61	38892,75
673,81	38990,07
674,00	39060,01
674,20	39190,69
674,39	39277,39
674,59	39375,52
674,78	39459,47
674,98	39592,53
675,18	39701,10
675,37	39837,83
675,57	39928,30
675,76	39982,34
675,96	40064,24
676,15	40151,28
676,35	40225,20
676,55	40341,18
676,74	40411,54
676,94	40516,24
677,13	40614,33
677,33	40747,96
677,52	40790,22
677,72	40884,14
677,91	40901,53
678,11	40986,87
678,31	41083,63
678,50	41164,80
678,70	41243,96
678,89	41389,96
679,09	41448,67
679,28	41515,56
679,48	41577,50
679,67	41638,95
679,87	41678,31
680,06	41757,05
680,26	41794,65
680,46	41902,23
680,65	41948,60
680,85	42013,25
681,04	42039,36
681,24	42079,41
681,43	42034,50
681,63	42089,81
681,82	42122,83
682,02	42175,70
682,21	42198,25
682,41	42246,98
682,60	42271,13
682,80	42356,62
682,99	42390,58
683,19	42438,99
683,38	42497,76
683,58	42584,79
683,77	42644,33
683,97	42752,77
684,16	42766,52
684,36	42820,47
684,55	42860,24
684,75	42916,02
684,94	42939,47
685,14	42991,81
685,33	42984,83
685,53	43016,10
685,72	43048,33
685,92	43068,45
686,11	43056,30
686,31	43075,55
686,50	43070,58
686,70	43118,30
686,89	43106,14
687,09	43124,92
687,28	43128,72
687,48	43157,69
687,67	43151,94
687,87	43185,22
688,06	43141,01
688,26	43156,45
688,45	43151,94
688,65	43176,30
688,84	43174,55
689,03	43176,78
689,23	43169,23
689,42	43171,40
689,62	43125,34
689,81	43157,51
690,01	43140,69
690,20	43151,07
690,40	43149,42
690,59	43199,35
690,79	43154,36
690,98	43159,68
691,17	43160,56
691,37	43135,25
691,56	43125,10
691,76	43109,42
691,95	43122,19
692,15	43148,34
692,34	43121,47
692,54	43074,08
692,73	43032,48
692,92	42997,87
693,12	42948,46
693,31	42953,15
693,51	42895,98
693,70	42870,88
693,90	42865,66
694,09	42811,92
694,28	42797,14
694,48	42775,36
694,67	42717,24
694,87	42676,22
695,06	42643,61
695,26	42626,33
695,45	42588,98
695,64	42581,38
695,84	42496,25
696,03	42487,27
696,23	42409,12
696,42	42370,39
696,61	42335,00
696,81	42280,06
697,00	42187,25
697,20	42139,95
697,39	42075,50
697,58	42045,76
697,78	41994,21
697,97	41936,94
698,17	41883,19
698,36	41854,99
698,55	41773,98
698,75	41720,47
698,94	41642,72
699,14	41587,32
699,33	41497,77
699,52	41418,66
699,72	41338,80
699,91	41252,79
700,10	41171,70
700,30	41106,61
700,49	41027,25
700,69	40926,04
700,88	40833,82
701,07	40772,71
701,27	40716,70
701,46	40640,66
701,65	40560,84
701,85	40514,01
702,04	40444,89
702,23	40408,37
702,43	40356,72
702,62	40272,65
702,82	40197,83
703,01	40095,17
703,20	39998,60
703,40	39904,83
703,59	39779,47
703,78	39722,57
703,98	39605,31
704,17	39500,36
704,36	39394,89
704,56	39342,46
704,75	39236,09
704,94	39101,28
705,14	39002,05
705,33	38895,37
705,52	38829,86
705,72	38741,21
705,91	38671,06
706,10	38607,61
706,30	38490,67
706,49	38409,00
706,68	38298,00
706,88	38191,98
707,07	38079,92
707,26	38002,99
707,46	37935,45
707,65	37879,65
707,84	37771,26
708,04	37684,18
708,23	37577,92
708,42	37481,02
708,62	37360,60
708,81	37239,32
709,00	37134,06
709,19	37053,69
709,39	36937,62
709,58	36814,51
709,77	36685,76
709,97	36598,69
710,16	36465,04
710,35	36370,97
710,55	36251,84
710,74	36183,11
710,93	36087,97
711,12	35962,11
711,32	35866,94
711,51	35754,19
711,70	35634,99
711,90	35517,05
712,09	35418,69
712,28	35282,31
712,47	35153,86
712,67	35043,33
712,86	34940,54
713,05	34806,21
713,24	34673,91
713,44	34524,34
713,63	34430,86
713,82	34298,15
714,02	34160,72
714,21	34056,59
714,40	33945,68
714,59	33790,23
714,79	33675,08
714,98	33520,20
715,17	33354,77
715,36	33199,64
715,56	33050,75
715,75	32924,95
715,94	32774,78
716,13	32630,64
716,33	32504,19
716,52	32382,39
716,71	32226,55
716,90	32111,51
717,10	31997,16
717,29	31860,05
717,48	31720,26
717,67	31606,21
717,87	31468,40
718,06	31347,67
718,25	31164,00
718,44	31092,61
718,63	30958,35
718,83	30797,84
719,02	30676,37
719,21	30543,23
719,40	30383,16
719,60	30255,65
719,79	30132,63
719,98	30031,90
720,17	29900,29
720,36	29763,48
720,56	29629,45
720,75	29516,75
720,94	29327,35
721,13	29202,41
721,33	29055,44
721,52	28919,13
721,71	28804,32
721,90	28691,59
722,09	28566,77
722,29	28460,90
722,48	28296,64
722,67	28175,65
722,86	28059,51
723,05	27944,08
723,24	27825,92
723,44	27713,78
723,63	27569,94
723,82	27471,46
724,01	27357,61
724,20	27233,41
724,40	27085,62
724,59	26958,86
724,78	26783,55
724,97	26696,80
725,16	26567,71
725,35	26465,18
725,55	26352,19
725,74	26223,10
725,93	26126,47
726,12	26025,91
726,31	25909,42
726,51	25802,99
726,70	25691,61
726,89	25621,01
727,08	25510,31
727,27	25418,51
727,46	25294,03
727,65	25196,08
727,85	25074,31
728,04	24958,31
728,23	24865,86
728,42	24761,62
728,61	24649,22
728,80	24530,02
729,00	24419,29
729,19	24311,42
729,38	24178,63
729,57	24073,92
729,76	23970,36
729,95	23881,83
730,14	23776,72
730,33	23671,01
730,53	23561,99
730,72	23450,09
730,91	23336,54
731,10	23253,27
731,29	23166,03
731,48	23049,02
731,67	22940,59
731,86	22836,28
732,06	22725,63
732,25	22630,07
732,44	22487,31
732,63	22391,69
732,82	22280,58
733,01	22189,11
733,20	22088,13
733,39	21983,79
733,59	21863,27
733,78	21762,29
733,97	21655,22
734,16	21543,17
734,35	21442,46
734,54	21331,83
734,73	21210,52
734,92	21129,70
735,11	21001,71
735,30	20894,21
735,49	20771,10
735,69	20644,54
735,88	20523,14
736,07	20430,78
736,26	20305,93
736,45	20210,70
736,64	20102,32
736,83	19989,15
737,02	19891,45
737,21	19805,30
737,40	19707,22
737,59	19618,12
737,78	19522,21
737,98	19425,29
738,17	19353,72
738,36	19266,61
738,55	19169,29
738,74	19072,47
738,93	18973,74
739,12	18882,72
739,31	18776,22
739,50	18687,67
739,69	18574,77
739,88	18468,66
740,07	18385,37
740,26	18284,36
740,45	18195,90
740,64	18097,50
740,83	17982,15
741,02	17859,21
741,22	17763,00
741,41	17658,99
741,60	17562,45
741,79	17475,04
741,98	17363,65
742,17	17269,64
742,36	17179,71
742,55	17074,11
742,74	16992,80
742,93	16889,78
743,12	16780,40
743,31	16716,01
743,50	16623,16
743,69	16539,40
743,88	16461,59
744,07	16386,88
744,26	16324,52
744,45	16237,91
744,64	16162,56
744,83	16065,22
745,02	15970,91
745,21	15881,65
745,40	15799,06
745,59	15719,40
745,78	15616,99
745,97	15548,91
746,16	15466,40
746,35	15358,22
746,54	15257,83
746,73	15142,98
746,92	15061,96
747,11	14972,83
747,30	14891,16
747,49	14823,54
747,68	14744,33
747,87	14674,24
748,06	14582,55
748,25	14509,46
748,44	14418,21
748,63	14343,28
748,82	14281,52
749,01	14209,02
749,20	14146,70
749,39	14063,96
749,58	13985,33
749,77	13932,11
749,96	13834,53
750,15	13751,21
750,34	13667,73
750,53	13612,52
750,72	13534,49
750,91	13457,18
751,10	13367,28
751,29	13282,88
751,48	13203,41
751,67	13126,24
751,86	13066,34
752,04	12997,34
752,23	12906,73
752,42	12839,07
752,61	12772,42
752,80	12700,99
752,99	12614,66
753,18	12554,25
753,37	12498,79
753,56	12437,50
753,75	12379,60
753,94	12317,76
754,13	12238,01
754,32	12168,07
754,51	12100,28
754,70	12032,61
754,89	11978,61
755,08	11914,59
755,27	11831,95
755,45	11776,82
755,64	11713,16
755,83	11638,47
756,02	11569,89
756,21	11503,85
756,40	11420,59
756,59	11349,30
756,78	11274,59
756,97	11203,49
757,16	11150,16
757,35	11081,05
757,54	11003,62
757,72	10939,07
757,91	10874,96
758,10	10792,72
758,29	10739,14
758,48	10687,02
758,67	10618,98
758,86	10564,24
759,05	10505,84
759,24	10462,96
759,43	10408,34
759,61	10338,29
759,80	10269,10
759,99	10207,07
760,18	10157,75
760,37	10098,15
760,56	10050,60
760,75	9991,06
760,94	9927,76
761,13	9883,01
761,31	9837,91
761,50	9798,62
761,69	9722,00
761,88	9664,84
762,07	9594,59
762,26	9542,58
762,45	9487,09
762,64	9437,45
762,82	9384,91
763,01	9325,73
763,20	9261,56
763,39	9196,18
763,58	9137,72
763,77	9067,62
763,96	9010,11
764,14	8963,30
764,33	8898,08
764,52	8868,43
764,71	8819,26
764,90	8779,13
765,09	8716,36
765,27	8659,82
765,46	8623,14
765,65	8578,04
765,84	8545,72
766,03	8492,13
766,22	8450,77
766,41	8401,34
766,59	8338,40
766,78	8313,07
766,97	8257,08
767,16	8198,19
767,35	8148,12
767,54	8108,41
767,72	8059,03
767,91	7998,16
768,10	7950,70
768,29	7905,68
768,48	7853,74
768,66	7820,38
768,85	7768,11
769,04	7734,33
769,23	7674,81
769,42	7622,12
769,61	7574,70
769,79	7511,00
769,98	7468,32
770,17	7423,57
770,36	7370,04
770,55	7321,49
770,73	7283,99
770,92	7247,15
771,11	7187,62
771,30	7141,12
771,49	7098,22
771,67	7067,54
771,86	7040,63
772,05	7012,64
772,24	6989,81
772,42	6957,83
772,61	6925,00
772,80	6883,25
772,99	6843,40
773,18	6789,03
773,36	6757,24
773,55	6717,69
773,74	6688,11
773,93	6664,79
774,11	6617,06
774,30	6580,20
774,49	6538,42
774,68	6490,58
774,87	6441,89
775,05	6398,82
775,24	6382,94
775,43	6355,44
775,62	6316,32
775,80	6270,24
775,99	6237,44
776,18	6204,70
776,37	6149,11
776,55	6112,65
776,74	6069,77
776,93	6031,98
777,12	6002,35
777,30	5977,25
777,49	5943,62
777,68	5906,59
777,87	5867,39
778,05	5840,15
778,24	5808,51
778,43	5779,86
778,62	5740,59
778,80	5717,92
778,99	5690,46
779,18	5653,70
779,36	5632,48
779,55	5609,02
779,74	5574,26
779,93	5540,77
780,11	5500,92
780,30	5479,26
780,49	5436,99
780,68	5407,64
780,86	5362,41
781,05	5341,28
781,24	5319,11
781,42	5293,42
781,61	5271,43
781,80	5233,60
781,98	5208,13
782,17	5173,97
782,36	5153,75
782,55	5131,10
782,73	5102,50
782,92	5092,31
783,11	5065,56
783,29	5053,92
783,48	5013,33
783,67	4980,42
783,85	4940,94
784,04	4914,80
784,23	4890,89
784,42	4855,63
784,60	4825,06
784,79	4786,44
784,98	4752,88
785,16	4720,63
785,35	4692,11
785,54	4667,20
785,72	4644,62
785,91	4622,74
786,10	4594,07
786,28	4578,96
786,47	4547,56
786,66	4523,75
786,84	4493,35
787,03	4472,93
787,22	4450,02
787,40	4430,82
787,59	4404,23
787,78	4375,73
787,96	4350,26
788,15	4318,34
788,34	4302,64
788,52	4282,67
788,71	4244,34
788,89	4214,72
789,08	4186,33
789,27	4168,13
789,45	4148,96
789,64	4129,51
789,83	4097,99
790,01	4078,92
790,20	4050,24
790,39	4025,95
790,57	3998,95
790,76	3968,03
790,95	3929,69
791,13	3912,12
791,32	3901,10
791,50	3874,50
791,69	3845,22
791,88	3828,57
792,06	3820,95
792,25	3805,55
792,43	3771,77
792,62	3763,26
792,81	3744,23
792,99	3734,10
793,18	3722,82
793,37	3711,21
793,55	3694,60
793,74	3677,31
793,92	3664,32
794,11	3663,36
794,30	3641,47
794,48	3615,33
794,67	3598,14
794,85	3580,64
795,04	3557,99
795,23	3546,14
795,41	3532,95
795,60	3526,52
795,78	3517,73
795,97	3508,39
796,15	3485,62
796,34	3479,65
796,53	3461,63
796,71	3449,09
796,90	3439,61
797,08	3444,02
797,27	3438,37
797,46	3425,01
797,64	3407,31
797,83	3395,70
798,01	3375,65
798,20	3373,16
798,38	3364,33
798,57	3364,96
798,76	3358,28
798,94	3344,59
799,13	3333,23
799,31	3315,26
799,50	3292,54
799,68	3293,29
799,87	3293,31
800,05	3283,86
800,24	3255,95
800,43	3246,21
800,61	3228,44
800,80	3220,06
800,98	3203,04
801,17	3187,91
801,35	3179,76
801,54	3176,13
801,72	3164,00
801,91	3144,80
802,09	3127,42
802,28	3110,32
802,46	3105,51
802,65	3104,54
802,84	3090,90
803,02	3074,65
803,21	3056,84
803,39	3044,03
803,58	3037,64
803,76	3032,00
803,95	3012,95
804,13	2997,64
804,32	2989,08
804,50	2979,72
804,69	2964,94
804,87	2950,88
805,06	2947,60
805,24	2942,67
805,43	2938,69
805,61	2926,57
805,80	2908,19
805,98	2891,90
806,17	2870,06
806,35	2855,91
806,54	2860,20
806,72	2853,82
806,91	2839,16
807,09	2834,21
807,28	2821,78
807,46	2806,99
807,65	2781,07
807,83	2770,00
808,02	2757,02
808,20	2757,48
808,39	2745,10
808,57	2732,50
808,76	2715,15
808,94	2694,36
809,13	2664,65
809,31	2650,19
809,49	2637,59
809,68	2622,15
809,86	2605,16
810,05	2603,98
810,23	2593,70
810,42	2584,83
810,60	2569,40
810,79	2555,08
810,97	2540,49
811,16	2539,37
811,34	2517,40
811,53	2522,98
811,71	2521,28
811,89	2507,37
812,08	2501,31
812,26	2493,53
812,45	2479,34
812,63	2462,02
812,82	2449,12
813,00	2436,98
813,19	2425,55
813,37	2420,25
813,55	2411,11
813,74	2411,32
813,92	2396,32
814,11	2377,56
814,29	2359,47
814,48	2337,72
814,66	2332,55
814,84	2311,30
815,03	2298,00
815,21	2291,02
815,40	2282,50
815,58	2267,24
815,77	2257,56
815,95	2237,26
816,13	2223,77
816,32	2217,70
816,50	2205,85
816,69	2195,96
816,87	2197,42
817,05	2182,07
817,24	2180,43
817,42	2170,34
817,61	2150,63
817,79	2143,53
817,97	2130,60
818,16	2116,21
818,34	2113,60
818,53	2103,05
818,71	2091,25
818,89	2084,81
819,08	2075,57
819,26	2060,59
819,45	2047,10
819,63	2038,76
819,81	2028,28
820,00	2028,83
820,18	2006,97
820,36	2004,20
820,55	1994,77
820,73	1980,34
820,92	1975,09
821,10	1965,16
821,28	1964,39
821,47	1953,99
821,65	1952,36
821,83	1944,46
822,02	1939,66
822,20	1932,62
822,39	1915,13
822,57	1912,95
822,75	1909,38
822,94	1910,63
823,12	1900,43
823,30	1885,31
823,49	1874,75
823,67	1856,56
823,85	1852,32
824,04	1831,42
824,22	1824,53
824,40	1812,54
824,59	1810,99
824,77	1805,46
824,95	1796,17
825,14	1784,78
825,32	1769,25
825,50	1766,37
825,69	1758,46
825,87	1751,06
826,05	1746,83
826,24	1736,88
826,42	1735,83
826,60	1723,63
826,79	1715,72
826,97	1702,73
827,15	1700,24
827,34	1697,16
827,52	1685,58
827,70	1671,82
827,89	1662,61
828,07	1661,25
828,25	1656,71
828,44	1642,89
828,62	1633,75
828,80	1622,03
828,98	1610,86
829,17	1598,11
829,35	1587,18
829,53	1574,59
829,72	1558,27
829,90	1549,66
830,08	1544,50
830,27	1535,97
830,45	1521,19
830,63	1518,18
830,81	1516,97
831,00	1509,58
831,18	1500,12
831,36	1491,35
831,55	1483,21
831,73	1484,01
831,91	1484,08
832,09	1480,61
832,28	1473,94
832,46	1463,82
832,64	1455,12
832,82	1454,77
833,01	1441,49
833,19	1427,19
833,37	1423,89
833,55	1419,77
833,74	1417,48
833,92	1412,47
834,10	1406,26
834,29	1393,62
834,47	1380,98
834,65	1383,95
834,83	1377,09
835,02	1377,82
835,20	1366,63
835,38	1357,60
835,56	1356,45
835,75	1338,97
835,93	1337,89
836,11	1333,65
836,29	1329,36
836,47	1323,53
836,66	1313,59
836,84	1318,11
837,02	1301,67
837,20	1296,76
837,39	1277,97
837,57	1267,38
837,75	1267,66
837,93	1263,17
838,12	1265,45
838,30	1255,61
838,48	1254,02
838,66	1246,85
838,84	1235,66
839,03	1227,40
839,21	1216,76
839,39	1215,08
839,57	1223,90
839,75	1229,76
839,94	1226,57
840,12	1218,86
840,30	1216,52
840,48	1206,38
840,66	1195,36
840,85	1186,10
841,03	1185,35
841,21	1177,98
841,39	1176,71
841,57	1170,42
841,76	1164,01
841,94	1143,90
842,12	1130,04
842,30	1132,52
842,48	1133,10
842,67	1128,17
842,85	1127,14
843,03	1132,17
843,21	1128,31
843,39	1122,24
843,57	1112,16
843,76	1116,35
843,94	1115,13
844,12	1116,26
844,30	1120,96
844,48	1121,43
844,66	1116,67
844,85	1108,00
845,03	1095,26
845,21	1097,79
845,39	1084,59
845,57	1077,28
845,75	1071,36
845,94	1065,54
846,12	1054,60
846,30	1048,92
846,48	1047,12
846,66	1039,12
846,84	1037,11
847,02	1031,08
847,21	1025,88
847,39	1028,10
847,57	1013,18
847,75	1017,93
847,93	1013,97
848,11	1005,37
848,29	1003,43
848,48	1000,79
848,66	989,86
848,84	978,99
849,02	976,47
849,20	967,99
849,38	963,56
849,56	965,07
849,74	962,85
849,93	968,97
850,11	957,05
850,29	952,47
850,47	953,42
850,65	957,41
850,83	951,35
851,01	954,51
851,19	954,57
851,37	953,11
851,56	953,62
851,74	943,99
851,92	935,58
852,10	930,71
852,28	923,08
852,46	916,05
852,64	916,39
852,82	906,57
853,00	900,51
853,18	899,54
853,37	891,93
853,55	879,15
853,73	866,84
853,91	855,08
854,09	860,73
854,27	856,31
854,45	848,35
854,63	850,79
854,81	850,44
854,99	839,46
855,17	844,94
855,35	837,99
855,53	832,34
855,72	834,14
855,90	833,95
856,08	826,55
856,26	824,89
856,44	815,53
856,62	808,55
856,80	800,68
856,98	789,71
857,16	789,48
857,34	782,25
857,52	771,44
857,70	768,90
857,88	770,00
858,06	777,62
858,24	769,80
858,42	769,90
858,60	768,73
858,78	768,24
858,96	770,20
859,15	770,99
859,33	766,59
859,51	763,49
859,69	769,77
859,87	764,62
860,05	764,11
860,23	754,29
860,41	732,09
860,59	735,87
860,77	732,58
860,95	728,44
861,13	729,32
861,31	719,98
861,49	718,99
861,67	724,14
861,85	717,21
862,03	709,83
862,21	712,30
862,39	699,65
862,57	693,94
862,75	699,01
862,93	696,44
863,11	692,83
863,29	689,50
863,47	680,55
863,65	684,55
863,83	686,26
864,01	676,23
864,19	679,08
864,37	672,96
864,55	667,87
864,73	672,29
864,91	675,68
865,09	675,65
865,27	677,75
865,45	677,67
865,63	678,46
865,81	671,12
865,99	660,19
866,17	651,97
866,35	649,83
866,53	639,97
866,71	638,88
866,89	625,66
867,07	628,94
867,24	619,97
867,42	611,01
867,60	600,27
867,78	599,49
867,96	601,41
868,14	602,49
868,32	606,54
868,50	599,53
868,68	597,02
868,86	597,65
869,04	593,06
869,22	605,30
869,40	601,86
869,58	604,11
869,76	608,53
869,94	608,79
870,12	611,46
870,30	607,45
870,48	610,91
870,66	608,85
870,83	606,95
871,01	605,25
871,19	598,00
871,37	604,74
871,55	596,07
871,73	592,40
871,91	590,60
872,09	581,93
872,27	580,75
872,45	575,38
872,63	568,78
872,81	559,97
872,98	556,64
873,16	563,50
873,34	561,61
873,52	552,18
873,70	547,49
873,88	549,45
874,06	539,30
874,24	540,14
874,42	538,65
874,60	535,88
874,78	529,34
874,95	522,22
875,13	526,90
875,31	520,91
875,49	514,90
875,67	504,44
875,85	511,30
876,03	512,08
876,21	512,81
876,39	509,65
876,56	497,17
876,74	491,90
876,92	485,63
877,10	483,08
877,28	481,12
877,46	471,91
877,64	469,74
877,82	468,23
877,99	471,61
878,17	475,88
878,35	475,92
878,53	469,64
878,71	472,19
878,89	479,35
879,07	483,52
879,24	478,85
879,42	480,73
879,60	495,79
879,78	501,32
879,96	509,52
880,14	505,96
880,32	508,40
880,49	501,43
880,67	494,96
880,85	498,70
881,03	505,51
881,21	503,24
881,39	500,99
881,56	506,84
881,74	501,32
881,92	487,86
882,10	484,24
882,28	478,60
882,46	477,42
882,63	476,05
882,81	480,27
882,99	481,89
883,17	479,27
883,35	473,12
883,52	472,53
883,70	470,15
883,88	465,80
884,06	471,98
884,24	472,23
884,42	473,32
884,59	468,61
884,77	472,68
884,95	473,01
885,13	471,42
885,31	470,70
885,48	472,19
885,66	466,22
885,84	462,93
886,02	467,04
886,20	470,21
886,37	462,68
886,55	459,36
886,73	458,72
886,91	460,29
887,08	455,97
887,26	451,49
887,44	451,22
887,62	456,63
887,80	453,16
887,97	463,65
888,15	467,29
888,33	455,63
888,51	458,03
888,68	456,68
888,86	454,38
889,04	453,32
889,22	451,41
889,40	450,20
889,57	455,02
889,75	446,53
889,93	438,87
890,11	437,52
890,28	433,52
890,46	431,17
890,64	433,20
890,82	422,56
890,99	426,54
891,17	432,34
891,35	427,89
891,53	427,91
891,70	427,60
891,88	426,79
892,06	435,46
892,24	432,53
892,41	434,72
892,59	431,61
892,77	432,38
892,94	433,46
893,12	444,08
893,30	442,15
893,48	437,11
893,65	432,42
893,83	433,86
894,01	438,68
894,19	437,27
894,36	431,46
894,54	431,39
894,72	428,18
894,89	420,83
895,07	416,43
895,25	417,72
895,43	412,52
895,60	410,64
895,78	413,67
895,96	415,17
896,13	413,40
896,31	404,77
896,49	399,38
896,66	406,96
896,84	413,93
897,02	416,93
897,20	423,28
897,37	422,31
897,55	418,29
897,73	404,66
897,90	401,12
898,08	403,94
898,26	404,93
898,43	396,87
898,61	400,50
898,79	392,16
898,96	384,10
899,14	376,22
899,32	377,16
899,49	376,09
899,67	381,05
899,85	379,50
900,02	389,75
900,20	390,87
900,38	390,77
900,55	390,30
900,73	392,81
900,91	391,57
901,08	401,65
901,26	406,20
901,44	405,29
901,61	397,98
901,79	399,95
901,97	392,52
902,14	394,49
902,32	391,26
902,50	399,21
902,67	395,27
902,85	397,28
903,02	396,49
903,20	392,83
903,38	393,29
903,55	392,13
903,73	390,93
903,91	390,99
904,08	385,78
904,26	387,74
904,44	386,60
904,61	388,11
904,79	370,31
904,96	361,53
905,14	353,65
905,32	359,19
905,49	360,28
905,67	354,83
905,84	350,75
906,02	352,54
906,20	346,41
906,37	342,82
906,55	345,47
906,73	346,33
906,90	343,95
907,08	358,86
907,25	357,07
907,43	357,74
907,61	352,33
907,78	344,00
907,96	346,98
908,13	343,32
908,31	338,98
908,48	343,88
908,66	343,61
908,84	339,21
909,01	337,72
909,19	334,37
909,36	331,73
909,54	337,41
909,72	338,84
909,89	339,32
910,07	338,35
910,24	329,96
910,42	327,03
910,59	325,25
910,77	324,46
910,95	328,22
911,12	323,82
911,30	327,54
911,47	334,74
911,65	328,65
911,82	327,65
912,00	317,83
912,17	319,97
912,35	327,86
912,53	333,50
912,70	335,29
912,88	335,93
913,05	333,14
913,23	333,95
913,40	337,87
913,58	333,13
913,75	319,06
913,93	318,56
914,10	315,12
914,28	318,04
914,46	314,72
914,63	304,69
914,81	302,07
914,98	293,71
915,16	292,96
915,33	292,65
915,51	286,47
915,68	282,27
915,86	281,25
916,03	288,59
916,21	283,21
916,38	283,51
916,56	292,49
916,73	288,78
916,91	299,59
917,08	285,60
917,26	294,53
917,43	296,03
917,61	296,96
917,78	293,69
917,96	296,05
918,13	293,39
918,31	291,80
918,48	295,81
918,66	291,99
918,83	284,95
919,01	281,92
919,18	274,13
919,36	280,03
919,53	272,39
919,71	266,25
919,88	262,32
920,06	268,87
920,23	264,72
920,41	263,17
920,58	261,15
920,76	259,61
920,93	259,17
921,11	250,09
921,28	255,79
921,45	250,65
921,63	258,58
921,80	266,78
921,98	272,52
922,15	264,27
922,33	258,06
922,50	257,20
922,68	256,03
922,85	257,75
923,03	253,97
923,20	249,53
923,38	251,83
923,55	252,30
923,72	259,90
923,90	255,31
924,07	245,51
924,25	235,96
924,42	237,48
924,60	239,30
924,77	238,93
924,95	236,31
925,12	230,77
925,29	226,96
925,47	227,27
925,64	233,98
925,82	233,43
925,99	222,44
926,17	222,99
926,34	226,89
926,51	233,67
926,69	235,80
926,86	227,23
927,04	225,47
927,21	224,83
927,38	224,85
927,56	230,90
927,73	232,89
927,91	229,24
928,08	218,53
928,25	216,10
928,43	212,46
928,60	209,52
928,78	202,07
928,95	203,20
929,12	214,28
929,30	212,61
929,47	211,11
929,65	212,69
929,82	204,78
929,99	201,00
930,17	193,03
930,34	193,49
930,52	200,68
930,69	198,71
930,86	197,37
931,04	203,54
931,21	200,68
931,38	190,20
931,56	189,54
931,73	188,21
931,91	178,56
932,08	176,24
932,25	172,42
932,43	171,31
932,60	175,23
932,77	173,19
932,95	166,61
933,12	166,39
933,29	164,92
933,47	154,79
933,64	152,16
933,82	149,01
933,99	149,90
934,16	154,60
934,34	158,62
934,51	160,11
934,68	162,00
934,86	153,91
935,03	152,30
935,20	155,49
935,38	154,50
935,55	142,21
935,72	147,38
935,90	146,35
936,07	146,72
936,24	146,48
936,42	145,54
936,59	148,47
936,76	151,68
936,94	152,14
937,11	155,27
937,28	157,61
937,46	156,63
937,63	146,79
937,80	149,17
937,97	146,78
938,15	146,59
938,32	141,36
938,49	135,58
938,67	134,77
938,84	125,75
939,01	119,93
939,19	124,26
939,36	117,25
939,53	108,16
939,70	108,42
939,88	116,15
940,05	114,60
940,22	119,21
940,40	116,86
940,57	119,96
940,74	124,17
940,92	119,34
941,09	119,80
941,26	122,63
941,43	109,39
941,61	110,36
941,78	112,94
941,95	106,12
942,12	102,72
942,30	101,95
942,47	90,49
942,64	86,76
942,82	77,48
942,99	72,89
943,16	73,52
943,33	68,94
943,51	65,74
943,68	74,68
943,85	72,23
944,02	70,65
944,20	78,77
944,37	88,00
944,54	87,10
944,71	88,97
944,89	90,37
945,06	96,62
945,23	99,63
945,40	98,20
945,58	101,70
945,75	98,25
945,92	94,44
946,09	91,63
946,27	90,56
946,44	80,07
946,61	66,00
946,78	68,40
946,95	68,64
947,13	70,78
947,30	65,72
947,47	60,03
947,64	64,54
947,82	60,93
947,99	60,18
948,16	57,70
948,33	63,01
948,50	64,62
948,68	62,42
948,85	65,22
949,02	69,71
949,19	71,40
949,36	75,26
949,54	79,09
949,71	80,07
949,88	80,94
950,05	84,78
950,22	86,99
950,40	92,54
950,57	92,14
950,74	91,74
950,91	98,11
951,08	107,29
951,26	103,98
951,43	98,31
951,60	97,71
951,77	94,20
951,94	95,99
952,11	87,37
952,29	88,39
952,46	87,79
952,63	79,93
952,80	78,51
952,97	84,30
953,15	88,51
953,32	72,30
953,49	69,49
953,66	80,96
953,83	73,39
954,00	79,05
954,17	74,67
954,35	79,34
954,52	73,63
954,69	76,82
954,86	80,92
955,03	82,52
955,20	77,31
955,38	74,26
955,55	83,26
955,72	81,30
955,89	77,37
956,06	85,62
956,23	84,63
956,40	83,61
956,58	76,90
956,75	80,80
956,92	76,10
957,09	76,94
957,26	78,58
957,43	75,00
957,60	73,77
957,77	67,98
957,95	70,38
958,12	69,69
958,29	63,58
958,46	63,43
958,63	68,09
958,80	71,56
958,97	74,38
959,14	76,92
959,31	77,46
959,49	74,02
959,66	78,63
959,83	75,30
960,00	77,42
960,17	76,51
960,34	78,67
960,51	81,82
960,68	76,03
960,85	83,28
961,02	88,05
961,20	87,96
961,37	90,90
961,54	91,69
961,71	93,83
961,88	94,95
962,05	97,56
962,22	91,97
962,39	92,85
962,56	88,25
962,73	84,49
962,90	81,62
963,07	77,45
963,24	78,65
963,42	74,45
963,59	69,21
963,76	67,36
963,93	67,78
964,10	66,20
964,27	65,44
964,44	70,28
964,61	71,39
964,78	72,65
964,95	69,44
965,12	67,73
965,29	65,77
965,46	58,10
965,63	58,20
965,80	58,81
965,97	58,82
966,14	60,79
966,31	56,56
966,48	60,67
966,66	62,71
966,83	64,79
967,00	67,04
967,17	73,25
967,34	78,44
967,51	73,50
967,68	82,63
967,85	80,70
968,02	83,34
968,19	87,05
968,36	86,42
968,53	85,86
968,70	78,21
968,87	83,90
969,04	82,45
969,21	79,62
969,38	76,30
969,55	79,09
969,72	89,22
969,89	85,46
970,06	91,50
970,23	89,29
970,40	80,13
970,57	71,48
970,74	64,17
970,91	67,72
971,08	62,00
971,25	54,40
971,42	51,00
971,59	56,23
971,76	60,20
971,93	55,07
972,10	55,56
972,27	53,49
972,44	50,01
972,61	53,58
972,78	57,31
972,95	63,84
973,12	67,13
973,29	67,58
973,46	72,01
973,63	76,13
973,80	70,38
973,97	61,07
974,14	68,14
974,30	65,83
974,47	70,74
974,64	78,30
974,81	74,74
974,98	76,15
975,15	76,06
975,32	66,17
975,49	64,54
975,66	62,15
975,83	59,80
976,00	61,76
976,17	59,47
976,34	54,86
976,51	49,04
976,68	37,37
976,85	31,25
977,02	34,64
977,19	40,72
977,36	40,22
977,52	40,64
977,69	41,04
977,86	34,20
978,03	33,45
978,20	30,90
978,37	36,57
978,54	36,62
978,71	37,30
978,88	36,53
979,05	35,67
979,22	30,67
979,39	22,17
979,56	28,63
979,72	38,79
979,89	38,47
980,06	44,05
980,23	47,45
980,40	47,52
980,57	49,83
980,74	45,54
980,91	44,19
981,08	47,57
981,25	46,65
981,41	51,08
981,58	50,82
981,75	41,90
981,92	35,38
982,09	34,80
982,26	35,65
982,43	36,39
982,60	36,14
982,77	35,29
982,93	32,23
983,10	37,49
983,27	44,30
983,44	42,43
983,61	35,96
983,78	40,53
983,95	39,68
984,11	40,11
984,28	42,65
984,45	39,08
984,62	39,08
984,79	33,83
984,96	28,73
985,13	25,93
985,30	19,66
985,46	10,40
985,63	10,40
985,80	15,91
985,97	7,36
986,14	13,05
986,31	10,58
986,47	6,67
986,64	16,91
986,81	13,88
986,98	22,97
987,15	30,48
987,32	30,99
987,48	34,97
987,65	36,92
987,82	36,67
987,99	34,04
988,16	34,98
988,33	36,92
988,49	44,62
988,66	45,99
988,83	39,24
989,00	38,04
989,17	31,68
989,34	24,50
989,50	25,26
989,67	22,88
989,84	21,94
990,01	16,44
990,18	12,62
990,34	17,73
990,51	8,66
990,68	3,25
990,85	1,13
991,02	0,62
991,18	0,20
991,35	7,38
991,52	10,02
991,69	14,70
991,86	20,21
992,02	18,69
992,19	26,74
992,36	26,57
992,53	25,43
992,69	30,50
992,86	24,71
993,03	27,26
993,20	24,88
993,37	26,06
993,53	23,30
993,70	18,53
993,87	11,82
994,04	6,92
994,20	12,69
994,37	12,60
994,54	13,88
994,71	13,90
994,87	10,09
995,04	17,75
995,21	12,24
995,38	11,65
995,55	10,90
995,71	-1,03
995,88	6,90
996,05	-9,02
996,22	-4,69
996,38	-13,01
996,55	-13,45
996,72	-0,93
996,88	-0,15
997,05	2,15
997,22	-4,30
997,39	1,12
997,55	5,54
997,72	6,57
997,89	16,60
998,06	12,93
998,22	35,37
998,39	34,27
998,56	37,24
998,73	33,52
998,89	21,51
999,06	19,04
999,23	20,89
999,39	22,41
999,56	19,36
999,73	14,68
999,90	10,09
1000,06	8,82
1000,23	9,43
1000,40	1,78
1000,56	-0,44
1000,73	-7,73
1000,90	-1,52
1001,06	-4,42
1001,23	-6,03
1001,40	-9,67
1001,57	-7,39
1001,73	-6,87
1001,90	-8,65
1002,07	-8,31
1002,23	-11,97
1002,40	-13,25
1002,57	-12,74
1002,73	-11,89
1002,90	-10,12
1003,07	-14,22
1003,23	-11,06
1003,40	-11,06
1003,57	-13,02
1003,73	-13,87
1003,90	-17,09
1004,07	-19,87
1004,23	-13,08
1004,40	-6,51
1004,57	-6,69
1004,73	-4,57
1004,90	-2,26
1005,07	9,02
1005,23	9,45
1005,40	9,28
1005,57	15,84
1005,73	14,65
1005,90	12,19
1006,07	10,15
1006,23	15,22
1006,40	9,87
1006,57	15,84
1006,73	12,80
1006,90	19,86
1007,06	14,75
1007,23	10,02
1007,40	9,09
1007,56	10,96
1007,73	12,23
1007,90	22,49
1008,06	19,39
1008,23	24,05
1008,40	26,60
1008,56	32,20
1008,73	27,55
1008,89	28,39
1009,06	22,68
1009,23	23,45
1009,39	18,03
1009,56	18,61
1009,72	10,70
1009,89	-1,55
1010,06	-12,46
1010,22	-4,78
1010,39	-4,01
1010,55	-2,75
1010,72	-3,60
1010,89	-8,76
1011,05	-9,95
1011,22	-13,60
1011,38	-10,46
1011,55	-0,61
1011,72	2,12
1011,88	4,61
1012,05	3,44
1012,21	11,51
1012,38	8,45
1012,55	19,88
1012,71	16,75
1012,88	11,23
1013,04	15,31
1013,21	15,08
1013,37	20,07
1013,54	15,32
1013,71	4,51
1013,87	0,77
1014,04	2,39
1014,20	7,37
1014,37	-0,89
1014,53	-5,03
1014,70	-15,29
1014,87	-15,54
1015,03	-12,31
1015,20	-15,87
1015,36	-10,04
1015,53	-12,24
1015,69	-11,21
1015,86	-6,27
1016,02	-4,50
1016,19	0,41
1016,36	-0,69
1016,52	2,37
1016,69	7,70
1016,85	5,84
1017,02	0,39
1017,18	-9,84
1017,35	-3,11
1017,51	-2,32
1017,68	1,51
1017,84	4,72
1018,01	5,32
1018,17	8,38
1018,34	4,04
1018,50	7,59
1018,67	9,03
1018,84	4,35
1019,00	0,02
1019,17	3,77
1019,33	10,85
1019,50	1,40
1019,66	-3,79
1019,83	-4,25
1019,99	-4,58
1020,16	-11,05
1020,32	-14,96
1020,49	-8,44
1020,65	-4,20
1020,82	-0,70
1020,98	0,83
1021,15	1,35
1021,31	4,49
1021,48	12,22
1021,64	11,80
1021,81	16,71
1021,97	17,22
1022,14	8,21
1022,30	15,02
1022,47	15,45
1022,63	21,20
1022,79	11,28
1022,96	5,24
1023,12	6,18
1023,29	11,43
1023,45	10,85
1023,62	0,04
1023,78	1,40
1023,95	-0,71
1024,11	-1,37
1024,28	1,61
1024,44	-3,46
1024,61	-7,78
1024,77	-18,52
1024,94	-16,99
1025,10	-16,98
1025,26	-9,89
1025,43	-17,38
1025,59	-17,55
1025,76	-18,52
1025,92	-18,61
1026,09	-17,06
1026,25	-20,21
1026,42	-16,37
1026,58	-11,05
1026,74	-12,35
1026,91	-9,63
1027,07	-7,08
1027,24	-7,41
1027,40	-9,07
1027,57	-4,21
1027,73	-7,77
1027,90	-0,35
1028,06	1,17
1028,22	-6,58
1028,39	-8,95
1028,55	-6,16
1028,72	-5,64
1028,88	-0,03
1029,04	-5,30
1029,21	-3,54
1029,37	1,22
1029,54	-2,28
1029,70	-4,14
1029,87	-1,78
1030,03	-3,37
1030,19	-5,32
1030,36	-2,33
1030,52	2,16
1030,69	-5,40
1030,85	-9,22
1031,01	-9,05
1031,18	-8,87
1031,34	-5,52
1031,50	-11,14
1031,67	-7,25
1031,83	-4,29
1032,00	0,31
1032,16	-2,07
1032,32	3,77
1032,49	7,06
1032,65	4,35
1032,82	8,86
1032,98	9,46
1033,14	16,14
1033,31	19,19
1033,47	14,34
1033,63	18,07
1033,80	13,52
1033,96	10,71
1034,13	3,82
1034,29	4,59
1034,45	3,32
1034,62	3,59
1034,78	-2,03
1034,94	-3,39
1035,11	-0,50
1035,27	-5,48
1035,43	-3,10
1035,60	-6,48
1035,76	-9,18
1035,92	-10,39
1036,09	-4,33
1036,25	-1,87
1036,41	-3,89
1036,58	-0,28
1036,74	-2,58
1036,90	2,46
1037,07	4,49
1037,23	4,15
1037,39	3,56
1037,56	2,10
1037,72	14,92
1037,88	18,05
1038,05	20,77
1038,21	24,29
1038,37	24,04
1038,54	27,59
1038,70	21,70
1038,86	21,62
1039,03	20,02
1039,19	23,59
1039,35	15,50
1039,52	9,32
1039,68	5,26
1039,84	-5,19
1040,00	-9,44
1040,17	-13,26
1040,33	-21,12
1040,49	-17,71
1040,66	-18,40
1040,82	-21,95
1040,98	-19,25
1041,15	-19,44
1041,31	-23,95
1041,47	-16,96
1041,63	-9,85
1041,80	-4,59
1041,96	-6,21
1042,12	-3,31
1042,29	-2,81
1042,45	3,92
1042,61	-3,58
1042,77	-4,17
1042,94	1,93
1043,10	1,02
1043,26	3,91
1043,42	-0,48
1043,59	-55,74
1043,75	-3,65
1043,91	33,81
1044,07	18,47
1044,24	2,96
1044,40	-69,61
