345,22	32,77
345,44	32,77
345,66	32,77
345,88	-83,97
346,10	-2,05
346,32	53,25
346,54	69,63
346,75	36,86
346,97	8,19
347,19	22,53
347,41	59,39
347,63	-55,30
347,85	-43,01
348,07	0,00
348,29	-22,53
348,51	75,77
348,73	71,68
348,95	-94,21
349,16	47,10
349,38	79,87
349,60	16,38
349,82	4,10
350,04	20,48
350,26	-61,44
350,48	-63,49
350,70	12,29
350,92	71,68
351,14	122,88
351,35	71,68
351,57	30,72
351,79	106,49
352,01	120,83
352,23	18,43
352,45	-59,39
352,67	-75,77
352,89	12,29
353,10	-22,53
353,32	34,82
353,54	133,12
353,76	86,01
353,98	73,73
354,20	79,87
354,42	-2,05
354,64	77,82
354,85	114,69
355,07	51,20
355,29	108,54
355,51	-112,64
355,73	34,82
355,95	53,25
356,17	32,77
356,38	-8,19
356,60	2,05
356,82	108,54
357,04	12,29
357,26	30,72
357,48	-8,19
357,69	57,34
357,91	53,25
358,13	43,01
358,35	51,20
358,57	47,10
358,79	118,78
359,01	-2,05
359,22	-32,77
359,44	-10,24
359,66	43,01
359,88	92,16
360,10	22,53
360,32	96,25
360,53	20,48
360,75	-43,01
360,97	34,82
361,19	-20,48
361,41	57,34
361,62	30,72
361,84	12,29
362,06	49,15
362,28	-51,20
362,50	98,30
362,72	-36,86
362,93	28,67
363,15	55,30
363,37	20,48
363,59	65,53
363,81	45,06
364,02	-10,24
364,24	49,15
364,46	-34,82
364,68	26,62
364,90	110,59
365,11	32,77
365,33	88,06
365,55	98,30
365,77	20,48
365,99	-20,48
366,20	10,24
366,42	-45,06
366,64	129,02
366,86	69,63
367,07	-16,38
367,29	61,44
367,51	63,49
367,73	-45,06
367,95	8,19
368,16	163,84
368,38	36,86
368,60	122,88
368,82	-12,29
369,03	38,91
369,25	124,93
369,47	131,07
369,69	-4,10
369,91	14,34
370,12	-10,24
370,34	61,44
370,56	-24,58
370,78	-20,48
370,99	45,06
371,21	92,16
371,43	-14,34
371,65	40,96
371,86	90,11
372,08	131,07
372,30	-59,39
372,52	43,01
372,73	45,06
372,95	12,29
373,17	106,49
373,39	86,01
373,60	18,43
373,82	-18,43
374,04	83,97
374,26	2,05
374,47	98,30
374,69	-20,48
374,91	59,39
375,12	-65,54
375,34	-14,34
375,56	40,96
375,78	69,63
375,99	47,10
376,21	71,68
376,43	14,34
376,65	10,24
376,86	38,91
377,08	90,11
377,30	36,86
377,51	51,20
377,73	75,77
377,95	-53,25
378,17	71,68
378,38	10,24
378,60	-6,14
378,82	55,30
379,03	118,78
379,25	28,67
379,47	106,49
379,68	20,48
379,90	-6,14
380,12	88,06
380,34	20,48
380,55	94,21
380,77	49,15
380,99	88,06
381,20	129,02
381,42	-90,11
381,64	-36,86
381,85	65,54
382,07	61,44
382,29	20,48
382,50	92,16
382,72	77,82
382,94	20,48
383,15	53,25
383,37	-30,72
383,59	8,19
383,80	69,63
384,02	131,07
384,24	-59,39
384,45	112,64
384,67	98,30
384,89	22,53
385,10	22,53
385,32	38,91
385,54	88,06
385,75	98,30
385,97	92,16
386,19	69,63
386,40	69,63
386,62	59,39
386,84	0,00
387,05	45,06
387,27	65,53
387,49	8,19
387,70	-6,14
387,92	83,97
388,14	83,97
388,35	133,12
388,57	-63,49
388,79	47,10
389,00	61,44
389,22	-32,77
389,43	108,54
389,65	61,44
389,87	16,38
390,08	34,82
390,30	32,77
390,52	-2,05
390,73	30,72
390,95	120,83
391,17	67,58
391,38	133,12
391,60	32,77
391,81	-36,86
392,03	38,91
392,25	10,24
392,46	40,96
392,68	20,48
392,89	-36,86
393,11	38,91
393,33	102,40
393,54	59,39
393,76	116,73
393,98	-22,53
394,19	-8,19
394,41	59,39
394,62	4,10
394,84	-34,82
395,06	88,06
395,27	83,97
395,49	94,21
395,70	26,62
395,92	6,14
396,13	-28,67
396,35	34,82
396,57	43,01
396,78	81,92
397,00	94,21
397,21	10,24
397,43	-2,05
397,65	45,06
397,86	36,86
398,08	45,06
398,29	34,82
398,51	184,32
398,72	61,44
398,94	94,21
399,16	38,91
399,37	-6,14
399,59	-4,10
399,80	12,29
400,02	178,17
400,23	71,68
400,45	-61,44
400,67	16,38
400,88	47,10
401,10	61,44
401,31	-28,67
401,53	-14,34
401,74	98,30
401,96	0,00
402,17	0,00
402,39	-34,82
402,61	79,87
402,82	-28,67
403,04	22,53
403,25	43,01
403,47	81,92
403,68	-69,63
403,90	88,06
404,11	88,06
404,33	63,49
404,54	-34,82
404,76	63,49
404,97	22,53
405,19	75,77
405,41	-45,06
405,62	2,05
405,84	120,83
406,05	59,39
406,27	65,54
406,48	73,73
406,70	102,40
406,91	-63,49
407,13	75,77
407,34	38,91
407,56	-40,96
407,77	-36,86
407,99	-98,30
408,20	-2,05
408,42	-6,14
408,63	2,05
408,85	53,25
409,06	14,34
409,28	-2,05
409,49	88,06
409,71	-22,53
409,92	86,01
410,14	69,63
410,35	100,35
410,57	-53,25
410,78	34,82
411,00	-20,48
411,21	-49,15
411,43	0,00
411,64	-20,48
411,86	67,58
412,07	59,39
412,29	-26,62
412,50	49,15
412,72	-83,97
412,93	-71,68
413,15	34,82
413,36	59,39
413,58	-63,49
413,79	118,78
414,01	16,38
414,22	65,54
414,43	14,34
414,65	10,24
414,86	49,15
415,08	120,83
415,29	-10,24
415,51	-59,39
415,72	-16,38
415,94	83,97
416,15	0,00
416,37	90,11
416,58	2,05
416,80	53,25
417,01	71,68
417,22	131,07
417,44	75,77
417,65	63,49
417,87	108,54
418,08	57,34
418,30	81,92
418,51	12,29
418,73	8,19
418,94	96,25
419,15	79,87
419,37	118,78
419,58	24,58
419,80	-2,05
420,01	-65,54
420,23	0,00
420,44	133,12
420,65	-49,15
420,87	-34,82
421,08	65,54
421,30	96,25
421,51	43,01
421,73	108,54
421,94	159,74
422,15	120,83
422,37	124,93
422,58	96,25
422,80	59,39
423,01	237,56
423,22	145,41
423,44	180,22
423,65	180,22
423,87	272,38
424,08	147,45
424,29	225,28
424,51	245,76
424,72	217,08
424,94	198,65
425,15	217,08
425,36	284,67
425,58	219,13
425,79	147,45
426,01	354,30
426,22	309,24
426,43	382,97
426,65	313,34
426,86	354,30
427,08	403,45
427,29	526,33
427,50	438,27
427,72	468,98
427,93	364,54
428,14	479,22
428,36	608,25
428,57	489,46
428,79	600,05
429,00	673,78
429,21	673,78
429,43	714,74
429,64	669,69
429,85	770,04
430,07	823,28
430,28	905,20
430,49	905,20
430,71	913,39
430,92	1132,53
431,14	972,79
431,35	1021,94
431,56	1153,01
431,78	1191,92
431,99	1243,12
432,20	1284,08
432,42	1372,14
432,63	1513,45
432,84	1456,11
433,06	1605,61
433,27	1607,66
433,48	1648,61
433,70	1695,72
433,91	1863,65
434,12	1773,54
434,34	2023,39
434,55	2140,13
434,76	2209,76
434,98	2160,61
435,19	2377,69
435,40	2441,18
435,62	2607,06
435,83	2789,33
436,04	2762,71
436,26	3035,09
436,47	3061,71
436,68	3149,78
436,90	3409,87
437,11	3592,14
437,32	3719,11
437,54	3870,66
437,75	3901,38
437,96	4097,99
438,17	4200,38
438,39	4435,90
438,60	4536,25
438,81	4777,91
439,03	5144,50
439,24	5318,57
439,45	5552,04
439,67	5654,44
439,88	5836,71
440,09	6072,23
440,30	6178,72
440,52	6479,77
440,73	6985,62
440,94	7319,44
441,16	7380,88
441,37	7657,36
441,58	8177,54
441,80	8642,43
442,01	9054,07
442,22	9322,35
442,43	9459,57
442,65	10082,15
442,86	10248,04
443,07	11036,50
443,28	11269,97
443,50	12267,33
443,71	12595,01
443,92	13172,54
444,14	13197,11
444,35	14395,17
444,56	14501,67
444,77	15636,24
444,99	15111,96
445,20	16051,98
445,41	16733,95
445,62	18069,23
445,84	18630,37
446,05	19246,81
446,26	20104,91
446,47	19320,54
446,69	19853,01
446,90	22408,87
447,11	22439,59
447,32	22105,77
447,54	22886,05
447,75	23695,00
447,96	23926,42
448,17	24718,98
448,39	26711,66
448,60	25810,55
448,81	27862,61
449,02	27817,56
449,23	29150,79
449,45	31409,70
449,66	30504,49
449,87	31626,78
450,08	32726,54
450,30	33052,17
450,51	34903,53
450,72	35114,47
450,93	37092,81
451,15	36978,12
451,36	36797,90
451,57	37967,29
451,78	37858,75
451,99	40899,98
452,21	42397,05
452,42	41137,55
452,63	41139,60
452,84	41360,78
453,05	43332,97
453,27	43482,47
453,48	43836,77
453,69	43685,22
453,90	45389,13
454,11	45512,01
454,33	44596,57
454,54	46716,22
454,75	47461,68
454,96	48110,88
455,17	46671,16
455,39	47027,51
455,60	49007,89
455,81	49200,40
456,02	46419,26
456,23	45276,49
456,45	48360,73
456,66	46202,18
456,87	45219,15
457,08	47785,25
457,29	47537,45
457,50	46245,18
457,72	45016,40
457,93	44901,71
458,14	47449,39
458,35	47039,79
458,56	45819,20
458,77	44453,21
458,99	44907,86
459,20	42644,85
459,41	43996,51
459,62	40818,07
459,83	41960,83
460,04	42941,81
460,26	41770,37
460,47	40459,67
460,68	39095,72
460,89	38899,12
461,10	37795,26
461,31	39040,43
461,52	38182,33
461,74	36316,63
461,95	36066,78
462,16	36480,47
462,37	36181,46
462,58	34555,38
462,79	34041,34
463,00	34258,42
463,22	33836,54
463,43	31784,48
463,64	31526,43
463,85	31102,50
464,06	31325,73
464,27	29937,21
464,48	29709,88
464,70	29617,72
464,91	29314,62
465,12	29048,39
465,33	28941,89
465,54	27078,24
465,75	27197,02
465,96	27174,50
466,17	25869,94
466,38	26236,53
466,60	25165,44
466,81	24387,21
467,02	25484,92
467,23	24159,89
467,44	23006,88
467,65	23226,01
467,86	22601,38
468,07	23590,55
468,28	23164,57
468,50	21649,08
468,71	21843,63
468,92	21687,99
469,13	21049,02
469,34	20534,98
469,55	21239,48
469,76	21010,11
469,97	20246,22
470,18	20784,83
470,39	20758,21
470,60	19863,25
470,82	19375,83
471,03	18792,16
471,24	19367,64
471,45	18921,18
471,66	18929,38
471,87	18423,53
472,08	18226,92
472,29	17805,04
472,50	17946,35
472,71	17452,79
472,92	16965,37
473,13	17037,05
473,34	16748,29
473,55	16639,75
473,77	16480,00
473,98	16097,03
474,19	16277,26
474,40	15867,66
474,61	15363,86
474,82	15050,52
475,03	14397,22
475,24	14188,33
475,45	14243,62
475,66	14182,18
475,87	13969,19
476,08	13680,43
476,29	13410,10
476,50	13295,41
476,71	12984,12
476,92	12685,12
477,13	12580,67
477,34	12121,93
477,55	12248,90
477,76	12085,06
477,97	11757,39
478,18	11667,28
478,40	11308,88
478,61	11272,02
478,82	10973,02
479,03	10678,11
479,24	10790,75
479,45	10917,72
479,66	10311,52
479,87	9955,18
480,08	9815,91
480,29	10041,19
480,50	9709,42
480,71	9604,97
480,92	9555,82
481,13	9088,89
481,34	9117,56
481,55	8959,86
481,76	8789,88
481,97	8693,63
482,18	8347,52
482,39	8193,92
482,60	8011,65
482,81	8077,19
483,02	7839,62
483,23	7423,89
483,44	7466,89
483,65	7067,54
483,86	6969,24
484,07	6959,00
484,28	6725,53
484,49	6631,32
484,70	6510,49
484,91	6578,08
485,12	6129,57
485,33	6180,77
485,54	5982,12
485,75	5951,40
485,96	5603,24
486,17	5748,65
486,38	5543,85
486,59	5593,00
486,80	5343,15
487,01	5207,98
487,21	5240,75
487,42	5060,53
487,63	5164,98
487,84	4820,92
488,05	4882,36
488,26	4601,79
488,47	4804,53
488,68	4526,01
488,89	4464,57
489,10	4526,01
489,31	4503,48
489,52	4323,26
489,73	4089,79
489,94	4022,21
490,15	4018,11
490,36	3958,72
490,57	3817,41
490,78	3729,35
490,99	3729,35
491,20	3647,43
491,41	3645,38
491,61	3614,66
491,82	3256,27
492,03	3299,28
492,24	3182,54
492,45	3194,83
492,66	2959,31
492,87	3014,61
493,08	2787,29
493,29	2885,59
493,50	2748,37
493,71	2721,75
493,92	2643,93
494,13	2457,56
494,34	2418,65
494,54	2222,05
494,75	2107,36
494,96	2287,58
495,17	1968,10
495,38	2078,69
495,59	1990,63
495,80	1914,85
496,01	1779,68
496,22	1697,77
496,43	1726,44
496,64	1738,73
496,84	1675,24
497,05	1654,76
497,26	1462,25
497,47	1466,35
497,68	1394,67
497,89	1409,00
498,10	1275,88
498,31	1409,00
498,52	1325,04
498,72	1267,69
498,93	1255,40
499,14	1093,62
499,35	1173,49
499,56	1085,42
499,77	1064,94
499,98	1028,08
500,19	954,35
500,40	991,22
500,60	856,05
500,81	829,43
501,02	854,00
501,23	673,78
501,44	909,30
501,65	788,47
501,86	624,63
502,06	749,56
502,27	753,65
502,48	620,53
502,69	628,73
502,90	581,62
503,11	413,69
503,32	362,49
503,53	325,63
503,73	391,16
503,94	370,68
504,15	284,67
504,36	346,11
504,57	380,92
504,78	231,42
504,98	210,94
505,19	122,88
505,40	157,69
505,61	274,43
505,82	90,11
506,03	182,27
506,23	77,82
506,44	120,83
506,65	32,77
506,86	10,24
507,07	59,39
507,28	10,24
507,48	6,14
507,69	34,82
507,90	-81,92
508,11	-108,54
508,32	-12,29
508,53	-147,45
508,73	-108,54
508,94	-116,73
509,15	-133,12
509,36	-172,03
509,57	-192,51
509,77	-196,61
509,98	-182,27
510,19	-294,91
510,40	-196,61
510,61	-282,62
510,81	-249,85
511,02	-161,79
511,23	-260,09
511,44	-217,08
511,65	-268,28
511,85	-301,05
512,06	-280,57
512,27	-270,33
512,48	-372,73
512,69	-362,49
512,89	-448,51
513,10	-401,40
513,31	-440,31
513,52	-438,27
513,73	-458,74
513,93	-491,51
514,14	-497,66
514,35	-471,03
514,56	-458,74
514,76	-589,82
514,97	-509,94
515,18	-526,33
515,39	-372,73
515,60	-458,75
515,80	-511,99
516,01	-573,43
516,22	-585,72
516,43	-581,62
516,63	-610,29
516,84	-669,69
517,05	-647,16
517,26	-610,29
517,46	-616,44
517,67	-815,09
517,88	-604,15
518,09	-765,94
518,29	-681,97
518,50	-522,23
518,71	-735,22
518,92	-606,20
519,12	-694,26
519,33	-643,06
519,54	-645,11
519,75	-688,12
519,95	-714,74
520,16	-686,07
520,37	-720,88
520,57	-706,55
520,78	-753,65
520,99	-870,39
521,20	-747,51
521,40	-688,12
521,61	-821,24
521,82	-784,37
522,03	-735,22
522,23	-765,94
522,44	-808,95
522,65	-796,66
522,85	-894,96
523,06	-868,34
523,27	-862,19
523,48	-700,41
523,68	-786,42
523,89	-718,84
524,10	-864,24
524,30	-917,49
524,51	-712,69
524,72	-856,05
524,93	-878,58
525,13	-833,52
525,34	-843,76
525,55	-765,94
525,75	-831,48
525,96	-831,48
526,17	-927,73
526,37	-862,19
526,58	-829,43
526,79	-956,40
526,99	-874,48
527,20	-866,29
527,41	-944,11
527,62	-987,12
527,82	-980,98
528,03	-907,25
528,24	-911,35
528,44	-825,33
528,65	-894,96
528,86	-860,15
529,06	-1026,03
529,27	-948,21
529,48	-921,59
529,68	-989,17
529,89	-960,50
530,10	-1015,79
530,30	-882,67
530,51	-991,22
530,72	-860,15
530,92	-942,07
531,13	-935,92
531,34	-1097,71
531,54	-925,68
531,75	-964,59
531,96	-1118,19
532,16	-1011,70
532,37	-980,98
532,57	-956,40
532,78	-944,11
532,99	-958,45
533,19	-1034,22
533,40	-1130,48
533,61	-976,88
533,81	-878,58
534,02	-995,31
534,23	-976,88
534,43	-962,55
534,64	-1122,29
534,84	-1054,70
535,05	-997,36
535,26	-1013,74
535,46	-1062,90
535,67	-976,88
535,88	-1044,46
536,08	-917,49
536,29	-1056,75
536,49	-1075,18
536,70	-1019,89
536,91	-1001,46
537,11	-1001,46
537,32	-1048,56
537,53	-1044,46
537,73	-989,17
537,94	-1019,89
538,14	-911,35
538,35	-1048,56
538,56	-1052,66
538,76	-1077,23
538,97	-1036,27
539,17	-1093,62
539,38	-1015,79
539,59	-976,88
539,79	-1011,70
540,00	-1163,25
540,20	-1101,81
540,41	-1001,46
540,62	-843,76
540,82	-1019,89
541,03	-954,35
541,23	-1023,98
541,44	-1179,63
541,64	-1073,14
541,85	-1042,42
542,06	-942,07
542,26	-1050,61
542,47	-1062,90
542,67	-968,69
542,88	-1046,51
543,08	-972,79
543,29	-1120,24
543,50	-1054,70
543,70	-1054,70
543,91	-946,16
544,11	-1009,65
544,32	-976,88
544,52	-1040,37
544,73	-1003,50
544,94	-1114,10
545,14	-1077,23
545,35	-1081,33
545,55	-1150,96
545,76	-1095,66
545,96	-1017,84
546,17	-995,31
546,37	-1124,33
546,58	-1159,15
546,78	-1132,53
546,99	-1015,79
547,20	-1019,89
547,40	-1163,25
547,61	-1126,38
547,81	-1167,34
548,02	-1083,38
548,22	-1075,18
548,43	-1110,00
548,63	-1196,01
548,84	-1032,18
549,04	-1173,49
549,25	-1116,14
549,45	-1171,44
549,66	-1058,80
549,86	-1066,99
550,07	-1097,71
550,27	-1060,85
550,48	-1130,48
550,69	-1071,09
550,89	-1089,52
551,10	-1040,37
551,30	-1187,82
551,51	-1169,39
551,71	-978,93
551,92	-1044,46
552,12	-1058,80
552,33	-1091,57
552,53	-1206,25
552,74	-1038,32
552,94	-1026,03
553,15	-1179,63
553,35	-1030,13
553,56	-1093,62
553,76	-1177,58
553,97	-1075,18
554,17	-1040,37
554,38	-962,55
554,58	-999,41
554,79	-1130,48
554,99	-1079,28
555,19	-1212,40
555,40	-991,22
555,60	-1101,81
555,81	-1069,04
556,01	-1073,14
556,22	-1132,53
556,42	-1034,22
556,63	-933,87
556,83	-1009,65
557,04	-1097,71
557,24	-1015,79
557,45	-1177,58
557,65	-1128,43
557,86	-948,21
558,06	-1085,42
558,27	-958,45
558,47	-1046,51
558,67	-1089,52
558,88	-1107,95
559,08	-1097,71
559,29	-1148,91
559,49	-1134,57
559,70	-1052,66
559,90	-1069,04
560,11	-1214,45
560,31	-1077,23
560,52	-1124,33
560,72	-1001,46
560,92	-999,41
561,13	-1196,01
561,33	-1122,29
561,54	-1087,47
561,74	-1142,77
561,95	-1032,18
562,15	-1066,99
562,35	-1064,94
562,56	-1019,89
562,76	-1032,18
562,97	-1054,70
563,17	-1083,38
563,38	-1177,58
563,58	-1036,27
563,78	-1142,77
563,99	-983,02
564,19	-1134,57
564,40	-1097,71
564,60	-1091,57
564,80	-1060,85
565,01	-1060,85
565,21	-1052,66
565,42	-1183,73
565,62	-1159,15
565,83	-1292,27
566,03	-1161,20
566,23	-1050,61
566,44	-1261,55
566,64	-1142,77
566,85	-1103,86
567,05	-1112,05
567,25	-1040,37
567,46	-1159,15
567,66	-1054,70
567,86	-1161,20
568,07	-1073,14
568,27	-1159,15
568,48	-1042,42
568,68	-1038,32
568,88	-1112,05
569,09	-1187,82
569,29	-1179,63
569,50	-1193,97
569,70	-1028,08
569,90	-1028,08
570,11	-1191,92
570,31	-1066,99
570,51	-1114,10
570,72	-1075,18
570,92	-1161,20
571,13	-1128,43
571,33	-1191,92
571,53	-1128,43
571,74	-1073,14
571,94	-1122,29
572,14	-1155,05
572,35	-1060,85
572,55	-1148,91
572,75	-1136,62
572,96	-1079,28
573,16	-1097,71
573,36	-1077,23
573,57	-1126,38
573,77	-1128,43
573,97	-935,92
574,18	-1136,62
574,38	-1157,10
574,59	-1019,89
574,79	-1013,74
574,99	-997,36
575,20	-1075,18
575,40	-991,22
575,60	-1196,01
575,81	-970,74
576,01	-1064,94
576,21	-1148,91
576,42	-1021,94
576,62	-1183,73
576,82	-1085,42
577,02	-1030,13
577,23	-1159,15
577,43	-1097,71
577,63	-1081,33
577,84	-1069,04
578,04	-1101,81
578,24	-1105,90
578,45	-1091,57
578,65	-1177,58
578,85	-1099,76
579,06	-1077,23
579,26	-1048,56
579,46	-1140,72
579,67	-1028,08
579,87	-935,92
580,07	-1069,04
580,27	-1013,74
580,48	-1044,46
580,68	-1161,20
580,88	-1132,53
581,09	-997,36
581,29	-1062,90
581,49	-1093,62
581,69	-1130,48
581,90	-1058,80
582,10	-1036,27
582,30	-1046,51
582,51	-1062,90
582,71	-1169,39
582,91	-1130,48
583,11	-1128,43
583,32	-1107,95
583,52	-1009,65
583,72	-1069,04
583,93	-1023,98
584,13	-1040,37
584,33	-1157,10
584,53	-1073,14
584,74	-1165,29
584,94	-1189,87
585,14	-937,97
585,34	-1077,23
585,55	-1038,32
585,75	-1095,66
585,95	-1091,57
586,15	-1136,62
586,36	-954,35
586,56	-1050,61
586,76	-1099,76
586,96	-1075,18
587,17	-1112,05
587,37	-970,74
587,57	-1085,42
587,77	-1040,37
587,98	-919,54
588,18	-897,01
588,38	-1017,84
588,58	-983,03
588,79	-1013,74
588,99	-1083,38
589,19	-1046,51
589,39	-1087,47
589,60	-1001,46
589,80	-1054,70
590,00	-983,03
590,20	-923,63
590,40	-1036,27
590,61	-964,59
590,81	-1077,23
591,01	-933,87
591,21	-1028,08
591,42	-1114,10
591,62	-921,59
591,82	-995,31
592,02	-1042,42
592,22	-956,40
592,43	-1034,22
592,63	-1040,37
592,83	-897,01
593,03	-1069,04
593,23	-1085,42
593,44	-892,91
593,64	-1122,29
593,84	-903,15
594,04	-1071,09
594,24	-1011,70
594,45	-954,35
594,65	-1095,66
594,85	-892,91
595,05	-974,83
595,25	-1046,51
595,46	-946,16
595,66	-966,64
595,86	-1038,32
596,06	-1026,03
596,26	-966,64
596,46	-958,45
596,67	-911,35
596,87	-903,15
597,07	-970,74
597,27	-978,93
597,47	-987,12
597,67	-847,86
597,88	-901,11
598,08	-1079,28
598,28	-964,59
598,48	-966,64
598,68	-931,83
598,88	-1048,56
599,09	-954,35
599,29	-1013,74
599,49	-960,50
599,69	-972,79
599,89	-942,07
600,09	-948,21
600,30	-909,30
600,50	-995,31
600,70	-1001,46
600,90	-980,98
601,10	-1048,56
601,30	-966,64
601,50	-974,83
601,71	-950,26
601,91	-888,82
602,11	-872,43
602,31	-901,11
602,51	-962,55
602,71	-886,77
602,91	-829,43
603,11	-913,39
603,32	-974,83
603,52	-886,77
603,72	-849,91
603,92	-901,11
604,12	-1058,80
604,32	-921,59
604,52	-972,79
604,72	-894,96
604,93	-983,03
605,13	-1030,13
605,33	-864,24
605,53	-948,21
605,73	-1021,94
605,93	-874,48
606,13	-870,39
606,33	-849,91
606,53	-907,25
606,74	-958,45
606,94	-825,33
607,14	-960,50
607,34	-894,96
607,54	-907,25
607,74	-948,21
607,94	-1023,98
608,14	-868,34
608,34	-835,57
608,54	-978,93
608,74	-874,48
608,95	-886,77
609,15	-989,17
609,35	-878,58
609,55	-788,47
609,75	-952,31
609,95	-901,11
610,15	-823,28
610,35	-892,91
610,55	-880,63
610,75	-966,64
610,95	-825,33
611,15	-919,54
611,35	-1011,70
611,55	-868,34
611,76	-856,05
611,96	-837,62
612,16	-880,63
612,36	-827,38
612,56	-911,35
612,76	-796,66
612,96	-864,24
613,16	-864,24
613,36	-868,34
613,56	-1062,90
613,76	-847,86
613,96	-892,91
614,16	-894,96
614,36	-786,42
614,56	-854,00
614,76	-784,37
614,96	-841,72
615,16	-976,88
615,36	-917,49
615,56	-948,21
615,76	-763,89
615,97	-897,01
616,17	-907,25
616,37	-843,76
616,57	-827,38
616,77	-940,02
616,97	-913,39
617,17	-792,56
617,37	-753,65
617,57	-835,57
617,77	-890,87
617,97	-931,83
618,17	-792,56
618,37	-757,75
618,57	-839,67
618,77	-849,91
618,97	-890,87
619,17	-827,38
619,37	-751,60
619,57	-837,62
619,77	-755,70
619,97	-802,80
620,17	-903,15
620,37	-835,57
620,57	-811,00
620,77	-825,33
620,97	-872,43
621,17	-821,24
621,37	-819,19
621,57	-804,85
621,77	-806,90
621,97	-763,89
622,17	-808,95
622,37	-780,28
622,57	-919,54
622,77	-833,52
622,97	-782,32
623,17	-792,56
623,37	-741,36
623,57	-825,33
623,77	-851,95
623,97	-718,84
624,16	-800,76
624,36	-679,93
624,56	-782,32
624,76	-679,93
624,96	-806,90
625,16	-800,76
625,36	-667,64
625,56	-868,34
625,76	-690,17
625,96	-770,04
626,16	-755,70
626,36	-755,70
626,56	-692,21
626,76	-659,45
626,96	-802,80
627,16	-776,18
627,36	-813,04
627,56	-677,88
627,76	-712,69
627,96	-743,41
628,16	-786,42
628,35	-759,80
628,55	-841,72
628,75	-722,93
628,95	-829,43
629,15	-833,52
629,35	-743,41
629,55	-708,60
629,75	-806,90
629,95	-673,78
630,15	-745,46
630,35	-684,02
630,55	-743,41
630,75	-706,55
630,95	-630,77
631,14	-733,17
631,34	-577,53
631,54	-716,79
631,74	-753,65
631,94	-645,11
632,14	-724,98
632,34	-751,60
632,54	-722,93
632,74	-708,60
632,94	-811,00
633,14	-608,25
633,33	-710,65
633,53	-675,83
633,73	-804,85
633,93	-655,35
634,13	-641,01
634,33	-645,11
634,53	-591,86
634,73	-679,93
634,93	-696,31
635,12	-722,93
635,32	-727,03
635,52	-704,50
635,72	-776,18
635,92	-714,74
636,12	-710,65
636,32	-837,62
636,52	-729,08
636,71	-628,73
636,91	-718,84
637,11	-690,17
637,31	-702,45
637,51	-751,60
637,71	-679,93
637,91	-757,75
638,11	-743,41
638,30	-743,41
638,50	-614,39
638,70	-593,91
638,90	-606,20
639,10	-616,44
639,30	-663,54
639,50	-704,50
639,69	-626,68
639,89	-747,51
640,09	-724,98
640,29	-622,58
640,49	-733,17
640,69	-653,30
640,88	-542,71
641,08	-659,45
641,28	-600,05
641,48	-651,25
641,68	-649,21
641,88	-665,59
642,07	-729,08
642,27	-546,81
642,47	-667,64
642,67	-561,14
642,87	-618,49
643,07	-571,38
643,26	-573,43
643,46	-612,34
643,66	-626,68
643,86	-638,97
644,06	-632,82
644,26	-571,38
644,45	-604,15
644,65	-755,70
644,85	-632,82
645,05	-659,45
645,25	-561,14
645,44	-571,38
645,64	-598,01
645,84	-573,43
646,04	-555,00
646,24	-632,82
646,43	-456,70
646,63	-561,14
646,83	-516,09
647,03	-677,88
647,23	-589,82
647,42	-581,62
647,62	-665,59
647,82	-561,14
648,02	-634,87
648,22	-700,41
648,41	-544,76
648,61	-600,05
648,81	-598,01
649,01	-544,76
649,20	-557,05
649,40	-600,05
649,60	-526,33
649,80	-608,25
650,00	-538,62
650,19	-552,95
650,39	-690,17
650,59	-575,48
650,79	-622,58
650,98	-577,53
651,18	-602,10
651,38	-589,82
651,58	-593,91
651,77	-608,25
651,97	-583,67
652,17	-555,00
652,37	-499,70
652,56	-497,66
652,76	-577,53
652,96	-497,66
653,16	-552,95
653,35	-624,63
653,55	-544,76
653,75	-595,96
653,95	-376,83
654,14	-649,21
654,34	-481,27
654,54	-511,99
654,74	-485,37
654,93	-649,21
655,13	-661,49
655,33	-571,38
655,52	-485,37
655,72	-497,66
655,92	-651,25
656,12	-532,47
656,31	-456,70
656,51	-495,61
656,71	-499,70
656,91	-456,70
657,10	-602,10
657,30	-518,14
657,50	-555,00
657,69	-571,38
657,89	-450,55
658,09	-436,22
658,29	-493,56
658,48	-417,79
658,68	-487,42
658,88	-507,90
659,07	-460,79
659,27	-491,51
659,47	-452,60
659,66	-413,69
659,86	-487,42
660,06	-534,52
660,26	-456,70
660,45	-415,74
660,65	-509,94
660,85	-466,94
661,04	-385,02
661,24	-479,22
661,44	-581,62
661,63	-483,32
661,83	-430,07
662,03	-540,66
662,22	-466,94
662,42	-575,48
662,62	-395,26
662,81	-520,18
663,01	-428,03
663,21	-604,15
663,40	-503,80
663,60	-446,46
663,80	-417,79
663,99	-417,79
664,19	-477,18
664,39	-407,55
664,58	-477,18
664,78	-487,42
664,98	-532,47
665,17	-430,07
665,37	-464,89
665,57	-514,04
665,76	-544,76
665,96	-485,37
666,16	-407,55
666,35	-454,65
666,55	-471,03
666,74	-366,59
666,94	-331,77
667,14	-571,38
667,33	-356,35
667,53	-301,05
667,73	-516,09
667,92	-450,55
668,12	-444,41
668,32	-428,03
668,51	-522,23
668,71	-366,59
668,90	-458,75
669,10	-468,98
669,30	-442,36
669,49	-518,14
669,69	-446,46
669,89	-423,93
670,08	-501,75
670,28	-487,42
670,47	-440,31
670,67	-389,11
670,87	-499,70
671,06	-425,98
671,26	-440,31
671,45	-503,80
671,65	-483,32
671,85	-327,67
672,04	-432,12
672,24	-448,51
672,43	-460,79
672,63	-458,75
672,83	-380,92
673,02	-393,21
673,22	-352,25
673,41	-493,56
673,61	-413,69
673,81	-487,42
674,00	-354,30
674,20	-389,11
674,39	-327,68
674,59	-415,74
674,78	-415,74
674,98	-448,51
675,18	-458,74
675,37	-253,95
675,57	-442,36
675,76	-374,78
675,96	-419,83
676,15	-323,58
676,35	-387,07
676,55	-518,14
676,74	-450,55
676,94	-376,83
677,13	-423,93
677,33	-313,34
677,52	-423,93
677,72	-407,55
677,91	-436,22
678,11	-387,07
678,31	-399,35
678,50	-393,21
678,70	-391,16
678,89	-405,50
679,09	-339,96
679,28	-360,44
679,48	-397,31
679,67	-385,02
679,87	-337,91
680,06	-292,86
680,26	-364,54
680,46	-360,44
680,65	-485,37
680,85	-374,78
681,04	-327,67
681,24	-317,44
681,43	-370,68
681,63	-364,54
681,82	-483,32
682,02	-438,27
682,21	-331,77
682,41	-268,28
682,60	-329,72
682,80	-354,30
682,99	-348,15
683,19	-317,44
683,38	-350,20
683,58	-331,77
683,77	-352,25
683,97	-364,54
684,16	-272,38
684,36	-321,53
684,55	-385,02
684,75	-333,82
684,94	-430,07
685,14	-303,10
685,33	-364,54
685,53	-333,82
685,72	-190,46
685,92	-329,72
686,11	-339,96
686,31	-337,91
686,50	-294,91
686,70	-274,43
686,89	-339,96
687,09	-376,83
687,28	-337,91
687,48	-362,49
687,67	-247,80
687,87	-366,59
688,06	-319,48
688,26	-296,96
688,45	-178,17
688,65	-311,29
688,84	-307,20
689,03	-258,04
689,23	-368,63
689,42	-286,72
689,62	-299,00
689,81	-348,15
690,01	-253,95
690,20	-301,05
690,40	-344,06
690,59	-268,28
690,79	-292,86
690,98	-256,00
691,17	-288,76
691,37	-292,86
691,56	-339,96
691,76	-307,20
691,95	-294,91
692,15	-344,06
692,34	-262,14
692,54	-256,00
692,73	-354,30
692,92	-286,72
693,12	-401,40
693,31	-348,15
693,51	-319,48
693,70	-294,91
693,90	-258,04
694,09	-286,72
694,28	-331,77
694,48	-329,72
694,67	-354,30
694,87	-313,34
695,06	-356,35
695,26	-477,18
695,45	-413,69
695,64	-389,11
695,84	-315,39
696,03	-333,82
696,23	-448,51
696,42	-288,76
696,61	-409,59
696,81	-389,11
697,00	-364,54
697,20	-362,49
697,39	-514,04
697,58	-333,82
697,78	-403,45
697,97	-337,91
698,17	-315,39
698,36	-421,88
698,55	-303,10
698,75	-323,58
698,94	-268,28
699,14	-348,15
699,33	-385,02
699,52	-292,86
699,72	-415,74
699,91	-468,98
700,10	-329,72
700,30	-415,74
700,49	-452,60
700,69	-376,83
700,88	-399,35
701,07	-348,15
701,27	-501,75
701,46	-487,42
701,65	-385,02
701,85	-475,13
702,04	-364,54
702,23	-307,20
702,43	-350,20
702,62	-227,32
702,82	-344,06
703,01	-333,82
703,20	-468,98
703,40	-319,48
703,59	-294,91
703,78	-274,43
703,98	-438,27
704,17	-421,88
704,36	-446,46
704,56	-405,50
704,75	-348,15
704,94	-530,42
705,14	-327,67
705,33	-524,28
705,52	-401,40
705,72	-483,32
705,91	-399,35
706,10	-421,88
706,30	-462,84
706,49	-440,31
706,68	-380,92
706,88	-374,78
707,07	-430,07
707,26	-409,59
707,46	-325,63
707,65	-315,39
707,84	-387,07
708,04	-405,50
708,23	-425,98
708,42	-321,53
708,62	-374,78
708,81	-497,66
709,00	-438,27
709,19	-352,25
709,39	-430,07
709,58	-358,39
709,77	-499,70
709,97	-264,19
710,16	-387,07
710,35	-403,45
710,55	-448,51
710,74	-534,52
710,93	-309,24
711,12	-342,01
711,32	-458,75
711,51	-407,55
711,70	-464,89
711,90	-344,06
712,09	-362,49
712,28	-491,51
712,47	-462,84
712,67	-387,07
712,86	-442,36
713,05	-401,40
713,24	-542,71
713,44	-339,96
713,63	-356,35
713,82	-462,84
714,02	-432,12
714,21	-344,06
714,40	-456,70
714,59	-428,03
714,79	-362,49
714,98	-270,33
715,17	-348,15
715,36	-399,35
715,56	-335,87
715,75	-385,02
715,94	-305,15
716,13	-253,95
716,33	-278,52
716,52	-362,49
716,71	-315,39
716,90	-425,98
717,10	-399,35
717,29	-415,74
717,48	-323,58
717,67	-311,29
717,87	-389,11
718,06	-346,11
718,25	-380,92
718,44	-366,59
718,63	-344,06
718,83	-348,15
719,02	-321,53
719,21	-354,30
719,40	-327,67
719,60	-387,07
719,79	-395,26
719,98	-446,46
720,17	-301,05
720,36	-266,24
720,56	-319,48
720,75	-405,50
720,94	-407,55
721,13	-471,03
721,33	-274,43
721,52	-421,88
721,71	-284,67
721,90	-350,20
722,09	-342,01
722,29	-434,17
722,48	-413,69
722,67	-286,72
722,86	-444,41
723,05	-274,43
723,24	-333,82
723,44	-423,93
723,63	-317,44
723,82	-481,27
724,01	-305,15
724,20	-368,63
724,40	-444,41
724,59	-378,87
724,78	-350,20
724,97	-399,35
725,16	-301,05
725,35	-354,30
725,55	-411,64
725,74	-335,87
725,93	-440,31
726,12	-434,17
726,31	-366,59
726,51	-413,69
726,70	-421,88
726,89	-475,13
727,08	-499,70
727,27	-415,74
727,46	-331,77
727,65	-421,88
727,85	-382,97
728,04	-374,78
728,23	-387,07
728,42	-276,48
728,61	-344,06
728,80	-419,83
729,00	-489,46
729,19	-397,31
729,38	-370,68
729,57	-376,83
729,76	-452,60
729,95	-385,02
730,14	-489,46
730,33	-364,54
730,53	-425,98
730,72	-466,94
730,91	-362,49
731,10	-364,54
731,29	-460,79
731,48	-307,20
731,67	-397,31
731,86	-563,19
732,06	-421,88
732,25	-440,31
732,44	-415,74
732,63	-440,31
732,82	-401,40
733,01	-438,27
733,20	-434,17
733,39	-303,10
733,59	-460,79
733,78	-505,85
733,97	-458,75
734,16	-430,07
734,35	-325,63
734,54	-430,07
734,73	-380,92
734,92	-415,74
735,11	-460,79
735,30	-342,01
735,49	-485,37
735,69	-372,73
735,88	-440,31
736,07	-536,57
736,26	-479,22
736,45	-430,07
736,64	-491,51
736,83	-407,55
737,02	-407,55
737,21	-450,55
737,40	-567,29
737,59	-579,58
737,78	-407,55
737,98	-372,73
738,17	-411,64
738,36	-493,56
738,55	-555,00
738,74	-434,17
738,93	-387,07
739,12	-466,94
739,31	-413,69
739,50	-423,93
739,69	-456,70
739,88	-546,81
740,07	-452,60
740,26	-503,80
740,45	-460,79
740,64	-450,55
740,83	-481,27
741,02	-481,27
741,22	-477,18
741,41	-536,57
741,60	-434,17
741,79	-391,16
741,98	-419,83
742,17	-452,60
742,36	-450,55
742,55	-495,61
742,74	-456,70
742,93	-344,06
743,12	-524,28
743,31	-434,17
743,50	-473,08
743,69	-499,70
743,88	-487,42
744,07	-436,22
744,26	-565,24
744,45	-411,64
744,64	-290,81
744,83	-444,41
745,02	-581,62
745,21	-448,51
745,40	-444,41
745,59	-505,85
745,78	-397,31
745,97	-509,94
746,16	-434,17
746,35	-497,66
746,54	-354,30
746,73	-468,98
746,92	-405,50
747,11	-432,12
747,30	-374,78
747,49	-448,51
747,68	-468,98
747,87	-475,13
748,06	-585,72
748,25	-471,03
748,44	-405,50
748,63	-413,69
748,82	-432,12
749,01	-475,13
749,20	-391,16
749,39	-391,16
749,58	-438,27
749,77	-428,03
749,96	-409,59
750,15	-434,17
750,34	-391,16
750,53	-444,41
750,72	-372,73
750,91	-489,46
751,10	-432,12
751,29	-489,46
751,48	-344,06
751,67	-419,83
751,86	-446,46
752,04	-380,92
752,23	-362,49
752,42	-509,94
752,61	-493,56
752,80	-356,35
752,99	-434,17
753,18	-526,33
753,37	-385,02
753,56	-448,51
753,75	-432,12
753,94	-460,79
754,13	-446,46
754,32	-485,37
754,51	-417,79
754,70	-417,79
754,89	-468,98
755,08	-368,63
755,27	-305,15
755,45	-372,73
755,64	-380,92
755,83	-436,22
756,02	-299,00
756,21	-280,57
756,40	-352,25
756,59	-348,15
756,78	-362,49
756,97	-305,15
757,16	-358,39
757,35	-296,96
757,54	-245,76
757,72	-288,76
757,91	-323,58
758,10	-225,28
758,29	-262,14
758,48	-223,23
758,67	-186,37
758,86	-319,48
759,05	-292,86
759,24	-350,20
759,43	-186,37
759,61	-245,76
759,80	-182,27
759,99	-264,19
760,18	-260,09
760,37	-176,13
760,56	-178,17
760,75	-190,46
760,94	-333,82
761,13	-116,73
761,31	-241,66
761,50	-169,98
761,69	-159,74
761,88	-32,77
762,07	-176,13
762,26	-118,78
762,45	-233,47
762,64	-223,23
762,82	-231,42
763,01	-108,54
763,20	-188,41
763,39	-102,40
763,58	-131,07
763,77	-243,71
763,96	-116,73
764,14	-172,03
764,33	-253,95
764,52	-174,08
764,71	-212,99
764,90	-239,61
765,09	-296,96
765,27	-233,47
765,46	-204,80
765,65	-194,56
765,84	-321,53
766,03	-221,18
766,22	-348,15
766,41	-360,44
766,59	-358,39
766,78	-180,22
766,97	-274,43
767,16	-278,52
767,35	-288,76
767,54	-376,83
767,72	-239,61
767,91	-321,53
768,10	-374,78
768,29	-368,63
768,48	-317,44
768,66	-352,25
768,85	-299,00
769,04	-350,20
769,23	-372,73
769,42	-532,47
769,61	-219,13
769,79	-405,50
769,98	-194,56
770,17	-440,31
770,36	-387,07
770,55	-342,01
770,73	-315,39
770,92	-415,74
771,11	-464,89
771,30	-419,83
771,49	-399,35
771,67	-368,63
771,86	-421,88
772,05	-370,68
772,24	-397,31
772,42	-391,16
772,61	-327,68
772,80	-325,63
772,99	-423,93
773,18	-317,44
773,36	-331,77
773,55	-376,83
773,74	-280,57
773,93	-407,55
774,11	-235,52
774,30	-333,82
774,49	-356,35
774,68	-380,92
774,87	-352,25
775,05	-348,15
775,24	-397,31
775,43	-348,15
775,62	-344,06
775,80	-323,58
775,99	-342,01
776,18	-374,78
776,37	-356,35
776,55	-350,20
776,74	-362,49
776,93	-290,81
777,12	-456,70
777,30	-321,53
777,49	-301,05
777,68	-327,67
777,87	-321,53
778,05	-382,97
778,24	-327,67
778,43	-282,62
778,62	-354,30
778,80	-434,17
778,99	-378,87
779,18	-366,59
779,36	-342,01
779,55	-274,43
779,74	-315,39
779,93	-305,15
780,11	-337,91
780,30	-299,00
780,49	-362,49
780,68	-219,13
780,86	-372,73
781,05	-397,31
781,24	-258,04
781,42	-313,34
781,61	-286,72
781,80	-274,43
781,98	-288,76
782,17	-415,74
782,36	-415,74
782,55	-241,66
782,73	-362,49
782,92	-323,58
783,11	-387,07
783,29	-266,24
783,48	-339,96
783,67	-405,50
783,85	-319,48
784,04	-301,05
784,23	-391,16
784,42	-282,62
784,60	-358,39
784,79	-299,00
784,98	-335,87
785,16	-319,48
785,35	-262,14
785,54	-198,65
785,72	-286,72
785,91	-296,96
786,10	-362,49
786,28	-403,45
786,47	-256,00
786,66	-249,85
786,84	-317,44
787,03	-303,10
787,22	-174,08
787,40	-362,49
787,59	-264,19
787,78	-339,96
787,96	-235,52
788,15	-219,13
788,34	-221,18
788,52	-294,91
788,71	-423,93
788,89	-258,04
789,08	-270,33
789,27	-299,00
789,45	-319,48
789,64	-204,80
789,83	-296,96
790,01	-399,35
790,20	-368,63
790,39	-282,62
790,57	-405,50
790,76	-262,14
790,95	-342,01
791,13	-264,19
791,32	-192,51
791,50	-311,29
791,69	-290,81
791,88	-262,14
792,06	-280,57
792,25	-358,39
792,43	-270,33
792,62	-294,91
792,81	-264,19
792,99	-292,86
793,18	-303,10
793,37	-309,24
793,55	-296,96
793,74	-319,48
793,92	-172,03
794,11	-241,66
794,30	-284,67
794,48	-272,38
794,67	-202,75
794,85	-210,94
795,04	-227,32
795,23	-253,95
795,41	-245,76
795,60	-202,75
795,78	-313,34
795,97	-266,24
796,15	-372,73
796,34	-342,01
796,53	-241,66
796,71	-370,68
796,90	-206,84
797,08	-237,56
797,27	-268,28
797,46	-260,09
797,64	-282,62
797,83	-258,04
798,01	-290,81
798,20	-382,97
798,38	-266,24
798,57	-307,20
798,76	-342,01
798,94	-337,91
799,13	-292,86
799,31	-278,52
799,50	-342,01
799,68	-364,54
799,87	-202,75
800,05	-323,58
800,24	-262,14
800,43	-249,85
800,61	-327,67
800,80	-231,42
800,98	-290,81
801,17	-339,96
801,35	-243,71
801,54	-348,15
801,72	-253,95
801,91	-280,57
802,09	-264,19
802,28	-284,67
802,46	-301,05
802,65	-276,48
802,84	-227,32
803,02	-296,96
803,21	-210,94
803,39	-317,44
803,58	-342,01
803,76	-266,24
803,95	-350,20
804,13	-241,66
804,32	-251,90
804,50	-245,76
804,69	-339,96
804,87	-233,47
805,06	-198,65
805,24	-325,63
805,43	-268,28
805,61	-233,47
805,80	-258,04
805,98	-221,18
806,17	-348,15
806,35	-221,18
806,54	-260,09
806,72	-313,34
806,91	-309,24
807,09	-266,24
807,28	-307,20
807,46	-155,65
807,65	-344,06
807,83	-286,72
808,02	-122,88
808,20	-251,90
808,39	-280,57
808,57	-301,05
808,76	-227,32
808,94	-319,48
809,13	-245,76
809,31	-237,56
809,49	-290,81
809,68	-233,47
809,86	-276,48
810,05	-233,47
810,23	-313,34
810,42	-272,38
810,60	-276,48
810,79	-309,24
810,97	-286,72
811,16	-305,15
811,34	-184,32
811,53	-145,41
811,71	-286,72
811,89	-190,46
812,08	-96,25
812,26	-223,23
812,45	-237,56
812,63	-210,94
812,82	-231,42
813,00	-243,71
813,19	-202,75
813,37	-245,76
813,55	-217,08
813,74	-235,52
813,92	-184,32
814,11	-229,37
814,29	-321,53
814,48	-348,15
814,66	-262,14
814,84	-301,05
815,03	-239,61
815,21	-200,70
815,40	-184,32
815,58	-149,50
815,77	-139,26
815,95	-200,70
816,13	-116,73
816,32	-159,74
816,50	-225,28
816,69	-204,80
816,87	-192,51
817,05	-131,07
817,24	-157,69
817,42	-145,41
817,61	-182,27
817,79	-167,93
817,97	-178,17
818,16	-231,42
818,34	-188,41
818,53	-223,23
818,71	-180,22
818,89	-180,22
819,08	-274,43
819,26	-153,60
819,45	-147,45
819,63	-143,36
819,81	-184,32
820,00	-112,64
820,18	-208,89
820,36	-129,02
820,55	-112,64
820,73	-147,45
820,92	-311,29
821,10	-190,46
821,28	-264,19
821,47	-231,42
821,65	-245,76
821,83	-184,32
822,02	-178,17
822,20	-182,27
822,39	-161,79
822,57	-307,20
822,75	-233,47
822,94	-215,04
823,12	-104,45
823,30	-169,98
823,49	-172,03
823,67	-258,04
823,85	-102,40
824,04	-217,08
824,22	-182,27
824,40	-184,32
824,59	-198,65
824,77	-231,42
824,95	-151,55
825,14	-151,55
825,32	-157,69
825,50	-124,93
825,69	-233,47
825,87	-188,41
826,05	-192,51
826,24	-139,26
826,42	-32,77
826,60	-102,40
826,79	-163,84
826,97	-153,60
827,15	-286,72
827,34	-194,56
827,52	-163,84
827,70	-174,08
827,89	-270,33
828,07	-32,77
828,25	-245,76
828,44	-258,04
828,62	-163,84
828,80	-219,13
828,98	-227,32
829,17	-106,49
829,35	-157,69
829,53	-217,08
829,72	-110,59
829,90	-167,93
830,08	-219,13
830,27	-157,69
830,45	-217,08
830,63	-229,37
830,81	-106,49
831,00	-131,07
831,18	-202,75
831,36	-251,90
831,55	-264,19
831,73	-192,51
831,91	-100,35
832,09	-135,17
832,28	-69,63
832,46	-219,13
832,64	-94,21
832,82	-190,46
833,01	-288,76
833,19	-202,75
833,37	-251,90
833,55	-245,76
833,74	-122,88
833,92	-79,87
834,10	-151,55
834,29	-124,93
834,47	-149,50
834,65	-165,89
834,83	-188,41
835,02	-241,66
835,20	-231,42
835,38	-122,88
835,56	-126,97
835,75	-172,03
835,93	-174,08
836,11	-122,88
836,29	-251,90
836,47	-219,13
836,66	-188,41
836,84	-188,41
837,02	-206,84
837,20	-167,93
837,39	-116,73
837,57	-256,00
837,75	-61,44
837,93	-217,08
838,12	-237,56
838,30	-186,37
838,48	-188,41
838,66	-92,16
838,84	-94,21
839,03	-194,56
839,21	-190,46
839,39	-251,90
839,57	-215,04
839,75	-139,26
839,94	-182,27
840,12	-167,93
840,30	-159,74
840,48	-63,49
840,66	-208,89
840,85	-227,32
841,03	-75,77
841,21	-157,69
841,39	-129,02
841,57	-212,99
841,76	-180,22
841,94	-169,98
842,12	-161,79
842,30	-206,84
842,48	-253,95
842,67	-190,46
842,85	-75,77
843,03	-149,50
843,21	-208,89
843,39	-186,37
843,57	-227,32
843,76	-188,41
843,94	-212,99
844,12	-94,21
844,30	-215,04
844,48	-245,76
844,66	-122,88
844,85	-178,17
845,03	-249,85
845,21	-182,27
845,39	-143,36
845,57	-149,50
845,75	-196,61
845,94	-176,13
846,12	-55,30
846,30	-149,50
846,48	-174,08
846,66	-157,69
846,84	-143,36
847,02	-192,51
847,21	-221,18
847,39	-229,37
847,57	-208,89
847,75	-178,17
847,93	-88,06
848,11	-208,89
848,29	-169,98
848,48	-233,47
848,66	-94,21
848,84	-104,45
849,02	-147,45
849,20	-204,80
849,38	-139,26
849,56	-147,45
849,74	-188,41
849,93	-141,31
850,11	-198,65
850,29	-184,32
850,47	-63,49
850,65	-57,34
850,83	-180,22
851,01	-163,84
851,19	-313,34
851,37	-235,52
851,56	-196,61
851,74	-157,69
851,92	-239,61
852,10	-110,59
852,28	-131,07
852,46	-176,13
852,64	-161,79
852,82	-163,84
853,00	-61,44
853,18	-73,73
853,37	-194,56
853,55	-126,97
853,73	-153,60
853,91	-131,07
854,09	-217,08
854,27	-176,13
854,45	-92,16
854,63	-186,37
854,81	-143,36
854,99	-90,11
855,17	-151,55
855,35	-63,49
855,53	-159,74
855,72	-169,98
855,90	-92,16
856,08	-165,89
856,26	-157,69
856,44	-196,61
856,62	-110,59
856,80	-178,17
856,98	-172,03
857,16	-147,45
857,34	-208,89
857,52	-129,02
857,70	-118,78
857,88	-204,80
858,06	-204,80
858,24	-114,69
858,42	-81,92
858,60	-73,73
858,78	-116,73
858,96	-186,37
859,15	-65,54
859,33	-161,79
859,51	-188,41
859,69	-118,78
859,87	-114,69
860,05	-88,06
860,23	-139,26
860,41	-178,17
860,59	-137,21
860,77	-151,55
860,95	-180,22
861,13	-178,17
861,31	-143,36
861,49	-114,69
861,67	-149,50
861,85	-124,93
862,03	-161,79
862,21	-124,93
862,39	-112,64
862,57	-143,36
862,75	-75,77
862,93	-106,49
863,11	-227,32
863,29	-92,16
863,47	-163,84
863,65	-180,22
863,83	-108,54
864,01	-77,82
864,19	-131,07
864,37	-65,54
864,55	-16,38
864,73	-161,79
864,91	-229,37
865,09	-69,63
865,27	-153,60
865,45	-98,30
865,63	-133,12
865,81	-88,06
865,99	-159,74
866,17	-153,60
866,35	-159,74
866,53	-90,11
866,71	-133,12
866,89	-69,63
867,07	-22,53
867,24	-161,79
867,42	-163,84
867,60	-157,69
867,78	-75,77
867,96	-124,93
868,14	-215,04
868,32	-73,73
868,50	-122,88
868,68	-73,73
868,86	-102,40
869,04	-139,26
869,22	12,29
869,40	-114,69
869,58	-59,39
869,76	-88,06
869,94	-151,55
870,12	-188,41
870,30	-67,58
870,48	-157,69
870,66	-145,41
870,83	-114,69
871,01	-112,64
871,19	-165,89
871,37	-149,50
871,55	-26,62
871,73	-231,42
871,91	-182,27
872,09	-67,58
872,27	-176,13
872,45	-167,93
872,63	-139,26
872,81	-120,83
872,98	-139,26
873,16	-4,10
873,34	-79,87
873,52	-204,80
873,70	6,14
873,88	-225,28
874,06	-104,45
874,24	-133,12
874,42	-147,45
874,60	-104,45
874,78	-51,20
874,95	-49,15
875,13	4,10
875,31	-88,06
875,49	-149,50
875,67	-174,08
875,85	-120,83
876,03	-153,60
876,21	-161,79
876,39	-61,44
876,56	-167,93
876,74	-112,64
876,92	-30,72
877,10	-196,61
877,28	-190,46
877,46	-100,35
877,64	-165,89
877,82	-137,21
877,99	-55,30
878,17	-98,30
878,35	-63,49
878,53	-51,20
878,71	43,01
878,89	-153,60
879,07	-139,26
879,24	-69,63
879,42	-83,97
879,60	-122,88
879,78	-178,17
879,96	-198,65
880,14	45,06
880,32	-4,10
880,49	-38,91
880,67	-45,06
880,85	8,19
881,03	-55,30
881,21	-90,11
881,39	-63,49
881,56	-120,83
881,74	-71,68
881,92	-26,62
882,10	-163,84
882,28	-10,24
882,46	-110,59
882,63	-59,39
882,81	-194,56
882,99	-55,30
883,17	-30,72
883,35	-94,21
883,52	-135,17
883,70	-178,17
883,88	-145,41
884,06	-106,49
884,24	-49,15
884,42	-163,84
884,59	-124,93
884,77	-129,02
884,95	-40,96
885,13	-61,44
885,31	-161,79
885,48	-75,77
885,66	-116,73
885,84	-96,25
886,02	-167,93
886,20	-137,21
886,37	-18,43
886,55	-190,46
886,73	-4,10
886,91	-102,40
887,08	-106,49
887,26	-176,13
887,44	-159,74
887,62	-141,31
887,80	-133,12
887,97	-69,63
888,15	-184,32
888,33	20,48
888,51	-147,45
888,68	-75,77
888,86	-81,92
889,04	-75,77
889,22	-38,91
889,40	-22,53
889,57	-106,49
889,75	30,72
889,93	-71,68
890,11	-98,30
890,28	-124,93
890,46	-53,25
890,64	-192,51
890,82	-71,68
890,99	-63,49
891,17	-174,08
891,35	-18,43
891,53	-65,54
891,70	-88,06
891,88	-157,69
892,06	-53,25
892,24	-59,39
892,41	-45,06
892,59	-210,94
892,77	-67,58
892,94	-88,06
893,12	-120,83
893,30	-116,73
893,48	-100,35
893,65	-161,79
893,83	-114,69
894,01	-215,04
894,19	-135,17
894,36	6,14
894,54	-120,83
894,72	-45,06
894,89	-53,25
895,07	-12,29
895,25	-86,01
895,43	-71,68
895,60	-102,40
895,78	-118,78
895,96	-122,88
896,13	-73,73
896,31	-126,97
896,49	-110,59
896,66	-71,68
896,84	-90,11
897,02	-51,20
897,20	-81,92
897,37	-151,55
897,55	-106,49
897,73	2,05
897,90	-114,69
898,08	-63,49
898,26	-36,86
898,43	-10,24
898,61	-98,30
898,79	-49,15
898,96	-65,53
899,14	-36,86
899,32	-8,19
899,49	-81,92
899,67	-106,49
899,85	-61,44
900,02	-34,82
900,20	-69,63
900,38	-81,92
900,55	-135,17
900,73	-14,34
900,91	-30,72
901,08	-90,11
901,26	-69,63
901,44	-20,48
901,61	26,62
901,79	-151,55
901,97	-114,69
902,14	-98,30
902,32	-141,31
902,50	-36,86
902,67	-51,20
902,85	-190,46
903,02	-34,82
903,20	-45,06
903,38	-104,45
903,55	-57,34
903,73	2,05
903,91	-106,49
904,08	4,10
904,26	-77,82
904,44	-4,10
904,61	-40,96
904,79	34,82
904,96	-81,92
905,14	18,43
905,32	0,00
905,49	40,96
905,67	-108,54
905,84	-90,11
906,02	-81,92
906,20	-86,01
906,37	59,39
906,55	-24,58
906,73	-180,22
906,90	71,68
907,08	-51,20
907,25	-63,49
907,43	-16,38
907,61	-55,30
907,78	-65,54
907,96	-69,63
908,13	14,34
908,31	-49,15
908,48	16,38
908,66	-81,92
908,84	-81,92
909,01	-124,93
909,19	-88,06
909,36	-73,73
909,54	-28,67
909,72	-67,58
909,89	20,48
910,07	-43,01
910,24	20,48
910,42	-110,59
910,59	-26,62
910,77	-104,45
910,95	-174,08
911,12	-94,21
911,30	-43,01
911,47	-47,10
911,65	-92,16
911,82	-61,44
912,00	-172,03
912,17	-12,29
912,35	-40,96
912,53	-36,86
912,70	-98,30
912,88	-34,82
913,05	-86,01
913,23	-86,01
913,40	-75,77
913,58	-79,87
913,75	-40,96
913,93	-90,11
914,10	-110,59
914,28	-20,48
914,46	-118,78
914,63	-104,45
914,81	2,05
914,98	-47,10
915,16	-145,41
915,33	116,73
915,51	30,72
915,68	-65,54
915,86	-47,10
916,03	-24,58
916,21	-100,35
916,38	-96,25
916,56	-86,01
916,73	-49,15
916,91	-67,58
917,08	-75,77
917,26	-45,06
917,43	-63,49
917,61	-43,01
917,78	-18,43
917,96	-12,29
918,13	2,05
918,31	-43,01
918,48	-32,77
918,66	-53,25
918,83	-90,11
919,01	-57,34
919,18	-63,49
919,36	-137,21
919,53	-34,82
919,71	-57,34
919,88	10,24
920,06	-47,10
920,23	-38,91
920,41	43,01
920,58	8,19
920,76	-24,58
920,93	4,10
921,11	-57,34
921,28	-114,69
921,45	14,34
921,63	24,58
921,80	38,91
921,98	-40,96
922,15	-69,63
922,33	-196,61
922,50	-36,86
922,68	-135,17
922,85	-10,24
923,03	-38,91
923,20	-98,30
923,38	-143,36
923,55	-36,86
923,72	-10,24
923,90	-63,49
924,07	-43,01
924,25	-57,34
924,42	-47,10
924,60	-49,15
924,77	-63,49
924,95	-22,53
925,12	-16,38
925,29	18,43
925,47	-49,15
925,64	-4,10
925,82	-43,01
925,99	-8,19
926,17	55,30
926,34	-51,20
926,51	-94,21
926,69	-104,45
926,86	-61,44
927,04	24,58
927,21	20,48
927,38	65,54
927,56	8,19
927,73	-124,93
927,91	-45,06
928,08	6,14
928,25	0,00
928,43	45,06
928,60	-90,11
928,78	-36,86
928,95	12,29
929,12	-51,20
929,30	-59,39
929,47	16,38
929,65	-71,68
929,82	-69,63
929,99	8,19
930,17	-32,77
930,34	-73,73
930,52	-34,82
930,69	-10,24
930,86	8,19
931,04	-4,10
931,21	-83,97
931,38	-40,96
931,56	-4,10
931,73	55,30
931,91	-18,43
932,08	-83,97
932,25	-65,54
932,43	65,53
932,60	-104,45
932,77	-100,35
932,95	18,43
933,12	10,24
933,29	16,38
933,47	-61,44
933,64	43,01
933,82	86,01
933,99	-81,92
934,16	51,20
934,34	18,43
934,51	65,54
934,68	96,25
934,86	43,01
935,03	10,24
935,20	-12,29
935,38	92,16
935,55	-49,15
935,72	26,62
935,90	0,00
936,07	26,62
936,24	32,77
936,42	-83,97
936,59	24,58
936,76	-92,16
936,94	57,34
937,11	-16,38
937,28	6,14
937,46	-43,01
937,63	-40,96
937,80	14,34
937,97	40,96
938,15	-4,10
938,32	24,58
938,49	32,77
938,67	59,39
938,84	92,16
939,01	-2,05
939,19	-12,29
939,36	-83,97
939,53	14,34
939,70	-32,77
939,88	-8,19
940,05	-22,53
940,22	-14,34
940,40	-20,48
940,57	69,63
940,74	8,19
940,92	-20,48
941,09	96,25
941,26	45,06
941,43	55,30
941,61	-38,91
941,78	-100,35
941,95	-57,34
942,12	-10,24
942,30	-14,34
942,47	-22,53
942,64	45,06
942,82	-18,43
942,99	12,29
943,16	4,10
943,33	8,19
943,51	-12,29
943,68	26,62
943,85	-28,67
944,02	12,29
944,20	-16,38
944,37	75,77
944,54	-28,67
944,71	34,82
944,89	22,53
945,06	55,30
945,23	53,25
945,40	16,38
945,58	20,48
945,75	4,10
945,92	16,38
946,09	-43,01
946,27	49,15
946,44	-77,82
946,61	-30,72
946,78	-22,53
946,95	69,63
947,13	-45,06
947,30	36,86
947,47	43,01
947,64	-20,48
947,82	-61,44
947,99	-47,10
948,16	-8,19
948,33	-73,73
948,50	73,73
948,68	-47,10
948,85	4,10
949,02	22,53
949,19	-8,19
949,36	2,05
949,54	38,91
949,71	-98,30
949,88	49,15
950,05	34,82
950,22	-77,82
950,40	24,58
950,57	32,77
950,74	22,53
950,91	36,86
951,08	-6,14
951,26	98,30
951,43	-69,63
951,60	-10,24
951,77	30,72
951,94	0,00
952,11	65,53
952,29	-38,91
952,46	-12,29
952,63	194,56
952,80	24,58
952,97	-36,86
953,15	73,73
953,32	-8,19
953,49	-22,53
953,66	-2,05
953,83	2,05
954,00	38,91
954,17	135,17
954,35	16,38
954,52	-49,15
954,69	-49,15
954,86	20,48
955,03	-4,10
955,20	-18,43
955,38	-30,72
955,55	106,49
955,72	12,29
955,89	55,30
956,06	-12,29
956,23	-4,10
956,40	-61,44
956,58	55,30
956,75	6,14
956,92	-43,01
957,09	79,87
957,26	36,86
957,43	30,72
957,60	20,48
957,77	-40,96
957,95	-59,39
958,12	18,43
958,29	-63,49
958,46	65,53
958,63	51,20
958,80	2,05
958,97	49,15
959,14	14,34
959,31	-10,24
959,49	32,77
959,66	-18,43
959,83	-20,48
960,00	-43,01
960,17	-26,62
960,34	-2,05
960,51	28,67
960,68	-22,53
960,85	36,86
961,02	-81,92
961,20	55,30
961,37	61,44
961,54	40,96
961,71	10,24
961,88	24,58
962,05	26,62
962,22	20,48
962,39	47,10
962,56	22,53
962,73	-10,24
962,90	-61,44
963,07	-10,24
963,24	65,54
963,42	61,44
963,59	51,20
963,76	45,06
963,93	-14,34
964,10	24,58
964,27	-69,63
964,44	2,05
964,61	-53,25
964,78	-122,88
964,95	26,62
965,12	145,41
965,29	-28,67
965,46	14,34
965,63	-102,40
965,80	0,00
965,97	-16,38
966,14	-14,34
966,31	-55,30
966,48	32,77
966,66	0,00
966,83	-51,20
967,00	10,24
967,17	174,08
967,34	86,01
967,51	-16,38
967,68	10,24
967,85	32,77
968,02	-86,01
968,19	63,49
968,36	-63,49
968,53	-67,58
968,70	-6,14
968,87	6,14
969,04	-79,87
969,21	-57,34
969,38	-12,29
969,55	8,19
969,72	6,14
969,89	24,58
970,06	6,14
970,23	-32,77
970,40	22,53
970,57	-45,06
970,74	22,53
970,91	34,82
971,08	-4,10
971,25	28,67
971,42	-51,20
971,59	20,48
971,76	-10,24
971,93	0,00
972,10	43,01
972,27	-38,91
972,44	49,15
972,61	-6,14
972,78	-57,34
972,95	-57,34
973,12	18,43
973,29	-2,05
973,46	32,77
973,63	8,19
973,80	-28,67
973,97	83,97
974,14	106,49
974,30	34,82
974,47	36,86
974,64	30,72
974,81	-2,05
974,98	12,29
975,15	83,97
975,32	-12,29
975,49	-43,01
975,66	-24,58
975,83	-4,10
976,00	20,48
976,17	12,29
976,34	18,43
976,51	-53,25
976,68	0,00
976,85	-2,05
977,02	83,97
977,19	90,11
977,36	-16,38
977,52	-2,05
977,69	71,68
977,86	-77,82
978,03	-26,62
978,20	-34,82
978,37	-124,93
978,54	20,48
978,71	22,53
978,88	12,29
979,05	-12,29
979,22	55,30
979,39	14,34
979,56	40,96
979,72	86,01
979,89	38,91
980,06	49,15
980,23	81,92
980,40	-86,01
980,57	26,62
980,74	22,53
980,91	-16,38
981,08	26,62
981,25	20,48
981,41	-20,48
981,58	-4,10
981,75	90,11
981,92	2,05
982,09	22,53
982,26	-16,38
982,43	12,29
982,60	-47,10
982,77	8,19
982,93	61,44
983,10	104,45
983,27	-49,15
983,44	73,73
983,61	38,91
983,78	63,49
983,95	-4,10
984,11	96,25
984,28	-53,25
984,45	-22,53
984,62	-43,01
984,79	-59,39
984,96	28,67
985,13	-108,54
985,30	49,15
985,46	-12,29
985,63	-77,82
985,80	55,30
985,97	-155,65
986,14	-57,34
986,31	34,82
986,47	8,19
986,64	90,11
986,81	-100,35
986,98	-53,25
987,15	-32,77
987,32	-6,14
987,48	118,78
987,65	-96,25
987,82	38,91
987,99	34,82
988,16	106,49
988,33	-81,92
988,49	2,05
988,66	24,58
988,83	-51,20
989,00	77,82
989,17	-4,10
989,34	8,19
989,50	28,67
989,67	-81,92
989,84	38,91
990,01	-124,93
990,18	-4,10
990,34	26,62
990,51	65,54
990,68	32,77
990,85	36,86
991,02	-63,49
991,18	73,73
991,35	40,96
991,52	-45,06
991,69	104,45
991,86	-18,43
992,02	38,91
992,19	12,29
992,36	-86,01
992,53	-6,14
992,69	40,96
992,86	63,49
993,03	-8,19
993,20	-6,14
993,37	61,44
993,53	20,48
993,70	100,35
993,87	-149,50
994,04	-120,83
994,20	-12,29
994,37	-8,19
994,54	49,15
994,71	-28,67
994,87	-81,92
995,04	71,68
995,21	102,40
995,38	-28,67
995,55	-83,97
995,71	-120,83
995,88	14,34
996,05	51,20
996,22	-104,45
996,38	-36,86
996,55	10,24
996,72	-8,19
996,88	100,35
997,05	61,44
997,22	-10,24
997,39	96,25
997,55	-28,67
997,72	22,53
997,89	18,43
998,06	-8,19
998,22	75,77
998,39	6,14
998,56	-24,58
998,73	-10,24
998,89	4,10
999,06	36,86
999,23	20,48
999,39	67,58
999,56	114,69
999,73	-22,53
999,90	34,82
1000,06	55,30
1000,23	-8,19
1000,40	49,15
1000,56	51,20
1000,73	-16,38
1000,90	-69,63
1001,06	-20,48
1001,23	2,05
1001,40	47,10
1001,57	-16,38
1001,73	75,77
1001,90	14,34
1002,07	-43,01
1002,23	16,38
1002,40	-57,34
1002,57	26,62
1002,73	-30,72
1002,90	-32,77
1003,07	-6,14
1003,23	92,16
1003,40	-104,45
1003,57	30,72
1003,73	26,62
1003,90	-4,10
1004,07	-32,77
1004,23	-4,10
1004,40	10,24
1004,57	71,68
1004,73	12,29
1004,90	2,05
1005,07	16,38
1005,23	28,67
1005,40	43,01
1005,57	-22,53
1005,73	-45,06
1005,90	2,05
1006,07	34,82
1006,23	-28,67
1006,40	98,30
1006,57	61,44
1006,73	86,01
1006,90	94,21
1007,06	28,67
1007,23	30,72
1007,40	-8,19
1007,56	-90,11
1007,73	-18,43
1007,90	-96,25
1008,06	49,15
1008,23	67,58
1008,40	-47,10
1008,56	116,73
1008,73	0,00
1008,89	28,67
1009,06	12,29
1009,23	22,53
1009,39	55,30
1009,56	-34,82
1009,72	-40,96
1009,89	2,05
1010,06	61,44
1010,22	-59,39
1010,39	96,25
1010,55	51,20
1010,72	-6,14
1010,89	38,91
1011,05	18,43
1011,22	67,58
1011,38	-94,21
1011,55	65,53
1011,72	-10,24
1011,88	18,43
1012,05	22,53
1012,21	-2,05
1012,38	36,86
1012,55	24,58
1012,71	43,01
1012,88	112,64
1013,04	26,62
1013,21	45,06
1013,37	38,91
1013,54	-94,21
1013,71	-2,05
1013,87	14,34
1014,04	22,53
1014,20	24,58
1014,37	100,35
1014,53	-110,59
1014,70	86,01
1014,87	-4,10
1015,03	32,77
1015,20	126,97
1015,36	55,30
1015,53	-34,82
1015,69	-38,91
1015,86	-20,48
1016,02	24,58
1016,19	8,19
1016,36	-2,05
1016,52	-61,44
1016,69	-2,05
1016,85	-92,16
1017,02	47,10
1017,18	16,38
1017,35	-26,62
1017,51	96,25
1017,68	24,58
1017,84	-22,53
1018,01	-24,58
1018,17	104,45
1018,34	96,25
1018,50	-24,58
1018,67	4,10
1018,84	79,87
1019,00	20,48
1019,17	53,25
1019,33	96,25
1019,50	-28,67
1019,66	0,00
1019,83	43,01
1019,99	-49,15
1020,16	55,30
1020,32	20,48
1020,49	36,86
1020,65	20,48
1020,82	-10,24
1020,98	-10,24
1021,15	36,86
1021,31	10,24
1021,48	6,14
1021,64	22,53
1021,81	-45,06
1021,97	40,96
1022,14	32,77
1022,30	-26,62
1022,47	-61,44
1022,63	12,29
1022,79	-86,01
1022,96	55,30
1023,12	116,73
1023,29	-30,72
1023,45	-69,63
1023,62	145,41
1023,78	-28,67
1023,95	67,58
1024,11	-53,25
1024,28	-24,58
1024,44	-49,15
1024,61	-45,06
1024,77	-61,44
1024,94	57,34
1025,10	20,48
1025,26	-12,29
1025,43	-92,16
1025,59	18,43
1025,76	129,02
1025,92	-12,29
1026,09	-57,34
1026,25	-88,06
1026,42	53,25
1026,58	18,43
1026,74	-73,73
1026,91	-77,82
1027,07	102,40
1027,24	69,63
1027,40	-57,34
1027,57	-38,91
1027,73	14,34
1027,90	98,30
1028,06	24,58
1028,22	38,91
1028,39	-4,10
1028,55	-16,38
1028,72	36,86
1028,88	-32,77
1029,04	-49,15
1029,21	51,20
1029,37	22,53
1029,54	88,06
1029,70	-81,92
1029,87	0,00
1030,03	14,34
1030,19	0,00
1030,36	67,58
1030,52	47,10
1030,69	57,34
1030,85	67,58
1031,01	-47,10
1031,18	-102,40
1031,34	174,08
1031,50	0,00
1031,67	-49,15
1031,83	61,44
1032,00	-30,72
1032,16	161,79
1032,32	-24,58
1032,49	-22,53
1032,65	55,30
1032,82	49,15
1032,98	-65,53
1033,14	-51,20
1033,31	77,82
1033,47	98,30
1033,63	63,49
1033,80	61,44
1033,96	53,25
1034,13	24,58
1034,29	8,19
1034,45	16,38
1034,62	0,00
1034,78	49,15
1034,94	81,92
1035,11	24,58
1035,27	122,88
1035,43	28,67
1035,60	-4,10
1035,76	51,20
1035,92	71,68
1036,09	-2,05
1036,25	59,39
1036,41	32,77
1036,58	34,82
1036,74	30,72
1036,90	18,43
1037,07	24,58
1037,23	4,10
1037,39	-8,19
1037,56	-12,29
1037,72	-49,15
1037,88	71,68
1038,05	-6,14
1038,21	28,67
1038,37	-100,35
1038,54	114,69
1038,70	-18,43
1038,86	14,34
1039,03	-65,54
1039,19	65,54
1039,35	12,29
1039,52	-77,82
1039,68	-43,01
1039,84	34,82
1040,00	38,91
1040,17	55,30
1040,33	-73,73
1040,49	47,10
1040,66	-45,06
1040,82	-45,06
1040,98	-26,62
1041,15	104,45
1041,31	49,15
1041,47	24,58
1041,63	110,59
1041,80	45,06
1041,96	22,53
1042,12	-32,77
1042,29	-10,24
1042,45	104,45
1042,61	-6,14
1042,77	102,40
1042,94	45,06
1043,10	-55,30
1043,26	51,20
1043,42	90,11
1043,59	-63,49
1043,75	30,72
1043,91	49,15
1044,07	-34,82
1044,24	-10,24
1044,40	40,96
