345,22	-100,35
345,44	-100,35
345,66	-100,35
345,88	24,58
346,10	104,45
346,32	67,58
346,54	81,92
346,75	59,39
346,97	-14,34
347,19	-75,77
347,41	92,16
347,63	-24,58
347,85	-36,86
348,07	14,34
348,29	-63,49
348,51	65,53
348,73	-30,72
348,95	-43,01
349,16	133,12
349,38	237,56
349,60	157,69
349,82	202,75
350,04	208,89
350,26	122,88
350,48	282,62
350,70	342,01
350,92	268,28
351,14	313,34
351,35	325,63
351,57	372,73
351,79	485,37
352,01	444,41
352,23	397,31
352,45	530,42
352,67	499,70
352,89	491,51
353,10	671,73
353,32	638,97
353,54	784,37
353,76	823,28
353,98	882,67
354,20	925,68
354,42	1015,79
354,64	1177,58
354,85	1210,35
355,07	1249,26
355,29	1267,69
355,51	1355,76
355,73	1591,27
355,95	1607,66
356,17	1652,71
356,38	1822,69
356,60	1955,81
356,82	2056,16
357,04	2199,52
357,26	2428,89
357,48	2521,05
357,69	2709,46
357,91	2801,62
358,13	3055,57
358,35	3319,76
358,57	3493,83
358,79	3598,28
359,01	3930,05
359,22	3975,11
359,44	4356,03
359,66	4749,24
359,88	4939,70
360,10	5070,77
360,32	5384,11
360,53	5728,17
360,75	6199,20
360,97	6674,33
361,19	7063,44
361,41	7640,97
361,62	8120,20
361,84	8744,83
362,06	9445,23
362,28	10104,68
362,50	11140,95
362,72	11784,01
362,93	12865,34
363,15	13948,72
363,37	15267,61
363,59	16013,07
363,81	17235,70
364,02	19050,21
364,24	20145,87
364,46	21610,17
364,68	23107,23
364,90	24614,54
365,11	26396,27
365,33	28005,97
365,55	29623,87
365,77	31725,08
365,99	33902,07
366,20	36058,59
366,42	37473,73
366,64	39261,61
366,86	41463,18
367,07	43971,94
367,29	45161,81
367,51	46458,17
367,73	47889,70
367,95	49978,63
368,16	51565,81
368,38	53454,03
368,60	54254,79
368,82	56249,51
369,03	56972,44
369,25	57091,22
369,47	56911,00
369,69	56476,83
369,91	57967,76
370,12	57074,84
370,34	55651,50
370,56	55241,91
370,78	55059,64
370,99	54047,94
371,21	53140,69
371,43	52542,69
371,65	52266,21
371,86	51715,31
372,08	50296,06
372,30	50078,98
372,52	49267,98
372,73	47199,54
372,95	46132,54
373,17	45403,47
373,39	44713,30
373,60	42933,62
373,82	41770,37
374,04	41012,62
374,26	39886,24
374,47	38284,73
374,69	37277,13
374,91	35464,67
375,12	34780,65
375,34	33562,11
375,56	31964,70
375,78	31100,45
375,99	29302,34
376,21	28556,88
376,43	27434,59
376,65	26715,75
376,86	25794,17
377,08	24893,06
377,30	23881,36
377,51	23740,05
377,73	22689,45
377,95	22204,08
378,17	21298,88
378,38	21354,17
378,60	20301,51
378,82	19545,81
379,03	18888,42
379,25	19019,49
379,47	18495,21
379,68	17608,44
379,90	16473,86
380,12	16443,14
380,34	16189,19
380,55	15568,66
380,77	15003,42
380,99	14516,00
381,20	14159,66
381,42	13672,24
381,64	12799,80
381,85	12580,67
382,07	12066,63
382,29	11673,42
382,50	11489,10
382,72	10827,61
382,94	10456,93
383,15	9977,70
383,37	9338,74
383,59	9379,70
383,80	8812,41
384,02	8589,18
384,24	7915,40
384,45	7376,78
384,67	7362,45
384,89	7055,25
385,10	6748,06
385,32	6389,66
385,54	6236,06
385,75	5971,88
385,97	5967,78
386,19	5420,97
386,40	5402,54
386,62	5081,01
386,84	4929,46
387,05	4779,96
387,27	4786,10
387,49	4425,66
387,70	4317,12
387,92	4292,54
388,14	4218,82
388,35	4171,71
388,57	3962,82
388,79	3665,86
389,00	3751,88
389,22	3641,29
389,43	3536,84
389,65	3557,32
389,87	3321,81
390,08	3256,27
390,30	3102,67
390,52	3014,61
390,73	3053,52
390,95	3080,14
391,17	3051,47
391,38	2838,48
391,60	2707,41
391,81	2676,70
392,03	2539,48
392,25	2435,03
392,46	2322,40
392,68	2320,35
392,89	2113,50
393,11	2203,61
393,33	2162,65
393,54	2090,98
393,76	1904,61
393,98	1859,56
394,19	1853,41
394,41	1923,04
394,62	1703,91
394,84	1601,51
395,06	1556,46
395,27	1497,07
395,49	1550,31
395,70	1488,87
395,92	1345,52
396,13	1173,49
396,35	1249,26
396,57	1230,83
396,78	1226,73
397,00	1148,91
397,21	1193,97
397,43	1140,72
397,65	1079,28
397,86	1066,99
398,08	923,63
398,29	1089,52
398,51	1044,46
398,72	985,07
398,94	921,59
399,16	882,67
399,37	874,48
399,59	798,71
399,80	813,04
400,02	894,96
400,23	821,24
400,45	647,16
400,67	798,71
400,88	727,03
401,10	784,37
401,31	663,54
401,53	718,84
401,74	735,22
401,96	608,25
402,17	632,82
402,39	675,83
402,61	694,26
402,82	641,01
403,04	628,73
403,25	624,63
403,47	548,86
403,68	417,79
403,90	534,52
404,11	575,48
404,33	612,34
404,54	501,75
404,76	565,24
404,97	526,33
405,19	530,42
405,41	528,38
405,62	430,07
405,84	471,03
406,05	507,90
406,27	538,62
406,48	417,79
406,70	489,46
406,91	450,55
407,13	428,03
407,34	393,21
407,56	309,24
407,77	364,54
407,99	217,08
408,20	344,06
408,42	337,91
408,63	299,00
408,85	280,57
409,06	294,91
409,28	299,00
409,49	376,83
409,71	225,28
409,92	368,63
410,14	237,56
410,35	360,44
410,57	282,62
410,78	323,58
411,00	292,86
411,21	245,76
411,43	233,47
411,64	227,32
411,86	294,91
412,07	299,00
412,29	309,24
412,50	335,87
412,72	204,80
412,93	247,80
413,15	202,75
413,36	292,86
413,58	116,73
413,79	335,87
414,01	198,65
414,22	219,13
414,43	178,17
414,65	176,13
414,86	184,32
415,08	268,28
415,29	202,75
415,51	98,30
415,72	258,04
415,94	141,31
416,15	165,89
416,37	241,66
416,58	20,48
416,80	133,12
417,01	92,16
417,22	231,42
417,44	219,13
417,65	120,83
417,87	239,61
418,08	157,69
418,30	260,09
418,51	133,12
418,73	137,21
418,94	210,94
419,15	241,66
419,37	145,41
419,58	124,93
419,80	20,48
420,01	73,73
420,23	159,74
420,44	83,97
420,65	114,69
420,87	96,25
421,08	122,88
421,30	116,73
421,51	55,30
421,73	108,54
421,94	221,18
422,15	90,11
422,37	120,83
422,58	139,26
422,80	120,83
423,01	182,27
423,22	67,58
423,44	104,45
423,65	69,63
423,87	124,93
424,08	126,97
424,29	159,74
424,51	174,08
424,72	30,72
424,94	-6,14
425,15	96,25
425,36	112,64
425,58	118,78
425,79	0,00
426,01	147,45
426,22	94,21
426,43	124,93
426,65	-4,10
426,86	114,69
427,08	92,16
427,29	102,40
427,50	65,53
427,72	6,14
427,93	71,68
428,14	-2,05
428,36	57,34
428,57	26,62
428,79	104,45
429,00	88,06
429,21	49,15
429,43	49,15
429,64	-61,44
429,85	-16,38
430,07	71,68
430,28	49,15
430,49	-55,30
430,71	73,73
430,92	57,34
431,14	69,63
431,35	88,06
431,56	43,01
431,78	57,34
431,99	-61,44
432,20	-36,86
432,42	-90,11
432,63	102,40
432,84	6,14
433,06	108,54
433,27	-53,25
433,48	-67,58
433,70	-98,30
433,91	24,58
434,12	-79,87
434,34	36,86
434,55	-36,86
434,76	10,24
434,98	-2,05
435,19	-71,68
435,40	-45,06
435,62	20,48
435,83	49,15
436,04	-69,63
436,26	-79,87
436,47	6,14
436,68	-45,06
436,90	-86,01
437,11	-65,54
437,32	-67,58
437,54	-55,30
437,75	-14,34
437,96	-77,82
438,17	-102,40
438,39	-141,31
438,60	-75,77
438,81	18,43
439,03	-49,15
439,24	-108,54
439,45	-116,73
439,67	-161,79
439,88	-141,31
440,09	-49,15
440,30	-100,35
440,52	-96,25
440,73	-90,11
440,94	-135,17
441,16	-196,61
441,37	-34,82
441,58	-149,50
441,80	-233,47
442,01	-116,73
442,22	-147,45
442,43	-227,32
442,65	-221,18
442,86	-143,36
443,07	-161,79
443,28	-124,93
443,50	-143,36
443,71	-225,28
443,92	-161,79
444,14	-210,94
444,35	-147,45
444,56	-169,98
444,77	-174,08
444,99	-184,32
445,20	-221,18
445,41	-176,13
445,62	-163,84
445,84	-270,33
446,05	-225,28
446,26	-139,26
446,47	-219,13
446,69	-358,39
446,90	-276,48
447,11	-270,33
447,32	-233,47
447,54	-333,82
447,75	-374,78
447,96	-276,48
448,17	-266,24
448,39	-217,08
448,60	-243,71
448,81	-188,41
449,02	-256,00
449,23	-407,55
449,45	-294,91
449,66	-260,09
449,87	-247,80
450,08	-350,20
450,30	-262,14
450,51	-274,43
450,72	-235,52
450,93	-354,30
451,15	-288,76
451,36	-303,10
451,57	-286,72
451,78	-294,91
451,99	-188,41
452,21	-239,61
452,42	-251,90
452,63	-299,00
452,84	-303,10
453,05	-342,01
453,27	-280,57
453,48	-299,00
453,69	-258,04
453,90	-262,14
454,11	-292,86
454,33	-339,96
454,54	-288,76
454,75	-331,77
454,96	-288,76
455,17	-344,06
455,39	-278,52
455,60	-290,81
455,81	-358,39
456,02	-126,97
456,23	-276,48
456,45	-344,06
456,66	-165,89
456,87	-329,72
457,08	-296,96
457,29	-260,09
457,50	-241,66
457,72	-294,91
457,93	-247,80
458,14	-165,89
458,35	-253,95
458,56	-223,23
458,77	-249,85
458,99	-176,13
459,20	-272,38
459,41	-321,53
459,62	-190,46
459,83	-235,52
460,04	-241,66
460,26	-245,76
460,47	-290,81
460,68	-249,85
460,89	-290,81
461,10	-147,45
461,31	-186,37
461,52	-262,14
461,74	-221,18
461,95	-301,05
462,16	-256,00
462,37	-288,76
462,58	-55,30
462,79	-145,41
463,00	-241,66
463,22	-202,75
463,43	-235,52
463,64	-174,08
463,85	-258,04
464,06	-249,85
464,27	-139,26
464,48	-184,32
464,70	-182,27
464,91	-143,36
465,12	-155,65
465,33	-227,32
465,54	-92,16
465,75	-200,70
465,96	-251,90
466,17	-249,85
466,38	-131,07
466,60	-188,41
466,81	-245,76
467,02	-79,87
467,23	-200,70
467,44	-204,80
467,65	-237,56
467,86	-116,73
468,07	-167,93
468,28	-188,41
468,50	-137,21
468,71	-196,61
468,92	-139,26
469,13	-161,79
469,34	-159,74
469,55	-178,17
469,76	-174,08
469,97	-153,60
470,18	-196,61
470,39	-145,41
470,60	-284,67
470,82	-65,53
471,03	-98,30
471,24	-172,03
471,45	-53,25
471,66	-126,97
471,87	-241,66
472,08	-210,94
472,29	-110,59
472,50	-157,69
472,71	-92,16
472,92	-38,91
473,13	-96,25
473,34	-172,03
473,55	-149,50
473,77	-184,32
473,98	-149,50
474,19	-112,64
474,40	-126,97
474,61	-131,07
474,82	-161,79
475,03	-202,75
475,24	-200,70
475,45	-180,22
475,66	-122,88
475,87	-100,35
476,08	6,14
476,29	-30,72
476,50	-57,34
476,71	-172,03
476,92	-100,35
477,13	-169,98
477,34	-92,16
477,55	-86,01
477,76	-124,93
477,97	-192,51
478,18	-163,84
478,40	-192,51
478,61	-65,53
478,82	-153,60
479,03	-71,68
479,24	-100,35
479,45	-63,49
479,66	-67,58
479,87	-194,56
480,08	-180,22
480,29	-14,34
480,50	-96,25
480,71	-88,06
480,92	-2,05
481,13	-30,72
481,34	-188,41
481,55	-83,97
481,76	-30,72
481,97	-94,21
482,18	-4,10
482,39	-161,79
482,60	22,53
482,81	-98,30
483,02	18,43
483,23	-45,06
483,44	30,72
483,65	-49,15
483,86	-100,35
484,07	-61,44
484,28	110,59
484,49	-26,62
484,70	-65,54
484,91	180,22
485,12	-28,67
485,33	71,68
485,54	-24,58
485,75	8,19
485,96	-14,34
486,17	-16,38
486,38	-24,58
486,59	-8,19
486,80	2,05
487,01	73,73
487,21	28,67
487,42	-14,34
487,63	-49,15
487,84	-63,49
488,05	14,34
488,26	2,05
488,47	49,15
488,68	-8,19
488,89	24,58
489,10	-22,53
489,31	96,25
489,52	149,50
489,73	59,39
489,94	94,21
490,15	6,14
490,36	75,77
490,57	-34,82
490,78	63,49
490,99	55,30
491,20	-10,24
491,41	131,07
491,61	55,30
491,82	40,96
492,03	-4,10
492,24	133,12
492,45	139,26
492,66	-16,38
492,87	112,64
493,08	40,96
493,29	188,41
493,50	98,30
493,71	219,13
493,92	-6,14
494,13	159,74
494,34	24,58
494,54	16,38
494,75	83,97
494,96	155,65
495,17	112,64
495,38	141,31
495,59	147,45
495,80	61,44
496,01	92,16
496,22	210,94
496,43	165,89
496,64	108,54
496,84	83,97
497,05	253,95
497,26	120,83
497,47	198,65
497,68	157,69
497,89	239,61
498,10	249,85
498,31	86,01
498,52	223,23
498,72	172,03
498,93	262,14
499,14	159,74
499,35	153,60
499,56	251,90
499,77	292,86
499,98	241,66
500,19	231,42
500,40	253,95
500,60	206,84
500,81	196,61
501,02	227,32
501,23	253,95
501,44	256,00
501,65	307,20
501,86	161,79
502,06	241,66
502,27	325,63
502,48	305,15
502,69	313,34
502,90	284,67
503,11	208,89
503,32	284,67
503,53	229,37
503,73	372,73
503,94	272,38
504,15	237,56
504,36	331,77
504,57	407,55
504,78	366,59
504,98	282,62
505,19	292,86
505,40	270,33
505,61	401,40
505,82	290,81
506,03	344,06
506,23	378,87
506,44	401,40
506,65	204,80
506,86	428,03
507,07	282,62
507,28	444,41
507,48	511,99
507,69	497,66
507,90	327,68
508,11	356,35
508,32	456,70
508,53	272,38
508,73	411,64
508,94	462,84
509,15	440,31
509,36	411,64
509,57	526,33
509,77	446,46
509,98	444,41
510,19	483,32
510,40	501,75
510,61	489,46
510,81	565,24
511,02	473,08
511,23	581,62
511,44	503,80
511,65	514,04
511,85	542,71
512,06	518,14
512,27	602,10
512,48	593,91
512,69	571,38
512,89	487,42
513,10	524,28
513,31	532,47
513,52	522,23
513,73	511,99
513,93	563,19
514,14	520,18
514,35	710,65
514,56	485,37
514,76	485,37
514,97	528,38
515,18	440,31
515,39	698,36
515,60	649,21
515,80	632,82
516,01	595,96
516,22	573,43
516,43	655,35
516,63	667,64
516,84	585,72
517,05	475,13
517,26	634,87
517,46	659,45
517,67	550,90
517,88	636,92
518,09	559,10
518,29	677,88
518,50	845,81
518,71	737,27
518,92	763,89
519,12	665,59
519,33	745,46
519,54	774,13
519,75	645,11
519,95	581,62
520,16	659,45
520,37	718,84
520,57	761,84
520,78	811,00
520,99	677,88
521,20	770,04
521,40	731,12
521,61	696,31
521,82	647,16
522,03	837,62
522,23	767,99
522,44	851,95
522,65	921,59
522,85	661,49
523,06	739,32
523,27	704,50
523,48	905,20
523,68	849,91
523,89	843,76
524,10	858,10
524,30	749,56
524,51	872,43
524,72	735,22
524,93	833,52
525,13	847,86
525,34	854,00
525,55	964,59
525,75	815,09
525,96	940,02
526,17	808,95
526,37	831,48
526,58	903,15
526,79	833,52
526,99	841,72
527,20	962,55
527,41	806,90
527,62	892,91
527,82	925,68
528,03	927,73
528,24	948,21
528,44	1003,50
528,65	884,72
528,86	989,17
529,06	974,83
529,27	899,06
529,48	948,21
529,68	935,92
529,89	942,07
530,10	813,04
530,30	1011,70
530,51	911,35
530,72	1042,42
530,92	1023,98
531,13	909,30
531,34	948,21
531,54	1013,74
531,75	1009,65
531,96	931,83
532,16	942,07
532,37	919,54
532,57	1048,56
532,78	944,11
532,99	1038,32
533,19	927,73
533,40	911,35
533,61	976,88
533,81	1005,55
534,02	1030,13
534,23	948,21
534,43	1167,34
534,64	927,73
534,84	1036,27
535,05	1110,00
535,26	964,59
535,46	892,91
535,67	923,63
535,88	946,16
536,08	1089,52
536,29	901,11
536,49	1056,75
536,70	1069,04
536,91	1136,62
537,11	1071,09
537,32	976,88
537,53	1066,99
537,73	1005,55
537,94	1058,80
538,14	1134,57
538,35	1017,84
538,56	1054,70
538,76	997,36
538,97	1060,85
539,17	1017,84
539,38	1169,39
539,59	1206,25
539,79	1128,43
540,00	1110,00
540,20	929,78
540,41	983,03
540,62	1187,82
540,82	1091,57
541,03	1038,32
541,23	1167,34
541,44	882,67
541,64	1058,80
541,85	1099,76
542,06	1019,89
542,26	1294,32
542,47	1116,14
542,67	1112,05
542,88	1046,51
543,08	1191,92
543,29	991,22
543,50	1198,06
543,70	1196,01
543,91	1245,17
544,11	1284,08
544,32	1224,69
544,52	1077,23
544,73	1146,86
544,94	1046,51
545,14	1128,43
545,35	1290,22
545,55	1126,38
545,76	1056,75
545,96	1126,38
546,17	1167,34
546,37	1089,52
546,58	1232,88
546,78	1155,05
546,99	1095,66
547,20	1021,94
547,40	1116,14
547,61	1200,11
547,81	1044,46
548,02	1046,51
548,22	1185,77
548,43	1083,38
548,63	1110,00
548,84	993,26
549,04	1056,75
549,25	1150,96
549,45	1134,57
549,66	1163,25
549,86	1169,39
550,07	1011,70
550,27	1173,49
550,48	1120,24
550,69	1136,62
550,89	1023,98
551,10	1208,30
551,30	1204,21
551,51	1048,56
551,71	1150,96
551,92	1054,70
552,12	1110,00
552,33	1101,81
552,53	1042,42
552,74	1200,11
552,94	1177,58
553,15	1148,91
553,35	1155,05
553,56	1304,56
553,76	995,31
553,97	1267,69
554,17	1150,96
554,38	1206,25
554,58	1232,88
554,79	1048,56
554,99	1107,95
555,19	993,26
555,40	1232,88
555,60	1224,69
555,81	1050,61
556,01	1175,53
556,22	1116,14
556,42	1200,11
556,63	1142,77
556,83	1210,35
557,04	1105,90
557,24	1357,80
557,45	952,31
557,65	1056,75
557,86	1282,03
558,06	1251,31
558,27	1273,84
558,47	1105,90
558,67	1157,10
558,88	1052,66
559,08	1079,28
559,29	1185,77
559,49	1161,20
559,70	1136,62
559,90	1095,66
560,11	1001,46
560,31	1052,66
560,52	1073,14
560,72	1198,06
560,92	1302,51
561,13	946,16
561,33	987,12
561,54	1069,04
561,74	1085,42
561,95	1112,05
562,15	1206,25
562,35	1122,29
562,56	1206,25
562,76	1191,92
562,97	1187,82
563,17	1101,81
563,38	1105,90
563,58	1318,89
563,78	1249,26
563,99	1128,43
564,19	1126,38
564,40	1066,99
564,60	1060,85
564,80	1163,25
565,01	1284,08
565,21	1085,42
565,42	1214,45
565,62	1007,60
565,83	1017,84
566,03	1101,81
566,23	1044,46
566,44	1003,50
566,64	1099,76
566,85	1153,01
567,05	1118,19
567,25	1097,71
567,46	978,93
567,66	1165,29
567,86	1126,38
568,07	1042,42
568,27	1005,55
568,48	1126,38
568,68	1183,73
568,88	1077,23
569,09	917,49
569,29	1079,28
569,50	1091,57
569,70	1087,47
569,90	1015,79
570,11	985,07
570,31	1103,86
570,51	1036,27
570,72	1071,09
570,92	1060,85
571,13	1050,61
571,33	1005,55
571,53	999,41
571,74	1103,86
571,94	899,06
572,14	911,35
572,35	960,50
572,55	1019,89
572,75	987,12
572,96	1058,80
573,16	991,22
573,36	1097,71
573,57	997,36
573,77	974,83
573,97	1056,75
574,18	1087,47
574,38	1013,74
574,59	1060,85
574,79	913,39
574,99	1105,90
575,20	997,36
575,40	968,69
575,60	937,97
575,81	966,64
576,01	1050,61
576,21	899,06
576,42	921,59
576,62	942,07
576,82	978,93
577,02	927,73
577,23	847,86
577,43	1064,94
577,63	921,59
577,84	970,74
578,04	1079,28
578,24	849,91
578,45	1073,14
578,65	919,54
578,85	1009,65
579,06	958,45
579,26	919,54
579,46	897,01
579,67	956,40
579,87	1052,66
580,07	1028,08
580,27	882,67
580,48	956,40
580,68	894,96
580,88	821,24
581,09	1013,74
581,29	813,04
581,49	815,09
581,69	886,77
581,90	972,79
582,10	903,15
582,30	950,26
582,51	778,23
582,71	813,04
582,91	854,00
583,11	804,85
583,32	864,24
583,52	794,61
583,72	927,73
583,93	831,48
584,13	860,15
584,33	784,37
584,53	802,80
584,74	864,24
584,94	686,07
585,14	901,11
585,34	827,38
585,55	874,48
585,75	720,88
585,95	831,48
586,15	831,48
586,36	894,96
586,56	935,92
586,76	743,41
586,96	743,41
587,17	825,33
587,37	946,16
587,57	665,59
587,77	718,84
587,98	827,38
588,18	860,15
588,38	798,71
588,58	901,11
588,79	731,12
588,99	735,22
589,19	749,56
589,39	696,31
589,60	813,04
589,80	765,94
590,00	649,21
590,20	798,71
590,40	755,70
590,61	694,26
590,81	688,12
591,01	776,18
591,21	669,69
591,42	684,02
591,62	759,80
591,82	776,18
592,02	745,46
592,22	841,72
592,43	716,79
592,63	667,64
592,83	827,38
593,03	622,58
593,23	641,01
593,44	735,22
593,64	710,65
593,84	827,38
594,04	651,25
594,24	700,41
594,45	645,11
594,65	735,22
594,85	761,84
595,05	632,82
595,25	511,99
595,46	690,17
595,66	735,22
595,86	667,64
596,06	675,83
596,26	534,52
596,46	628,73
596,67	598,01
596,87	757,75
597,07	620,53
597,27	643,06
597,47	544,76
597,67	690,17
597,88	716,79
598,08	559,10
598,28	655,35
598,48	620,53
598,68	641,01
598,88	462,84
599,09	561,14
599,29	522,23
599,49	530,42
599,69	524,28
599,89	544,76
600,09	583,67
600,30	593,91
600,50	520,18
600,70	567,29
600,90	552,95
601,10	446,46
601,30	561,14
601,50	602,10
601,71	552,95
601,91	602,10
602,11	579,58
602,31	569,34
602,51	598,01
602,71	589,82
602,91	651,25
603,11	589,81
603,32	491,51
603,52	536,57
603,72	720,89
603,92	638,97
604,12	360,44
604,32	497,66
604,52	503,80
604,72	636,92
604,93	448,51
605,13	503,80
605,33	559,10
605,53	589,82
605,73	477,18
605,93	559,10
606,13	460,79
606,33	503,80
606,53	514,04
606,74	471,03
606,94	589,82
607,14	321,53
607,34	514,04
607,54	557,05
607,74	509,94
607,94	417,79
608,14	575,48
608,34	528,38
608,54	411,64
608,74	555,00
608,95	458,75
609,15	442,36
609,35	499,70
609,55	425,98
609,75	487,42
609,95	559,10
610,15	514,04
610,35	319,48
610,55	372,73
610,75	356,35
610,95	444,41
611,15	507,90
611,35	321,53
611,55	487,42
611,76	403,45
611,96	430,07
612,16	440,31
612,36	428,03
612,56	358,39
612,76	569,34
612,96	309,24
613,16	430,07
613,36	362,49
613,56	323,58
613,76	311,29
613,96	393,21
614,16	405,50
614,36	473,08
614,56	323,58
614,76	438,27
614,96	438,27
615,16	362,49
615,36	411,64
615,56	247,80
615,76	413,69
615,97	415,74
616,17	333,82
616,37	387,07
616,57	393,21
616,77	313,34
616,97	333,82
617,17	335,87
617,37	370,68
617,57	290,81
617,77	425,98
617,97	286,72
618,17	307,20
618,37	372,73
618,57	276,48
618,77	307,20
618,97	264,19
619,17	352,25
619,37	489,46
619,57	239,61
619,77	409,59
619,97	299,00
620,17	235,52
620,37	335,87
620,57	296,96
620,77	436,22
620,97	284,67
621,17	204,80
621,37	264,19
621,57	307,20
621,77	282,62
621,97	284,67
622,17	155,65
622,37	337,91
622,57	182,27
622,77	249,85
622,97	194,56
623,17	256,00
623,37	280,57
623,57	276,48
623,77	243,71
623,97	350,20
624,16	313,34
624,36	262,14
624,56	196,61
624,76	286,72
624,96	200,70
625,16	358,39
625,36	233,47
625,56	157,69
625,76	327,68
625,96	241,66
626,16	176,13
626,36	299,00
626,56	288,76
626,76	288,76
626,96	204,80
627,16	163,84
627,36	217,08
627,56	329,72
627,76	239,61
627,96	135,17
628,16	276,48
628,35	141,31
628,55	245,76
628,75	192,51
628,95	176,13
629,15	256,00
629,35	315,39
629,55	247,80
629,75	235,52
629,95	268,28
630,15	163,84
630,35	272,38
630,55	196,61
630,75	182,27
630,95	245,76
631,14	258,04
631,34	278,52
631,54	260,09
631,74	186,37
631,94	217,08
632,14	143,36
632,34	229,37
632,54	202,75
632,74	225,28
632,94	49,15
633,14	188,41
633,33	245,76
633,53	276,48
633,73	243,71
633,93	231,42
634,13	167,93
634,33	321,53
634,53	253,95
634,73	194,56
634,93	282,62
635,12	114,69
635,32	223,23
635,52	174,08
635,72	133,12
635,92	163,84
636,12	194,56
636,32	59,39
636,52	129,02
636,71	88,06
636,91	126,97
637,11	231,42
637,31	102,40
637,51	104,45
637,71	147,45
637,91	135,17
638,11	124,93
638,30	104,45
638,50	303,10
638,70	141,31
638,90	229,37
639,10	253,95
639,30	169,98
639,50	182,27
639,69	151,55
639,89	104,45
640,09	77,82
640,29	192,51
640,49	51,20
640,69	190,46
640,88	202,75
641,08	176,13
641,28	258,04
641,48	143,36
641,68	-10,24
641,88	110,59
642,07	63,49
642,27	225,28
642,47	32,77
642,67	131,07
642,87	79,87
643,07	239,61
643,26	149,50
643,46	106,49
643,66	108,54
643,86	81,92
644,06	53,25
644,26	174,08
644,45	176,13
644,65	176,13
644,85	102,40
645,05	124,93
645,25	129,02
645,44	139,26
645,64	159,74
645,84	79,87
646,04	151,55
646,24	94,21
646,43	112,64
646,63	86,01
646,83	139,26
647,03	38,91
647,23	96,25
647,42	83,97
647,62	120,83
647,82	186,37
648,02	38,91
648,22	4,10
648,41	210,94
648,61	57,34
648,81	79,87
649,01	92,16
649,20	96,25
649,40	-6,14
649,60	159,74
649,80	-57,34
650,00	188,41
650,19	98,30
650,39	102,40
650,59	83,97
650,79	36,86
650,98	145,41
651,18	135,17
651,38	83,97
651,58	73,73
651,77	18,43
651,97	110,59
652,17	79,87
652,37	165,89
652,56	100,35
652,76	32,77
652,96	45,06
653,16	34,82
653,35	10,24
653,55	-43,01
653,75	-2,05
653,95	135,17
654,14	0,00
654,34	133,12
654,54	49,15
654,74	153,60
654,93	47,10
655,13	75,77
655,33	129,02
655,52	75,77
655,72	59,39
655,92	-40,96
656,12	112,64
656,31	129,02
656,51	63,49
656,71	8,19
656,91	139,26
657,10	-40,96
657,30	83,97
657,50	-16,38
657,69	28,67
657,89	104,45
658,09	114,69
658,29	20,48
658,48	30,72
658,68	163,84
658,88	38,91
659,07	18,43
659,27	77,82
659,47	124,93
659,66	114,69
659,86	30,72
660,06	8,19
660,26	100,35
660,45	26,62
660,65	49,15
660,85	-6,14
661,04	241,66
661,24	57,34
661,44	26,62
661,63	61,44
661,83	67,58
662,03	75,77
662,22	55,30
662,42	88,06
662,62	98,30
662,81	-22,53
663,01	174,08
663,21	12,29
663,40	-12,29
663,60	-2,05
663,80	81,92
663,99	143,36
664,19	34,82
664,39	-10,24
664,58	61,44
664,78	40,96
664,98	-40,96
665,17	83,97
665,37	63,49
665,57	22,53
665,76	-14,34
665,96	-55,30
666,16	-57,34
666,35	-81,92
666,55	34,82
666,74	-2,05
666,94	194,56
667,14	-16,38
667,33	38,91
667,53	63,49
667,73	0,00
667,92	-36,86
668,12	-24,58
668,32	73,73
668,51	-73,73
668,71	71,68
668,90	-53,25
669,10	-67,58
669,30	-6,14
669,49	-47,10
669,69	-18,43
669,89	-6,14
670,08	-2,05
670,28	-8,19
670,47	22,53
670,67	88,06
670,87	-12,29
671,06	-16,38
671,26	12,29
671,45	-120,83
671,65	14,34
671,85	131,07
672,04	-20,48
672,24	-16,38
672,43	-2,05
672,63	-14,34
672,83	-10,24
673,02	16,38
673,22	2,05
673,41	-157,69
673,61	32,77
673,81	-20,48
674,00	14,34
674,20	-67,58
674,39	49,15
674,59	12,29
674,78	49,15
674,98	-14,34
675,18	6,14
675,37	59,39
675,57	-8,19
675,76	-4,10
675,96	-61,44
676,15	118,78
676,35	-32,77
676,55	-16,38
676,74	-75,77
676,94	-14,34
677,13	-55,30
677,33	137,21
677,52	20,48
677,72	-79,87
677,91	-43,01
678,11	22,53
678,31	122,88
678,50	-24,58
678,70	-53,25
678,89	-6,14
679,09	10,24
679,28	-81,92
679,48	-77,82
679,67	8,19
679,87	126,97
680,06	-73,73
680,26	-36,86
680,46	-61,44
680,65	-49,15
680,85	-36,86
681,04	-79,87
681,24	-75,77
681,43	-65,54
681,63	16,38
681,82	-12,29
682,02	-69,63
682,21	-77,82
682,41	73,73
682,60	-26,62
682,80	-67,58
682,99	26,62
683,19	-63,49
683,38	-61,44
683,58	-16,38
683,77	24,58
683,97	0,00
684,16	-45,06
684,36	-8,19
684,55	-12,29
684,75	-79,87
684,94	-65,53
685,14	79,87
685,33	-53,25
685,53	8,19
685,72	0,00
685,92	-83,97
686,11	0,00
686,31	-24,58
686,50	57,34
686,70	51,20
686,89	-16,38
687,09	-51,20
687,28	-28,67
687,48	-83,97
687,67	12,29
687,87	-122,88
688,06	-47,10
688,26	-16,38
688,45	22,53
688,65	-18,43
688,84	-49,15
689,03	16,38
689,23	-4,10
689,42	-43,01
689,62	-57,34
689,81	-26,62
690,01	-24,58
690,20	16,38
690,40	-133,12
690,59	4,10
690,79	-75,77
690,98	51,20
691,17	-69,63
691,37	-8,19
691,56	12,29
691,76	-75,77
691,95	-90,11
692,15	-59,39
692,34	16,38
692,54	71,68
692,73	32,77
692,92	-124,93
693,12	61,44
693,31	-139,26
693,51	-53,25
693,70	-65,54
693,90	-6,14
694,09	-6,14
694,28	-30,72
694,48	-100,35
694,67	45,06
694,87	-40,96
695,06	-126,97
695,26	-126,97
695,45	-141,31
695,64	-26,62
695,84	-92,16
696,03	-73,73
696,23	-53,25
696,42	-51,20
696,61	-159,74
696,81	-38,91
697,00	-100,35
697,20	-2,05
697,39	-233,47
697,58	-45,06
697,78	-176,13
697,97	-79,87
698,17	-57,34
698,36	-104,45
698,55	43,01
698,75	-63,49
698,94	-129,02
699,14	-73,73
699,33	-86,01
699,52	-120,83
699,72	-8,19
699,91	-155,65
700,10	-75,77
700,30	-135,17
700,49	-129,02
700,69	-108,54
700,88	-73,73
701,07	-86,01
701,27	-137,21
701,46	-161,79
701,65	-110,59
701,85	-204,80
702,04	-75,77
702,23	-20,48
702,43	-147,45
702,62	-159,74
702,82	-143,36
703,01	-165,89
703,20	-100,35
703,40	-59,39
703,59	-14,34
703,78	-133,12
703,98	-149,50
704,17	-126,97
704,36	-88,06
704,56	-90,11
704,75	-124,93
704,94	-206,84
705,14	-151,55
705,33	-247,80
705,52	-186,37
705,72	-186,37
705,91	-145,41
706,10	-223,23
706,30	-147,45
706,49	-256,00
706,68	-57,34
706,88	-200,70
707,07	-122,88
707,26	-94,21
707,46	-75,77
707,65	-36,86
707,84	-182,27
708,04	-104,45
708,23	-159,74
708,42	-92,16
708,62	-192,51
708,81	-192,51
709,00	-221,18
709,19	-88,06
709,39	-184,32
709,58	-182,27
709,77	-262,14
709,97	-126,97
710,16	-133,12
710,35	-88,06
710,55	-227,32
710,74	-198,65
710,93	-10,24
711,12	-63,49
711,32	-196,61
711,51	-81,92
711,70	-198,65
711,90	-157,69
712,09	-114,69
712,28	-282,62
712,47	-163,84
712,67	-114,69
712,86	-192,51
713,05	-75,77
713,24	-231,42
713,44	-229,37
713,63	-67,58
713,82	-192,51
714,02	-229,37
714,21	-151,55
714,40	-249,85
714,59	-262,14
714,79	-143,36
714,98	-59,39
715,17	-176,13
715,36	-147,45
715,56	-137,21
715,75	-49,15
715,94	-129,02
716,13	-118,78
716,33	-180,22
716,52	-137,21
716,71	-77,82
716,90	-196,61
717,10	-120,83
717,29	-206,84
717,48	-67,58
717,67	-194,56
717,87	-129,02
718,06	-149,50
718,25	-176,13
718,44	-26,62
718,63	-88,06
718,83	-151,55
719,02	-83,97
719,21	-106,49
719,40	-133,12
719,60	-143,36
719,79	-106,49
719,98	-129,02
720,17	-122,88
720,36	-18,43
720,56	-110,59
720,75	-118,78
720,94	-225,28
721,13	-219,13
721,33	-94,21
721,52	-186,37
721,71	-61,44
721,90	-120,83
722,09	-174,08
722,29	-155,65
722,48	-219,13
722,67	-94,21
722,86	-247,80
723,05	-96,25
723,24	-247,80
723,44	-194,56
723,63	-75,77
723,82	-165,89
724,01	-131,07
724,20	-192,51
724,40	-161,79
724,59	-94,21
724,78	-86,01
724,97	-167,93
725,16	-225,28
725,35	-176,13
725,55	-118,78
725,74	-169,98
725,93	-182,27
726,12	-188,41
726,31	-147,45
726,51	-215,04
726,70	-163,84
726,89	-231,42
727,08	-169,98
727,27	-245,76
727,46	-143,36
727,65	-157,69
727,85	-75,77
728,04	-188,41
728,23	-88,06
728,42	-147,45
728,61	-143,36
728,80	-243,71
729,00	-303,10
729,19	-122,88
729,38	-151,55
729,57	-192,51
729,76	-262,14
729,95	-206,84
730,14	-182,27
730,33	-233,47
730,53	-286,72
730,72	-280,57
730,91	-174,08
731,10	-122,88
731,29	-337,91
731,48	-194,56
731,67	-186,37
731,86	-356,35
732,06	-196,61
732,25	-280,57
732,44	-243,71
732,63	-217,08
732,82	-178,17
733,01	-231,42
733,20	-206,84
733,39	-159,74
733,59	-188,41
733,78	-272,38
733,97	-221,18
734,16	-210,94
734,35	-124,93
734,54	-75,77
734,73	-149,50
734,92	-206,84
735,11	-274,43
735,30	-143,36
735,49	-235,52
735,69	-114,69
735,88	-268,28
736,07	-348,15
736,26	-274,43
736,45	-174,08
736,64	-258,04
736,83	-202,75
737,02	-290,81
737,21	-237,56
737,40	-309,24
737,59	-303,10
737,78	-241,66
737,98	-145,41
738,17	-301,05
738,36	-317,44
738,55	-186,37
738,74	-219,13
738,93	-167,93
739,12	-167,93
739,31	-233,47
739,50	-217,08
739,69	-194,56
739,88	-303,10
740,07	-276,48
740,26	-286,72
740,45	-319,48
740,64	-276,48
740,83	-192,51
741,02	-180,22
741,22	-253,95
741,41	-247,80
741,60	-188,41
741,79	-141,31
741,98	-235,52
742,17	-272,38
742,36	-280,57
742,55	-208,89
742,74	-286,72
742,93	-149,50
743,12	-329,72
743,31	-221,18
743,50	-219,13
743,69	-354,30
743,88	-256,00
744,07	-196,60
744,26	-307,20
744,45	-219,13
744,64	-55,30
744,83	-184,32
745,02	-323,58
745,21	-239,61
745,40	-247,80
745,59	-309,24
745,78	-225,28
745,97	-249,85
746,16	-225,28
746,35	-286,72
746,54	-182,27
746,73	-251,90
746,92	-204,80
747,11	-348,15
747,30	-163,84
747,49	-231,42
747,68	-260,09
747,87	-335,87
748,06	-284,67
748,25	-243,71
748,44	-253,95
748,63	-145,41
748,82	-249,85
749,01	-249,85
749,20	-217,08
749,39	-245,76
749,58	-266,24
749,77	-219,13
749,96	-241,66
750,15	-366,59
750,34	-251,90
750,53	-212,99
750,72	-188,41
750,91	-319,48
751,10	-215,04
751,29	-315,39
751,48	-174,08
751,67	-210,94
751,86	-251,90
752,04	-139,26
752,23	-169,98
752,42	-266,24
752,61	-288,76
752,80	-182,27
752,99	-202,75
753,18	-337,91
753,37	-188,41
753,56	-258,04
753,75	-274,43
753,94	-311,29
754,13	-241,66
754,32	-256,00
754,51	-264,19
754,70	-303,10
754,89	-307,20
755,08	-247,80
755,27	-208,89
755,45	-243,71
755,64	-202,75
755,83	-227,32
756,02	-223,23
756,21	-116,73
756,40	-239,61
756,59	-169,98
756,78	-231,42
756,97	-227,32
757,16	-204,80
757,35	-163,84
757,54	-174,08
757,72	-172,03
757,91	-178,17
758,10	-96,25
758,29	-133,12
758,48	-88,06
758,67	-163,84
758,86	-122,88
759,05	-143,36
759,24	-215,04
759,43	-106,49
759,61	-104,45
759,80	-77,82
759,99	-153,60
760,18	-151,55
760,37	-77,82
760,56	-116,73
760,75	-104,45
760,94	-96,25
761,13	-59,39
761,31	-83,97
761,50	-106,49
761,69	-45,06
761,88	-8,19
762,07	-53,25
762,26	-77,82
762,45	-28,67
762,64	-137,21
762,82	-167,93
763,01	-49,15
763,20	-18,43
763,39	-43,01
763,58	-67,58
763,77	-106,49
763,96	-10,24
764,14	-69,63
764,33	-100,35
764,52	-151,55
764,71	6,14
764,90	-73,73
765,09	-122,88
765,27	-116,73
765,46	-106,49
765,65	-151,55
765,84	-167,93
766,03	-137,21
766,22	-194,56
766,41	-231,42
766,59	-145,41
766,78	-22,53
766,97	-120,83
767,16	-81,92
767,35	-169,98
767,54	-206,84
767,72	-153,60
767,91	-231,42
768,10	-212,99
768,29	-192,51
768,48	-262,14
768,66	-184,32
768,85	-126,97
769,04	-202,75
769,23	-229,37
769,42	-286,72
769,61	-174,08
769,79	-174,08
769,98	-10,24
770,17	-215,04
770,36	-266,24
770,55	-212,99
770,73	-233,47
770,92	-204,80
771,11	-307,20
771,30	-251,90
771,49	-243,71
771,67	-180,22
771,86	-249,85
772,05	-268,28
772,24	-305,15
772,42	-198,65
772,61	-231,42
772,80	-196,60
772,99	-307,20
773,18	-137,21
773,36	-176,13
773,55	-225,28
773,74	-192,51
773,93	-253,95
774,11	-120,83
774,30	-120,83
774,49	-188,41
774,68	-253,95
774,87	-176,13
775,05	-182,27
775,24	-212,99
775,43	-100,35
775,62	-235,52
775,80	-260,09
775,99	-231,42
776,18	-288,76
776,37	-221,18
776,55	-210,94
776,74	-190,46
776,93	-131,07
777,12	-272,38
777,30	-249,85
777,49	-182,27
777,68	-192,51
777,87	-212,99
778,05	-229,37
778,24	-114,69
778,43	-256,00
778,62	-233,47
778,80	-272,38
778,99	-139,26
779,18	-194,56
779,36	-245,76
779,55	-153,60
779,74	-225,28
779,93	-86,01
780,11	-198,65
780,30	-116,73
780,49	-202,75
780,68	-161,79
780,86	2,05
781,05	-208,89
781,24	-157,69
781,42	-208,89
781,61	-116,73
781,80	-163,84
781,98	-159,74
782,17	-264,19
782,36	-282,62
782,55	-120,83
782,73	-245,76
782,92	-239,61
783,11	-184,32
783,29	-151,55
783,48	-204,80
783,67	-212,99
783,85	-126,97
784,04	-155,65
784,23	-194,56
784,42	-172,03
784,60	-243,71
784,79	-225,28
784,98	-147,45
785,16	-202,75
785,35	-178,17
785,54	-51,20
785,72	-169,98
785,91	-200,70
786,10	-133,12
786,28	-258,04
786,47	-178,17
786,66	-178,17
786,84	-174,08
787,03	-180,22
787,22	-116,73
787,40	-258,04
787,59	-202,75
787,78	-114,69
787,96	-69,63
788,15	-131,07
788,34	-143,36
788,52	-90,11
788,71	-262,14
788,89	-92,16
789,08	-204,80
789,27	-139,26
789,45	-219,13
789,64	-73,73
789,83	-169,98
790,01	-131,07
790,20	-251,90
790,39	-210,94
790,57	-196,60
790,76	-90,11
790,95	-184,32
791,13	-180,22
791,32	-135,17
791,50	-180,22
791,69	-192,51
791,88	-122,88
792,06	-145,41
792,25	-188,41
792,43	-206,84
792,62	-235,52
792,81	-122,88
792,99	-225,28
793,18	-229,37
793,37	-129,02
793,55	-217,08
793,74	-194,56
793,92	-143,36
794,11	-157,69
794,30	-98,30
794,48	-180,22
794,67	-55,30
794,85	-135,17
795,04	-147,45
795,23	-86,01
795,41	-122,88
795,60	-96,25
795,78	-227,32
795,97	-172,03
796,15	-208,89
796,34	-188,41
796,53	-139,26
796,71	-165,89
796,90	-73,73
797,08	-126,97
797,27	-204,80
797,46	-215,04
797,64	-167,93
797,83	-167,93
798,01	-141,31
798,20	-190,46
798,38	-126,97
798,57	-174,08
798,76	-202,75
798,94	-161,79
799,13	-200,70
799,31	-81,92
799,50	-227,32
799,68	-180,22
799,87	-79,87
800,05	-196,61
800,24	-151,55
800,43	-174,08
800,61	-237,56
800,80	-157,69
800,98	-188,41
801,17	-184,32
801,35	-104,45
801,54	-165,89
801,72	-124,93
801,91	-192,51
802,09	-153,60
802,28	-129,02
802,46	-200,70
802,65	-174,08
802,84	-143,36
803,02	-202,75
803,21	-208,89
803,39	-227,32
803,58	-278,52
803,76	-180,22
803,95	-194,56
804,13	-135,17
804,32	-131,07
804,50	-129,02
804,69	-243,71
804,87	-178,17
805,06	-98,30
805,24	-217,08
805,43	-92,16
805,61	-163,84
805,80	-122,88
805,98	-157,69
806,17	-184,32
806,35	-139,26
806,54	-63,49
806,72	-188,41
806,91	-180,22
807,09	-98,30
807,28	-208,89
807,46	-131,07
807,65	-288,76
807,83	-198,65
808,02	-192,51
808,20	-104,45
808,39	-167,93
808,57	-186,37
808,76	-208,89
808,94	-225,28
809,13	-79,87
809,31	-206,84
809,49	-165,89
809,68	-86,01
809,86	-135,17
810,05	-163,84
810,23	-178,17
810,42	-188,41
810,60	-131,07
810,79	-114,69
810,97	-163,84
811,16	-159,74
811,34	-102,40
811,53	-129,02
811,71	-147,45
811,89	-100,35
812,08	-59,39
812,26	-178,17
812,45	-133,12
812,63	-184,32
812,82	-96,25
813,00	-176,13
813,19	-137,21
813,37	-69,63
813,55	-126,97
813,74	-237,56
813,92	-92,16
814,11	-131,07
814,29	-184,32
814,48	-182,27
814,66	-73,73
814,84	-129,02
815,03	-102,40
815,21	-124,93
815,40	-122,88
815,58	-159,74
815,77	-86,01
815,95	-133,12
816,13	-90,11
816,32	-83,97
816,50	-67,58
816,69	-112,64
816,87	-59,39
817,05	-90,11
817,24	-108,54
817,42	-102,40
817,61	-24,58
817,79	-18,43
817,97	-92,16
818,16	-108,54
818,34	-180,22
818,53	-59,39
818,71	-40,96
818,89	-161,79
819,08	-190,46
819,26	-36,86
819,45	-36,86
819,63	-155,65
819,81	-69,63
820,00	-77,82
820,18	-145,41
820,36	-6,14
820,55	-32,77
820,73	-57,34
820,92	-172,03
821,10	-163,84
821,28	-219,13
821,47	-137,21
821,65	-202,75
821,83	-77,82
822,02	-63,49
822,20	-63,49
822,39	-169,98
822,57	-114,69
822,75	-184,32
822,94	-143,36
823,12	4,10
823,30	-69,63
823,49	-114,69
823,67	-137,21
823,85	-47,10
824,04	-65,54
824,22	-92,16
824,40	-129,02
824,59	-157,69
824,77	-149,50
824,95	-10,24
825,14	-67,58
825,32	-133,12
825,50	-32,77
825,69	-174,08
825,87	-155,65
826,05	-38,91
826,24	-73,73
826,42	45,06
826,60	-106,49
826,79	-38,91
826,97	-98,30
827,15	-169,98
827,34	-163,84
827,52	-198,65
827,70	-104,45
827,89	-163,84
828,07	-77,82
828,25	-124,93
828,44	-133,12
828,62	-63,49
828,80	-155,65
828,98	-139,26
829,17	-14,34
829,35	-22,53
829,53	-137,21
829,72	-6,14
829,90	-145,41
830,08	-118,78
830,27	-79,87
830,45	-176,13
830,63	-151,55
830,81	-90,11
831,00	-92,16
831,18	-137,21
831,36	-165,89
831,55	-180,22
831,73	-98,30
831,91	0,00
832,09	-51,20
832,28	-55,30
832,46	-114,69
832,64	-43,01
832,82	-112,64
833,01	-221,18
833,19	-106,49
833,37	-118,78
833,55	-108,54
833,74	-20,48
833,92	-10,24
834,10	-139,26
834,29	-104,45
834,47	-83,97
834,65	-96,25
834,83	-215,04
835,02	-153,60
835,20	-139,26
835,38	-129,02
835,56	-55,30
835,75	-90,11
835,93	-86,01
836,11	-126,97
836,29	-186,37
836,47	-88,06
836,66	-131,07
836,84	-81,92
837,02	-120,83
837,20	-38,91
837,39	0,00
837,57	-73,73
837,75	43,01
837,93	-200,70
838,12	-167,93
838,30	-51,20
838,48	-94,21
838,66	-51,20
838,84	-47,10
839,03	-112,64
839,21	-108,54
839,39	-81,92
839,57	-155,65
839,75	-90,11
839,94	-118,78
840,12	-104,45
840,30	-32,77
840,48	-6,14
840,66	-69,63
840,85	-165,89
841,03	16,38
841,21	-18,43
841,39	-57,34
841,57	-98,30
841,76	-51,20
841,94	-96,25
842,12	-100,35
842,30	-71,68
842,48	-108,54
842,67	-94,21
842,85	-4,10
843,03	-16,38
843,21	-151,55
843,39	-94,21
843,57	-186,37
843,76	-100,35
843,94	-108,54
844,12	-102,40
844,30	-129,02
844,48	-176,13
844,66	-2,05
844,85	-141,31
845,03	-225,28
845,21	-55,30
845,39	-73,73
845,57	-102,40
845,75	-204,80
845,94	-24,58
846,12	-116,73
846,30	-63,49
846,48	-57,34
846,66	-126,97
846,84	-6,14
847,02	-131,07
847,21	-83,97
847,39	-114,69
847,57	-192,51
847,75	-153,60
847,93	-24,58
848,11	-69,63
848,29	-129,02
848,48	-100,35
848,66	-104,45
848,84	-90,11
849,02	-108,54
849,20	-143,36
849,38	-75,77
849,56	-112,64
849,74	-67,58
849,93	-108,54
850,11	-106,49
850,29	-180,22
850,47	-86,01
850,65	-65,54
850,83	-163,84
851,01	-198,65
851,19	-217,08
851,37	-126,97
851,56	-167,93
851,74	-186,37
851,92	-120,83
852,10	-69,63
852,28	-133,12
852,46	-65,54
852,64	-112,64
852,82	-137,21
853,00	-40,96
853,18	65,54
853,37	-73,73
853,55	-106,49
853,73	-133,12
853,91	-100,35
854,09	-102,40
854,27	-122,88
854,45	-77,82
854,63	-106,49
854,81	6,14
854,99	6,14
855,17	-88,06
855,35	-22,53
855,53	-133,12
855,72	-47,10
855,90	-92,16
856,08	-81,92
856,26	-126,97
856,44	-167,93
856,62	-69,63
856,80	-155,65
856,98	-51,20
857,16	-18,43
857,34	-81,92
857,52	-59,39
857,70	16,38
857,88	-100,35
858,06	-57,34
858,24	-73,73
858,42	20,48
858,60	-69,63
858,78	30,72
858,96	-100,35
859,15	-79,87
859,33	-32,77
859,51	-6,14
859,69	-55,30
859,87	-38,91
860,05	-83,97
860,23	-116,73
860,41	10,24
860,59	-133,12
860,77	-49,15
860,95	-100,35
861,13	-98,30
861,31	-79,87
861,49	-73,73
861,67	-186,37
861,85	-43,01
862,03	-110,59
862,21	-24,58
862,39	-36,86
862,57	-90,11
862,75	-45,06
862,93	12,29
863,11	-139,26
863,29	-79,87
863,47	-83,97
863,65	-75,77
863,83	-18,43
864,01	-71,68
864,19	-108,54
864,37	-47,10
864,55	-18,43
864,73	-114,69
864,91	-108,54
865,09	83,97
865,27	-4,10
865,45	-96,25
865,63	-53,25
865,81	6,14
865,99	-36,86
866,17	-73,73
866,35	-112,64
866,53	-8,19
866,71	-96,25
866,89	4,10
867,07	0,00
867,24	-65,54
867,42	-65,53
867,60	-55,30
867,78	30,72
867,96	-6,14
868,14	-100,35
868,32	-49,15
868,50	-131,07
868,68	-94,21
868,86	-61,44
869,04	-114,69
869,22	22,53
869,40	-67,58
869,58	2,05
869,76	-2,05
869,94	-51,20
870,12	6,14
870,30	-49,15
870,48	-161,79
870,66	-135,17
870,83	-172,03
871,01	-51,20
871,19	-38,91
871,37	-120,83
871,55	10,24
871,73	-143,36
871,91	-112,64
872,09	-4,10
872,27	-75,77
872,45	-75,77
872,63	-90,11
872,81	-20,48
872,98	-90,11
873,16	108,54
873,34	-24,58
873,52	-143,36
873,70	86,01
873,88	-159,74
874,06	-55,30
874,24	-131,07
874,42	-49,15
874,60	-159,74
874,78	-30,72
874,95	-10,24
875,13	-45,06
875,31	0,00
875,49	-120,83
875,67	-161,79
875,85	-81,92
876,03	-28,67
876,21	-51,20
876,39	8,19
876,56	-96,25
876,74	-75,77
876,92	-28,67
877,10	-22,53
877,28	-143,36
877,46	-49,15
877,64	-8,19
877,82	-86,01
877,99	-71,68
878,17	-4,10
878,35	-122,88
878,53	-14,34
878,71	90,11
878,89	-67,58
879,07	-36,86
879,24	-159,74
879,42	-71,68
879,60	-161,79
879,78	-137,21
879,96	-100,35
880,14	94,21
880,32	71,68
880,49	-90,11
880,67	-55,30
880,85	-90,11
881,03	-6,14
881,21	-139,26
881,39	-16,38
881,56	-108,54
881,74	-81,92
881,92	30,72
882,10	8,19
882,28	-51,20
882,46	-49,15
882,63	-49,15
882,81	-161,79
882,99	8,19
883,17	-49,15
883,35	-86,01
883,52	-61,44
883,70	-88,06
883,88	-34,82
884,06	-36,86
884,24	-53,25
884,42	-59,39
884,59	-69,63
884,77	4,10
884,95	-22,53
885,13	20,48
885,31	-38,91
885,48	4,10
885,66	-61,44
885,84	-10,24
886,02	-53,25
886,20	-8,19
886,37	-8,19
886,55	-71,68
886,73	-16,38
886,91	-24,58
887,08	-30,72
887,26	-38,91
887,44	-59,39
887,62	-94,21
887,80	-116,73
887,97	-116,73
888,15	-178,17
888,33	-81,92
888,51	-110,59
888,68	-4,10
888,86	-63,49
889,04	-14,34
889,22	-67,58
889,40	-26,62
889,57	-114,69
889,75	-36,86
889,93	-69,63
890,11	-45,06
890,28	24,58
890,46	-24,58
890,64	-108,54
890,82	-73,73
890,99	-67,58
891,17	-114,69
891,35	28,67
891,53	-169,98
891,70	-71,68
891,88	-112,64
892,06	-26,62
892,24	-30,72
892,41	-190,46
892,59	-172,03
892,77	-143,36
892,94	-51,20
893,12	49,15
893,30	-65,53
893,48	-83,97
893,65	-96,25
893,83	-36,86
894,01	-77,82
894,19	-16,38
894,36	-14,34
894,54	-63,49
894,72	-86,01
894,89	-36,86
895,07	-40,96
895,25	47,10
895,43	-88,06
895,60	-55,30
895,78	-79,87
895,96	-8,19
896,13	-26,62
896,31	-18,43
896,49	-38,91
896,66	-38,91
896,84	18,43
897,02	-94,21
897,20	-2,05
897,37	-102,40
897,55	-53,25
897,73	53,25
897,90	28,67
898,08	-79,87
898,26	-22,53
898,43	55,30
898,61	-8,19
898,79	2,05
898,96	-38,91
899,14	-34,82
899,32	38,91
899,49	-45,06
899,67	-10,24
899,85	-28,67
900,02	-65,54
900,20	8,19
900,38	-65,54
900,55	-67,58
900,73	-32,77
900,91	75,77
901,08	-28,67
901,26	43,01
901,44	32,77
901,61	18,43
901,79	-90,11
901,97	2,05
902,14	-92,16
902,32	-67,58
902,50	-49,15
902,67	-30,72
902,85	-22,53
903,02	20,48
903,20	-30,72
903,38	-79,87
903,55	-49,15
903,73	6,14
903,91	-51,20
904,08	51,20
904,26	-94,21
904,44	38,91
904,61	22,53
904,79	16,38
904,96	69,63
905,14	14,34
905,32	-36,86
905,49	49,15
905,67	-26,62
905,84	14,34
906,02	-32,77
906,20	18,43
906,37	-8,19
906,55	-28,67
906,73	-112,64
906,90	57,34
907,08	-32,77
907,25	12,29
907,43	16,38
907,61	-83,97
907,78	-2,05
907,96	-63,49
908,13	-45,06
908,31	-28,67
908,48	8,19
908,66	-10,24
908,84	-10,24
909,01	4,10
909,19	-90,11
909,36	-65,53
909,54	-10,24
909,72	-106,49
909,89	8,19
910,07	-73,73
910,24	28,67
910,42	-112,64
910,59	10,24
910,77	-14,34
910,95	-24,58
911,12	-79,87
911,30	0,00
911,47	2,05
911,65	-43,01
911,82	14,34
912,00	-45,06
912,17	-61,44
912,35	-43,01
912,53	-114,69
912,70	-28,67
912,88	-100,35
913,05	-26,62
913,23	-34,82
913,40	-36,86
913,58	-18,43
913,75	-22,53
913,93	-28,67
914,10	-90,11
914,28	-24,58
914,46	-88,06
914,63	-67,58
914,81	-4,10
914,98	-8,19
915,16	-36,86
915,33	57,34
915,51	139,26
915,68	6,14
915,86	-6,14
916,03	-20,48
916,21	28,67
916,38	-110,59
916,56	-131,07
916,73	-73,73
916,91	-63,49
917,08	-94,21
917,26	-53,25
917,43	-40,96
917,61	-67,58
917,78	40,96
917,96	51,20
918,13	32,77
918,31	-28,67
918,48	20,48
918,66	6,14
918,83	-63,49
919,01	-36,86
919,18	-8,19
919,36	-77,82
919,53	94,21
919,71	-30,72
919,88	122,88
920,06	0,00
920,23	-67,58
920,41	-14,34
920,58	34,82
920,76	-10,24
920,93	45,06
921,11	-32,77
921,28	-79,87
921,45	28,67
921,63	12,29
921,80	40,96
921,98	-10,24
922,15	-59,39
922,33	-102,40
922,50	2,05
922,68	-94,21
922,85	0,00
923,03	22,53
923,20	-40,96
923,38	-26,62
923,55	88,06
923,72	-22,53
923,90	-67,58
924,07	-22,53
924,25	-28,67
924,42	73,73
924,60	36,86
924,77	24,58
924,95	-14,34
925,12	-10,24
925,29	-53,25
925,47	75,77
925,64	83,97
925,82	-135,17
925,99	28,67
926,17	-2,05
926,34	6,14
926,51	-20,48
926,69	-8,19
926,86	-16,38
927,04	34,82
927,21	36,86
927,38	26,62
927,56	-4,10
927,73	-32,77
927,91	0,00
928,08	-2,05
928,25	40,96
928,43	57,34
928,60	-61,44
928,78	-22,53
928,95	-20,48
929,12	-49,15
929,30	-59,39
929,47	28,67
929,65	-53,25
929,82	43,01
929,99	57,34
930,17	-4,10
930,34	-14,34
930,52	-59,39
930,69	-61,44
930,86	81,92
931,04	24,58
931,21	-57,34
931,38	-12,29
931,56	-30,72
931,73	67,58
931,91	36,86
932,08	0,00
932,25	16,38
932,43	49,15
932,60	-43,01
932,77	47,10
932,95	4,10
933,12	-12,29
933,29	38,91
933,47	10,24
933,64	0,00
933,82	90,11
933,99	30,72
934,16	20,48
934,34	-2,05
934,51	26,62
934,68	116,73
934,86	-2,05
935,03	98,30
935,20	-36,86
935,38	86,01
935,55	-45,06
935,72	18,43
935,90	57,34
936,07	77,82
936,24	57,34
936,42	94,21
936,59	32,77
936,76	-10,24
936,94	38,91
937,11	92,16
937,28	137,21
937,46	-28,67
937,63	28,67
937,80	4,10
937,97	16,38
938,15	38,91
938,32	43,01
938,49	67,58
938,67	86,01
938,84	49,15
939,01	51,20
939,19	-24,58
939,36	-55,30
939,53	34,82
939,70	59,39
939,88	16,38
940,05	124,93
940,22	43,01
940,40	-55,30
940,57	-14,34
940,74	-18,43
940,92	0,00
941,09	51,20
941,26	65,54
941,43	38,91
941,61	-12,29
941,78	-73,73
941,95	-67,58
942,12	-71,68
942,30	-24,58
942,47	32,77
942,64	43,01
942,82	20,48
942,99	0,00
943,16	-32,77
943,33	0,00
943,51	-22,53
943,68	102,40
943,85	-16,38
944,02	-18,43
944,20	-26,62
944,37	38,91
944,54	0,00
944,71	73,73
944,89	135,17
945,06	14,34
945,23	38,91
945,40	65,54
945,58	30,72
945,75	94,21
945,92	32,77
946,09	-79,87
946,27	94,21
946,44	47,10
946,61	-28,67
946,78	0,00
946,95	114,69
947,13	10,24
947,30	83,97
947,47	-22,53
947,64	38,91
947,82	100,35
947,99	-22,53
948,16	6,14
948,33	92,16
948,50	79,87
948,68	-30,72
948,85	6,14
949,02	-6,14
949,19	4,10
949,36	90,11
949,54	40,96
949,71	-43,01
949,88	40,96
950,05	49,15
950,22	28,67
950,40	49,15
950,57	63,49
950,74	114,69
950,91	32,77
951,08	73,73
951,26	159,74
951,43	-55,30
951,60	0,00
951,77	-8,19
951,94	-10,24
952,11	36,86
952,29	-88,06
952,46	57,34
952,63	155,65
952,80	61,44
952,97	26,62
953,15	49,15
953,32	51,20
953,49	-47,10
953,66	63,49
953,83	10,24
954,00	38,91
954,17	53,25
954,35	18,43
954,52	-45,06
954,69	-14,34
954,86	65,54
955,03	-94,21
955,20	108,54
955,38	4,10
955,55	98,30
955,72	-32,77
955,89	26,62
956,06	43,01
956,23	22,53
956,40	40,96
956,58	30,72
956,75	-40,96
956,92	-4,10
957,09	92,16
957,26	12,29
957,43	-26,62
957,60	-10,24
957,77	30,72
957,95	2,05
958,12	32,77
958,29	0,00
958,46	32,77
958,63	10,24
958,80	-43,01
958,97	69,63
959,14	-32,77
959,31	-36,86
959,49	-53,25
959,66	-38,91
959,83	34,82
960,00	-77,82
960,17	32,77
960,34	59,39
960,51	26,62
960,68	-10,24
960,85	96,25
961,02	-63,49
961,20	116,73
961,37	149,50
961,54	90,11
961,71	-4,10
961,88	22,53
962,05	-2,05
962,22	-14,34
962,39	51,20
962,56	20,48
962,73	47,10
962,90	-49,15
963,07	79,87
963,24	-55,30
963,42	6,14
963,59	-86,01
963,76	108,54
963,93	-34,82
964,10	139,26
964,27	-57,34
964,44	83,97
964,61	49,15
964,78	38,91
964,95	28,67
965,12	79,87
965,29	-36,86
965,46	16,38
965,63	-45,06
965,80	-100,35
965,97	-36,86
966,14	59,39
966,31	-36,86
966,48	55,30
966,66	20,48
966,83	-38,91
967,00	63,49
967,17	129,02
967,34	-6,14
967,51	-45,06
967,68	47,10
967,85	6,14
968,02	-20,48
968,19	59,39
968,36	-61,44
968,53	49,15
968,70	26,62
968,87	-28,67
969,04	34,82
969,21	-26,62
969,38	24,58
969,55	79,87
969,72	10,24
969,89	34,82
970,06	-63,49
970,23	-12,29
970,40	51,20
970,57	28,67
970,74	28,67
970,91	-65,54
971,08	-6,14
971,25	-8,19
971,42	4,10
971,59	-2,05
971,76	-26,62
971,93	116,73
972,10	49,15
972,27	51,20
972,44	122,88
972,61	-20,48
972,78	-65,54
972,95	-34,82
973,12	43,01
973,29	65,54
973,46	-32,77
973,63	90,11
973,80	-49,15
973,97	57,34
974,14	131,07
974,30	4,10
974,47	75,77
974,64	36,86
974,81	92,16
974,98	-8,19
975,15	88,06
975,32	16,38
975,49	-32,77
975,66	-14,34
975,83	4,10
976,00	20,48
976,17	45,06
976,34	2,05
976,51	-20,48
976,68	92,16
976,85	32,77
977,02	8,19
977,19	98,30
977,36	10,24
977,52	-24,58
977,69	120,83
977,86	-51,20
978,03	-6,14
978,20	2,05
978,37	-10,24
978,54	-73,73
978,71	-20,48
978,88	51,20
979,05	-40,96
979,22	149,50
979,39	-4,10
979,56	73,73
979,72	36,86
979,89	38,91
980,06	51,20
980,23	51,20
980,40	-10,24
980,57	51,20
980,74	77,82
980,91	16,38
981,08	45,06
981,25	18,43
981,41	28,67
981,58	-14,34
981,75	141,31
981,92	34,82
982,09	-20,48
982,26	-65,53
982,43	-22,53
982,60	-67,58
982,77	-36,86
982,93	57,34
983,10	6,14
983,27	-63,49
983,44	98,30
983,61	124,93
983,78	61,44
983,95	30,72
984,11	0,00
984,28	49,15
984,45	-30,72
984,62	-10,24
984,79	-2,05
984,96	8,19
985,13	-28,67
985,30	51,20
985,46	8,19
985,63	-4,10
985,80	47,10
985,97	-124,93
986,14	61,44
986,31	124,93
986,47	92,16
986,64	157,69
986,81	-98,30
986,98	-59,39
987,15	30,72
987,32	-10,24
987,48	155,65
987,65	18,43
987,82	-2,05
987,99	65,53
988,16	165,89
988,33	0,00
988,49	79,87
988,66	83,97
988,83	34,82
989,00	14,34
989,17	26,62
989,34	73,73
989,50	79,87
989,67	-16,38
989,84	36,86
990,01	-26,62
990,18	77,82
990,34	86,01
990,51	36,86
990,68	-18,43
990,85	22,53
991,02	43,01
991,18	63,49
991,35	116,73
991,52	-36,86
991,69	59,39
991,86	139,26
992,02	26,62
992,19	71,68
992,36	-10,24
992,53	53,25
992,69	-26,62
992,86	49,15
993,03	-65,54
993,20	-2,05
993,37	102,40
993,53	20,48
993,70	34,82
993,87	-55,30
994,04	-94,21
994,20	-4,10
994,37	65,53
994,54	-4,10
994,71	-30,72
994,87	-2,05
995,04	18,43
995,21	61,44
995,38	22,53
995,55	-20,48
995,71	-6,14
995,88	-12,29
996,05	-20,48
996,22	8,19
996,38	-8,19
996,55	-86,01
996,72	102,40
996,88	51,20
997,05	77,82
997,22	-20,48
997,39	26,62
997,55	-26,62
997,72	-22,53
997,89	38,91
998,06	73,73
998,22	61,44
998,39	-14,34
998,56	-8,19
998,73	43,01
998,89	51,20
999,06	47,10
999,23	57,34
999,39	40,96
999,56	94,21
999,73	-20,48
999,90	12,29
1000,06	61,44
1000,23	-26,62
1000,40	40,96
1000,56	100,35
1000,73	-65,54
1000,90	6,14
1001,06	45,06
1001,23	-24,58
1001,40	22,53
1001,57	20,48
1001,73	-24,58
1001,90	22,53
1002,07	32,77
1002,23	4,10
1002,40	-75,77
1002,57	16,38
1002,73	4,10
1002,90	-4,10
1003,07	2,05
1003,23	-28,67
1003,40	4,10
1003,57	-6,14
1003,73	77,82
1003,90	77,82
1004,07	43,01
1004,23	32,77
1004,40	26,62
1004,57	43,01
1004,73	63,49
1004,90	-28,67
1005,07	-24,58
1005,23	12,29
1005,40	110,59
1005,57	49,15
1005,73	-22,53
1005,90	32,77
1006,07	22,53
1006,23	20,48
1006,40	137,21
1006,57	86,01
1006,73	57,34
1006,90	43,01
1007,06	0,00
1007,23	73,73
1007,40	30,72
1007,56	-34,82
1007,73	24,58
1007,90	-24,58
1008,06	26,62
1008,23	75,77
1008,40	14,34
1008,56	104,45
1008,73	-69,63
1008,89	53,25
1009,06	96,25
1009,23	2,05
1009,39	47,10
1009,56	63,49
1009,72	-67,58
1009,89	-26,62
1010,06	40,96
1010,22	-12,29
1010,39	71,68
1010,55	88,06
1010,72	77,82
1010,89	71,68
1011,05	32,77
1011,22	94,21
1011,38	-71,68
1011,55	12,29
1011,72	18,43
1011,88	22,53
1012,05	-22,53
1012,21	26,62
1012,38	67,58
1012,55	92,16
1012,71	-22,53
1012,88	116,73
1013,04	38,91
1013,21	45,06
1013,37	20,48
1013,54	-63,49
1013,71	26,62
1013,87	-28,67
1014,04	61,44
1014,20	69,63
1014,37	79,87
1014,53	-112,64
1014,70	116,73
1014,87	40,96
1015,03	45,06
1015,20	79,87
1015,36	55,30
1015,53	26,62
1015,69	10,24
1015,86	30,72
1016,02	26,62
1016,19	67,58
1016,36	79,87
1016,52	-75,77
1016,69	-92,16
1016,85	-24,58
1017,02	-57,34
1017,18	-8,19
1017,35	-61,44
1017,51	51,20
1017,68	69,63
1017,84	14,34
1018,01	71,68
1018,17	47,10
1018,34	86,01
1018,50	-20,48
1018,67	-40,96
1018,84	55,30
1019,00	10,24
1019,17	36,86
1019,33	94,21
1019,50	36,86
1019,66	16,38
1019,83	18,43
1019,99	-49,15
1020,16	34,82
1020,32	129,02
1020,49	45,06
1020,65	53,25
1020,82	34,82
1020,98	12,29
1021,15	86,01
1021,31	73,73
1021,48	-79,87
1021,64	83,97
1021,81	-22,53
1021,97	34,82
1022,14	12,29
1022,30	-51,20
1022,47	34,82
1022,63	110,59
1022,79	34,82
1022,96	-55,30
1023,12	22,53
1023,29	53,25
1023,45	-4,10
1023,62	2,05
1023,78	-20,48
1023,95	159,74
1024,11	38,91
1024,28	2,05
1024,44	-59,39
1024,61	-94,21
1024,77	-14,34
1024,94	61,44
1025,10	10,24
1025,26	2,05
1025,43	-59,39
1025,59	120,83
1025,76	43,01
1025,92	-63,49
1026,09	-55,30
1026,25	10,24
1026,42	69,63
1026,58	36,86
1026,74	-20,48
1026,91	55,30
1027,07	26,62
1027,24	106,49
1027,40	-18,43
1027,57	-8,19
1027,73	26,62
1027,90	86,01
1028,06	-34,82
1028,22	55,30
1028,39	-8,19
1028,55	77,82
1028,72	30,72
1028,88	-6,14
1029,04	-77,82
1029,21	-28,67
1029,37	30,72
1029,54	20,48
1029,70	24,58
1029,87	51,20
1030,03	69,63
1030,19	65,54
1030,36	69,63
1030,52	-49,15
1030,69	-20,48
1030,85	51,20
1031,01	-22,53
1031,18	-47,10
1031,34	114,69
1031,50	18,43
1031,67	28,67
1031,83	-12,29
1032,00	36,86
1032,16	147,45
1032,32	49,15
1032,49	53,25
1032,65	10,24
1032,82	73,73
1032,98	16,38
1033,14	-30,72
1033,31	36,86
1033,47	104,45
1033,63	100,35
1033,80	24,58
1033,96	6,14
1034,13	8,19
1034,29	6,14
1034,45	34,82
1034,62	-45,06
1034,78	0,00
1034,94	-8,19
1035,11	22,53
1035,27	59,39
1035,43	69,63
1035,60	-14,34
1035,76	-63,49
1035,92	110,59
1036,09	51,20
1036,25	26,62
1036,41	34,82
1036,58	59,39
1036,74	45,06
1036,90	-2,05
1037,07	-14,34
1037,23	2,05
1037,39	-8,19
1037,56	49,15
1037,72	2,05
1037,88	-28,67
1038,05	2,05
1038,21	61,44
1038,37	-16,38
1038,54	118,78
1038,70	32,77
1038,86	-14,34
1039,03	-34,82
1039,19	65,54
1039,35	53,25
1039,52	-10,24
1039,68	49,15
1039,84	-26,62
1040,00	-8,19
1040,17	51,20
1040,33	-69,63
1040,49	28,67
1040,66	0,00
1040,82	-20,48
1040,98	-67,58
1041,15	67,58
1041,31	51,20
1041,47	-26,62
1041,63	135,17
1041,80	38,91
1041,96	65,54
1042,12	-34,82
1042,29	6,14
1042,45	16,38
1042,61	-20,48
1042,77	59,39
1042,94	49,15
1043,10	69,63
1043,26	71,68
1043,42	110,59
1043,59	-30,72
1043,75	-69,63
1043,91	51,20
1044,07	8,19
1044,24	18,43
1044,40	30,72
