345,22	-43,01
345,44	-43,01
345,66	-43,01
345,88	-4,10
346,10	112,64
346,32	77,82
346,54	102,40
346,75	112,64
346,97	20,48
347,19	-2,05
347,41	57,34
347,63	-4,10
347,85	28,67
348,07	-14,34
348,29	28,67
348,51	104,45
348,73	10,24
348,95	-10,24
349,16	100,35
349,38	77,82
349,60	47,10
349,82	83,97
350,04	131,07
350,26	-4,10
350,48	67,58
350,70	116,73
350,92	77,82
351,14	77,82
351,35	149,50
351,57	118,78
351,79	153,60
352,01	106,49
352,23	61,44
352,45	90,11
352,67	163,84
352,89	43,01
353,10	118,78
353,32	110,59
353,54	161,79
353,76	217,08
353,98	96,25
354,20	51,20
354,42	131,07
354,64	98,30
354,85	90,11
355,07	159,74
355,29	79,87
355,51	65,54
355,73	100,35
355,95	139,26
356,17	2,05
356,38	100,35
356,60	61,44
356,82	108,54
357,04	90,11
357,26	94,21
357,48	143,36
357,69	24,58
357,91	22,53
358,13	104,45
358,35	30,72
358,57	149,50
358,79	92,16
359,01	24,58
359,22	98,30
359,44	28,67
359,66	116,73
359,88	129,02
360,10	153,60
360,32	141,31
360,53	174,08
360,75	36,86
360,97	88,06
361,19	28,67
361,41	137,21
361,62	98,30
361,84	98,30
362,06	63,49
362,28	94,21
362,50	75,77
362,72	135,17
362,93	65,54
363,15	133,12
363,37	75,77
363,59	83,97
363,81	26,62
364,02	55,30
364,24	174,08
364,46	34,82
364,68	51,20
364,90	145,41
365,11	30,72
365,33	43,01
365,55	108,54
365,77	59,39
365,99	40,96
366,20	40,96
366,42	4,10
366,64	153,60
366,86	90,11
367,07	69,63
367,29	145,41
367,51	81,92
367,73	77,82
367,95	-8,19
368,16	137,21
368,38	145,41
368,60	157,69
368,82	55,30
369,03	59,39
369,25	172,03
369,47	126,97
369,69	4,10
369,91	79,87
370,12	75,77
370,34	10,24
370,56	92,16
370,78	83,97
370,99	118,78
371,21	174,08
371,43	90,11
371,65	133,12
371,86	106,49
372,08	149,50
372,30	75,77
372,52	118,78
372,73	157,69
372,95	90,11
373,17	165,89
373,39	133,12
373,60	112,64
373,82	120,83
374,04	194,56
374,26	100,35
374,47	126,97
374,69	65,54
374,91	157,69
375,12	59,39
375,34	59,39
375,56	8,19
375,78	159,74
375,99	155,65
376,21	98,30
376,43	77,82
376,65	120,83
376,86	131,07
377,08	77,82
377,30	96,25
377,51	40,96
377,73	151,55
377,95	61,44
378,17	114,69
378,38	120,83
378,60	108,54
378,82	51,20
379,03	208,89
379,25	49,15
379,47	153,60
379,68	108,54
379,90	53,25
380,12	73,73
380,34	94,21
380,55	124,93
380,77	129,02
380,99	163,84
381,20	149,50
381,42	18,43
381,64	24,58
381,85	114,69
382,07	36,86
382,29	69,63
382,50	92,16
382,72	221,18
382,94	73,73
383,15	161,79
383,37	135,17
383,59	116,73
383,80	143,36
384,02	131,07
384,24	83,97
384,45	38,91
384,67	65,54
384,89	90,11
385,10	59,39
385,32	135,17
385,54	120,83
385,75	81,92
385,97	129,02
386,19	122,88
386,40	112,64
386,62	139,26
386,84	53,25
387,05	86,01
387,27	178,17
387,49	83,97
387,70	43,01
387,92	137,21
388,14	135,17
388,35	145,41
388,57	63,49
388,79	116,73
389,00	75,77
389,22	36,86
389,43	139,26
389,65	192,51
389,87	92,16
390,08	2,05
390,30	137,21
390,52	75,77
390,73	178,17
390,95	110,59
391,17	159,74
391,38	305,15
391,60	53,25
391,81	73,73
392,03	147,45
392,25	79,87
392,46	151,55
392,68	75,77
392,89	59,39
393,11	77,82
393,33	149,50
393,54	96,25
393,76	165,89
393,98	43,01
394,19	104,45
394,41	169,98
394,62	102,40
394,84	108,54
395,06	108,54
395,27	139,26
395,49	163,84
395,70	108,54
395,92	79,87
396,13	36,86
396,35	34,82
396,57	161,79
396,78	100,35
397,00	135,17
397,21	151,55
397,43	26,62
397,65	147,45
397,86	137,21
398,08	71,68
398,29	104,45
398,51	141,31
398,72	176,13
398,94	163,84
399,16	96,25
399,37	34,82
399,59	98,30
399,80	118,78
400,02	161,79
400,23	180,22
400,45	-26,62
400,67	114,69
400,88	145,41
401,10	79,87
401,31	167,93
401,53	86,01
401,74	51,20
401,96	61,44
402,17	88,06
402,39	118,78
402,61	206,84
402,82	116,73
403,04	114,69
403,25	122,88
403,47	157,69
403,68	-40,96
403,90	153,60
404,11	100,35
404,33	133,12
404,54	14,34
404,76	106,49
404,97	18,43
405,19	157,69
405,41	139,26
405,62	118,78
405,84	122,88
406,05	137,21
406,27	104,45
406,48	133,12
406,70	110,59
406,91	139,26
407,13	178,17
407,34	143,36
407,56	90,11
407,77	155,65
407,99	86,01
408,20	83,97
408,42	139,26
408,63	96,25
408,85	172,03
409,06	204,80
409,28	90,11
409,49	165,89
409,71	178,17
409,92	266,24
410,14	159,74
410,35	151,55
410,57	86,01
410,78	182,27
411,00	120,83
411,21	45,06
411,43	118,78
411,64	69,63
411,86	151,55
412,07	149,50
412,29	151,55
412,50	229,37
412,72	67,58
412,93	147,45
413,15	190,46
413,36	210,94
413,58	176,13
413,79	331,77
414,01	155,65
414,22	157,69
414,43	231,42
414,65	112,64
414,86	219,13
415,08	301,05
415,29	239,61
415,51	233,47
415,72	327,67
415,94	266,24
416,15	212,99
416,37	362,49
416,58	301,05
416,80	280,57
417,01	219,13
417,22	274,43
417,44	425,98
417,65	382,97
417,87	409,59
418,08	417,79
418,30	526,33
418,51	372,73
418,73	413,69
418,94	489,46
419,15	575,48
419,37	589,81
419,58	430,07
419,80	477,18
420,01	448,51
420,23	589,81
420,44	698,36
420,65	595,96
420,87	573,43
421,08	618,49
421,30	702,45
421,51	708,60
421,73	610,29
421,94	911,35
422,15	790,52
422,37	841,72
422,58	808,95
422,80	903,15
423,01	999,41
423,22	927,73
423,44	985,07
423,65	1052,66
423,87	1140,72
424,08	1144,81
424,29	1112,05
424,51	1310,70
424,72	1228,78
424,94	1181,68
425,15	1351,66
425,36	1402,86
425,58	1388,52
425,79	1261,55
426,01	1605,61
426,22	1529,83
426,43	1703,91
426,65	1726,44
426,86	1761,25
427,08	1847,27
427,29	1914,85
427,50	2013,15
427,72	1875,94
427,93	1929,19
428,14	2121,70
428,36	2254,81
428,57	2279,39
428,79	2369,50
429,00	2371,55
429,21	2506,71
429,43	2578,39
429,64	2594,78
429,85	2754,52
430,07	2815,96
430,28	3053,52
430,49	3237,84
430,71	3309,52
430,92	3510,22
431,14	3356,62
431,35	3463,12
431,56	3610,57
431,78	3649,48
431,99	3745,73
432,20	4220,86
432,42	4153,28
432,63	4399,04
432,84	4327,36
433,06	4388,80
433,27	4431,80
433,48	4726,71
433,70	4843,45
433,91	4896,69
434,12	4992,95
434,34	5283,76
434,55	5439,41
434,76	5654,44
434,98	5627,82
435,19	6002,60
435,40	6008,74
435,62	6131,62
435,83	6535,07
436,04	6627,23
436,26	6875,03
436,47	6746,01
436,68	6666,14
436,90	7237,52
437,11	7653,26
437,32	7847,82
437,54	8308,61
437,75	8097,67
437,96	8521,60
438,17	8750,97
438,39	8544,13
438,60	8927,10
438,81	9631,60
439,03	10219,36
439,24	10420,06
439,45	10964,82
439,67	10743,64
439,88	10786,65
440,09	11003,74
440,30	11452,24
440,52	11677,52
440,73	12586,82
440,94	12812,09
441,16	13016,89
441,37	13403,96
441,58	13606,70
441,80	14849,82
442,01	14784,29
442,22	15556,37
442,43	15253,27
442,65	16002,83
442,86	16094,99
443,07	16852,73
443,28	16967,42
443,50	17966,83
443,71	18554,60
443,92	18712,29
444,14	18945,76
444,35	20299,47
444,56	20455,11
444,77	21718,71
444,99	20498,12
445,20	21651,13
445,41	22066,86
445,62	23363,23
445,84	23666,33
446,05	24348,30
446,26	25470,59
446,47	23731,86
446,69	24647,30
446,90	26824,29
447,11	26240,62
447,32	25642,62
447,54	26836,58
447,75	27307,62
447,96	26801,77
448,17	27326,05
448,39	29337,15
448,60	28073,56
448,81	29541,95
449,02	28569,16
449,23	29695,55
449,45	31479,33
449,66	29935,16
449,87	30486,06
450,08	30764,59
450,30	30707,24
450,51	31979,03
450,72	31671,84
450,93	32876,04
451,15	32067,09
451,36	31366,69
451,57	31657,50
451,78	30727,72
451,99	33000,97
452,21	33601,02
452,42	31911,45
452,63	31585,82
452,84	30940,71
453,05	31440,42
453,27	31874,59
453,48	31436,32
453,69	30930,47
453,90	31254,05
454,11	31028,77
454,33	29957,69
454,54	30686,76
454,75	31411,74
454,96	30977,58
455,17	29656,64
455,39	29357,63
455,60	30031,41
455,81	30352,94
456,02	28388,94
456,23	27272,80
456,45	28358,22
456,66	26816,10
456,87	26404,46
457,08	27426,40
457,29	26844,77
457,50	25974,39
457,72	25251,45
457,93	24718,98
458,14	26297,97
458,35	25783,93
458,56	24905,35
458,77	24039,06
458,99	23969,43
459,20	22918,82
459,41	23359,13
459,62	21282,49
459,83	21976,75
460,04	22486,70
460,26	22156,97
460,47	21241,53
460,68	20428,49
460,89	20102,86
461,10	19502,81
461,31	20166,35
461,52	19457,75
461,74	19304,15
461,95	18691,81
462,16	18986,72
462,37	18992,86
462,58	18411,24
462,79	18122,48
463,00	18015,98
463,22	17977,07
463,43	17159,93
463,64	17041,15
463,85	16895,74
464,06	17346,30
464,27	16588,55
464,48	16518,92
464,70	16846,59
464,91	16783,10
465,12	16942,85
465,33	17137,40
465,54	16348,93
465,75	16322,31
465,96	16697,09
466,17	16004,88
466,38	16301,83
466,60	15902,48
466,81	15787,79
467,02	16561,92
467,23	15558,42
467,44	15370,01
467,65	15165,21
467,86	15003,42
468,07	16025,36
468,28	16002,83
468,50	15003,42
468,71	15204,12
468,92	15169,30
469,13	14761,76
469,34	14720,80
469,55	15230,74
469,76	15054,62
469,97	14368,55
470,18	14829,34
470,39	14878,49
470,60	14251,81
470,82	14022,44
471,03	14075,69
471,24	14460,71
471,45	13969,19
471,66	14085,93
471,87	14038,83
472,08	13604,66
472,29	13899,56
472,50	13870,89
472,71	13823,79
472,92	13465,39
473,13	13524,79
473,34	13471,54
473,55	13449,01
473,77	13526,83
473,98	13289,27
474,19	13158,20
474,40	13434,68
474,61	12873,53
474,82	12517,19
475,03	12674,88
475,24	12572,48
475,45	12781,37
475,66	12982,07
475,87	12691,26
476,08	12578,62
476,29	12504,90
476,50	12541,76
476,71	12449,60
476,92	12142,41
477,13	12451,65
477,34	12304,20
477,55	12121,93
477,76	12064,58
477,97	11837,26
478,18	12074,82
478,40	12126,02
478,61	12076,87
478,82	11980,62
479,03	11720,53
479,24	12076,87
479,45	12189,51
479,66	11734,86
479,87	11839,31
480,08	11611,98
480,29	11978,57
480,50	11726,67
480,71	11878,22
480,92	11833,16
481,13	11673,42
481,34	11650,89
481,55	11487,06
481,76	11833,16
481,97	11609,93
482,18	11702,09
482,39	11634,51
482,60	11556,69
482,81	11640,65
483,02	11652,94
483,23	11063,13
483,44	11605,84
483,65	11663,18
483,86	11478,86
484,07	11585,36
484,28	12119,88
484,49	11616,08
484,70	11880,27
484,91	11958,09
485,12	11700,05
485,33	11734,86
485,54	11558,74
485,75	11550,54
485,96	11628,37
486,17	11769,68
486,38	11503,44
486,59	11765,58
486,80	11661,13
487,01	11724,62
487,21	11638,61
487,42	11779,92
487,63	11777,87
487,84	11769,68
488,05	11841,36
488,26	11708,24
488,47	12011,34
488,68	11841,36
488,89	11814,73
489,10	11931,47
489,31	11847,50
489,52	12097,35
489,73	11691,85
489,94	11896,65
490,15	12027,72
490,36	11777,87
490,57	11808,59
490,78	11855,69
490,99	12093,26
491,20	12072,78
491,41	12226,37
491,61	12472,13
491,82	12156,74
492,03	12287,81
492,24	12197,70
492,45	12336,96
492,66	12437,31
492,87	12570,43
493,08	12203,85
493,29	12451,65
493,50	12695,36
493,71	12728,13
493,92	12734,27
494,13	12908,35
494,34	12779,32
494,54	13078,33
494,75	12787,52
494,96	13063,99
495,17	13403,96
495,38	13289,27
495,59	13475,63
495,80	13424,44
496,01	13287,22
496,22	13451,06
496,43	13635,38
496,64	13872,94
496,84	13961,00
497,05	14268,20
497,26	14313,25
497,47	14278,44
497,68	14370,60
497,89	14667,55
498,10	14616,35
498,31	14622,50
498,52	14892,83
498,72	14984,99
498,93	15269,66
499,14	15380,25
499,35	15763,22
499,56	15671,06
499,77	16117,51
499,98	16035,60
500,19	16066,31
500,40	16031,50
500,60	16621,31
500,81	16797,44
501,02	16920,32
501,23	17264,38
501,44	17616,63
501,65	17121,02
501,86	17618,68
502,06	18005,74
502,27	17927,92
502,48	18192,11
502,69	18376,42
502,90	18489,06
503,11	18687,71
503,32	18939,62
503,53	18990,81
503,73	19058,40
503,94	19515,09
504,15	19801,81
504,36	19865,30
504,57	19998,41
504,78	19695,32
504,98	20623,05
505,19	20293,32
505,40	20752,07
505,61	21159,61
505,82	21157,57
506,03	21542,58
506,23	22019,76
506,44	21999,28
506,65	22003,38
506,86	22113,97
507,07	22226,60
507,28	22871,72
507,48	22965,92
507,69	23258,78
507,90	23226,01
508,11	23764,63
508,32	23731,86
508,53	23834,26
508,73	24100,50
508,94	24305,29
509,15	24747,65
509,36	25009,79
509,57	24911,49
509,77	25362,05
509,98	25982,58
510,19	25661,05
510,40	26119,79
510,61	26177,14
510,81	26830,44
511,02	26775,14
511,23	27035,24
511,44	27213,41
511,65	27412,06
511,85	27545,18
512,06	27876,95
512,27	28280,40
512,48	28311,12
512,69	28769,86
512,89	29320,77
513,10	28573,26
513,31	29376,06
513,52	29455,93
513,73	30180,92
513,93	30445,10
514,14	29845,05
514,35	30635,56
514,56	30807,59
514,76	30813,74
514,97	30922,28
515,18	31446,56
515,39	31893,02
515,60	32003,61
515,80	32273,94
516,01	31925,78
516,22	32675,34
516,43	32693,77
516,63	32998,92
516,84	33226,24
517,05	33351,17
517,26	33766,91
517,46	33983,99
517,67	34139,64
517,88	34213,37
518,09	34321,91
518,29	35038,70
518,50	35200,49
518,71	35692,00
518,92	35640,80
519,12	35726,81
519,33	36111,83
519,54	36320,73
519,75	36519,38
519,95	36632,02
520,16	36947,40
520,37	37187,02
520,57	37686,72
520,78	38026,68
520,99	37975,48
521,20	38036,92
521,40	38436,28
521,61	38362,55
521,82	38573,49
522,03	38675,89
522,23	38661,55
522,44	39486,89
522,65	39355,82
522,85	39271,85
523,06	39400,87
523,27	39472,55
523,48	40195,48
523,68	39972,25
523,89	40412,57
524,10	40631,70
524,30	40965,52
524,51	41067,92
524,72	41059,73
524,93	40932,75
525,13	41526,66
525,34	41692,55
525,55	42167,68
525,75	41983,36
525,96	42089,85
526,17	42390,91
526,37	42640,76
526,58	42448,25
526,79	42726,77
526,99	42866,03
527,20	43572,58
527,41	42786,16
527,62	43445,61
527,82	43511,14
528,03	43791,72
528,24	44348,76
528,44	44680,53
528,65	44377,43
528,86	44395,87
529,06	44404,06
529,27	44295,52
529,48	44932,43
529,68	44766,55
529,89	44617,05
530,10	44703,06
530,30	45374,80
530,51	45253,97
530,72	45452,62
530,92	45331,79
531,13	46075,20
531,34	45526,35
531,54	45786,44
531,75	46024,00
531,96	46067,01
532,16	45997,38
532,37	46210,37
532,57	46658,87
532,78	46296,38
532,99	46951,73
533,19	46730,55
533,40	46611,77
533,61	46759,22
533,81	46355,77
534,02	47039,79
534,23	47047,99
534,43	47164,72
534,64	47201,58
534,84	47607,08
535,05	47326,51
535,26	47670,57
535,46	47863,08
535,67	47660,33
535,88	47602,99
536,08	48303,39
536,29	47578,41
536,49	47717,67
536,70	48389,41
536,91	48047,39
537,11	48624,92
537,32	48413,98
537,53	48479,52
537,73	48528,67
537,94	48176,42
538,14	48878,87
538,35	48231,71
538,56	48868,63
538,76	48270,62
538,97	48954,65
539,17	49106,19
539,38	49239,31
539,59	49487,12
539,79	49108,24
540,00	48690,46
540,20	48741,66
540,41	49155,35
540,62	49456,40
540,82	49532,17
541,03	49124,63
541,23	49777,93
541,44	49294,61
541,64	49698,06
541,85	49620,23
542,06	49579,28
542,26	50105,60
542,47	49614,09
542,67	49812,74
542,88	50033,92
543,08	49687,82
543,29	49894,66
543,50	49962,25
543,70	50156,80
543,91	49855,75
544,11	50431,23
544,32	50447,61
544,52	49917,19
544,73	50164,99
544,94	50189,57
545,14	50255,11
545,35	50541,82
545,55	50269,44
545,76	50533,63
545,96	50986,23
546,17	50650,36
546,37	50619,64
546,58	50128,13
546,78	50857,21
546,99	50664,70
547,20	50836,73
547,40	50703,61
547,61	51008,76
547,81	51129,59
548,02	50595,07
548,22	51105,01
548,43	50871,54
548,63	51119,35
548,84	50808,06
549,04	51019,00
549,25	51209,46
549,45	51037,43
549,66	50994,42
549,86	51303,67
550,07	51162,36
550,27	51283,19
550,48	51770,60
550,69	51662,06
550,89	51145,97
551,10	51426,54
551,30	51895,53
551,51	51492,08
551,71	51791,08
551,92	51854,57
552,12	51250,42
552,33	52002,02
552,53	51817,71
552,74	51406,06
552,94	51369,20
553,15	51528,94
553,35	51428,59
553,56	51770,60
553,76	51848,42
553,97	51922,15
554,17	52053,22
554,38	51938,54
554,58	52264,16
554,79	52108,52
554,99	52024,55
555,19	52124,90
555,40	51662,06
555,60	51760,36
555,81	52184,29
556,01	51799,27
556,22	52190,44
556,42	52788,44
556,63	52505,82
556,83	51705,07
557,04	51705,07
557,24	52303,07
557,45	52307,17
557,65	52202,72
557,86	52186,34
558,06	52722,91
558,27	52243,68
558,47	52395,23
558,67	52557,02
558,88	52337,89
559,08	52554,97
559,29	52413,66
559,49	52597,98
559,70	52624,60
559,90	52561,12
560,11	52681,95
560,31	52227,30
560,52	52657,37
560,72	52364,51
560,92	52602,08
561,13	52614,37
561,33	52507,87
561,54	52976,86
561,74	52294,88
561,95	52581,60
562,15	52849,88
562,35	52727,00
562,56	52839,64
562,76	52788,44
562,97	53269,72
563,17	52698,33
563,38	53107,93
563,58	52630,75
563,78	52636,89
563,99	52813,02
564,19	52839,64
564,40	53073,11
564,60	53105,88
564,80	52403,42
565,01	53460,18
565,21	52712,67
565,42	53464,27
565,62	52432,10
565,83	53050,58
566,03	52942,04
566,23	53310,67
566,44	53224,66
566,64	53374,16
566,85	52958,42
567,05	53374,16
567,25	52651,23
567,46	53136,60
567,66	53109,97
567,86	52911,32
568,07	53052,63
568,27	52468,96
568,48	53193,94
568,68	53212,37
568,88	52749,53
569,09	52825,31
569,29	53380,31
569,50	53609,68
569,70	52708,57
569,90	52954,33
570,11	52911,32
570,31	52667,61
570,51	52972,76
570,72	52866,27
570,92	52829,40
571,13	52804,83
571,33	52499,68
571,53	52985,05
571,74	52339,94
571,94	52700,38
572,14	52905,18
572,35	52892,89
572,55	52305,12
572,75	52870,36
572,96	52393,18
573,16	52595,93
573,36	52966,62
573,57	53023,96
573,77	52794,59
573,97	53005,53
574,18	52747,48
574,38	52509,92
574,59	52325,60
574,79	51901,67
574,99	52690,14
575,20	52350,18
575,40	52264,16
575,60	52393,18
575,81	52741,34
576,01	52856,03
576,21	52688,09
576,42	52600,03
576,62	52065,51
576,82	51963,11
577,02	52303,07
577,23	52370,66
577,43	53003,48
577,63	52712,67
577,84	52688,09
578,04	52475,10
578,24	51750,12
578,45	52411,62
578,65	51784,94
578,85	51764,46
579,06	51969,26
579,26	52260,07
579,46	52649,18
579,67	52030,69
579,87	52133,09
580,07	51657,96
580,27	51213,55
580,48	52231,40
580,68	51719,40
580,88	51426,54
581,09	51848,42
581,29	51150,07
581,49	51270,90
581,69	51746,03
581,90	51490,03
582,10	51729,64
582,30	51201,27
582,51	51469,55
582,71	50859,26
582,91	51428,59
583,11	50932,98
583,32	51248,37
583,52	51100,92
583,72	51119,35
583,93	50846,97
584,13	51027,19
584,33	50685,18
584,53	50582,78
584,74	50935,03
584,94	50629,88
585,14	50769,15
585,34	50707,71
585,55	50504,96
585,75	50547,96
585,95	50597,12
586,15	50560,25
586,36	50496,77
586,56	49982,73
586,76	49820,94
586,96	49802,50
587,17	50066,69
587,37	50468,09
587,57	49786,12
587,77	49853,70
587,98	50480,38
588,18	49698,06
588,38	50017,54
588,58	49505,55
588,79	49427,73
588,99	49175,83
589,19	49536,27
589,39	49186,07
589,60	49106,19
589,80	49007,89
590,00	49497,36
590,20	49108,24
590,40	48649,50
590,61	48532,76
590,81	48784,66
591,01	48823,58
591,21	48663,83
591,42	48674,07
591,62	48551,20
591,82	48327,97
592,02	48194,85
592,22	48710,94
592,43	47711,53
592,63	48502,04
592,83	48063,78
593,03	48188,70
593,23	48723,22
593,44	48049,44
593,64	47549,74
593,84	48203,04
594,04	47932,71
594,24	47588,65
594,45	47643,94
594,65	47578,41
594,85	47070,51
595,05	47840,55
595,25	48037,16
595,46	47496,49
595,66	46953,78
595,86	47189,30
596,06	47320,37
596,26	47189,30
596,46	47234,35
596,67	46843,19
596,87	46591,29
597,07	46654,78
597,27	47066,42
597,47	47068,47
597,67	46488,89
597,88	46636,34
598,08	46695,74
598,28	46421,31
598,48	46325,05
598,68	46499,13
598,88	46671,16
599,09	46503,23
599,29	46241,09
599,49	46165,31
599,69	46294,33
599,89	46271,81
600,09	46216,51
600,30	45987,14
600,50	46128,45
600,70	46425,40
600,90	45432,14
601,10	45671,75
601,30	45927,75
601,50	46232,89
601,71	45489,48
601,91	45399,37
602,11	45483,34
602,31	45567,30
602,51	45245,77
602,71	45159,76
602,91	45333,84
603,11	45600,07
603,32	44406,11
603,52	44479,83
603,72	44848,47
603,92	45118,80
604,12	44739,93
604,32	44817,75
604,52	44997,97
604,72	45094,22
604,93	44901,71
605,13	44739,93
605,33	44195,17
605,53	44610,90
605,73	44215,65
605,93	44354,91
606,13	43509,10
606,33	44420,44
606,53	43656,55
606,74	44035,42
606,94	44455,26
607,14	43867,49
607,34	44103,01
607,54	43945,31
607,74	43814,24
607,94	43609,45
608,14	43724,13
608,34	43816,29
608,54	43373,93
608,74	43410,79
608,95	43875,68
609,15	43642,21
609,35	42978,67
609,55	43322,73
609,75	43183,47
609,95	43066,73
610,15	42872,18
610,35	43505,00
610,55	42456,44
610,75	42460,54
610,95	42298,75
611,15	42904,95
611,35	42399,10
611,55	42286,46
611,76	42407,29
611,96	42775,92
612,16	42460,54
612,36	42761,59
612,56	41966,98
612,76	41870,72
612,96	41588,10
613,16	42192,25
613,36	42044,80
613,56	42161,53
613,76	41569,67
613,96	41758,08
614,16	42009,98
614,36	41899,39
614,56	41573,77
614,76	41606,53
614,96	41323,91
615,16	41639,30
615,36	41338,25
615,56	41348,49
615,76	41321,87
615,97	41872,77
616,17	40848,78
616,37	41162,12
616,57	40840,59
616,77	40856,98
616,97	40848,78
617,17	40725,91
617,37	41045,39
617,57	40459,67
617,77	40629,65
617,97	40574,36
618,17	40457,62
618,37	40551,83
618,57	40355,22
618,77	39832,99
618,97	39808,42
619,17	39521,70
619,37	40324,50
619,57	39751,07
619,77	39861,66
619,97	40326,55
620,17	39755,17
620,37	39472,55
620,57	39531,94
620,77	39912,86
620,97	39370,15
621,17	39605,67
621,37	38933,93
621,57	39339,43
621,77	38919,60
621,97	39202,22
622,17	38843,82
622,37	39022,00
622,57	38489,52
622,77	38712,75
622,97	38720,95
623,17	38518,20
623,37	38802,86
623,57	38561,20
623,77	38393,27
623,97	38233,53
624,16	37875,13
624,36	38391,22
624,56	37789,12
624,76	37576,13
624,96	38057,40
625,16	37836,22
625,36	37569,99
625,56	38112,70
625,76	37952,96
625,96	37463,49
626,16	37326,28
626,36	37690,82
626,56	37350,85
626,76	37221,83
626,96	37121,48
627,16	37119,43
627,36	37045,71
627,56	36435,41
627,76	37455,30
627,96	36550,10
628,16	36699,60
628,35	36607,44
628,55	36595,15
628,75	36152,79
628,95	36546,00
629,15	36056,54
629,35	36206,04
629,55	35900,89
629,75	35306,98
629,95	36273,62
630,15	35775,97
630,35	35726,81
630,55	35417,57
630,75	35302,89
630,95	35298,79
631,14	35706,34
631,34	35345,89
631,54	35255,78
631,74	35114,47
631,94	34756,08
632,14	34784,75
632,34	34809,32
632,54	35050,99
632,74	34604,53
632,94	34659,82
633,14	34760,17
633,33	34432,50
633,53	34393,59
633,73	34643,44
633,93	34418,16
634,13	34582,00
634,33	34055,67
634,53	34223,61
634,73	33656,32
634,93	33707,52
635,12	33637,89
635,32	33406,47
635,52	33793,53
635,72	33267,20
635,92	33670,65
636,12	32917,00
636,32	33562,11
636,52	32953,87
636,71	33228,29
636,91	32794,12
637,11	32980,49
637,31	32763,40
637,51	32640,53
637,71	33005,06
637,91	32400,91
638,11	32019,99
638,30	32654,86
638,50	32755,21
638,70	32562,70
638,90	31995,42
639,10	31815,19
639,30	31823,39
639,50	31309,35
639,69	31985,18
639,89	31596,06
640,09	31520,29
640,29	31172,13
640,49	31254,05
640,69	31118,89
640,88	31069,73
641,08	31024,68
641,28	31354,40
641,48	30866,99
641,68	30721,58
641,88	30592,56
642,07	30459,44
642,27	30703,15
642,47	30060,09
642,67	30275,12
642,87	30113,33
643,07	30172,72
643,26	30295,60
643,46	30322,23
643,66	30027,32
643,86	29292,10
644,06	29711,93
644,26	29789,75
644,45	29652,54
644,65	29470,27
644,85	29265,47
645,05	29275,71
645,25	29062,72
645,44	28968,52
645,64	28898,89
645,84	29238,85
646,04	28538,44
646,24	29001,29
646,43	28532,30
646,63	28601,93
646,83	28077,65
647,03	28261,97
647,23	28130,90
647,42	28548,68
647,62	27582,04
647,82	27786,84
648,02	27809,37
648,22	27344,48
648,41	27803,22
648,61	27280,99
648,81	27346,53
649,01	27276,90
649,20	27063,91
649,40	27182,69
649,60	27141,73
649,80	26699,37
650,00	26543,72
650,19	26570,35
650,39	26494,57
650,59	26533,48
650,79	26334,83
650,98	26240,62
651,18	26089,07
651,38	25804,41
651,58	25947,76
651,77	25906,80
651,97	25564,79
652,17	25828,98
652,37	25210,50
652,56	25734,78
652,76	25374,33
652,96	25392,76
653,16	25257,60
653,35	25273,98
653,55	24968,84
653,75	25069,19
653,95	24487,56
654,14	24737,41
654,34	24700,55
654,54	24632,97
654,74	24211,09
654,93	24102,54
655,13	23977,62
655,33	23977,62
655,52	23942,80
655,72	24034,96
655,92	23578,26
656,12	23742,10
656,31	23604,89
656,51	23320,22
656,71	23144,09
656,91	23215,77
657,10	23217,82
657,30	23021,22
657,50	22566,57
657,69	22867,62
657,89	22773,41
658,09	22570,66
658,29	22439,59
658,48	22363,82
658,68	22455,98
658,88	22242,99
659,07	22230,70
659,27	22154,93
659,47	21956,27
659,66	22132,40
659,86	21948,08
660,06	21669,56
660,26	21708,47
660,45	21378,75
660,65	21356,22
660,85	21284,54
661,04	21458,62
661,24	21087,93
661,44	20788,93
661,63	20960,96
661,83	20909,76
662,03	20764,36
662,22	20713,16
662,42	20721,35
662,62	20313,80
662,81	20633,29
663,01	20207,31
663,21	20266,70
663,40	19924,69
663,60	20088,53
663,80	19609,30
663,99	20018,89
664,19	19590,87
664,39	19734,23
664,58	19367,64
664,78	19408,60
664,98	19232,47
665,17	19349,21
665,37	19103,45
665,57	18728,67
665,76	18876,13
665,96	18738,91
666,16	18747,11
666,35	18632,42
666,55	18413,29
666,74	18534,12
666,94	18708,19
667,14	18407,14
667,33	18048,75
667,53	18351,85
667,73	17956,59
667,92	17999,60
668,12	18255,59
668,32	17915,63
668,51	17547,00
668,71	17776,37
668,90	17503,99
669,10	17362,68
669,30	17647,35
669,49	17336,06
669,69	17213,18
669,89	17346,30
670,08	17268,47
670,28	16961,28
670,47	16873,21
670,67	17094,40
670,87	16760,58
671,06	16672,51
671,26	16598,79
671,45	16430,85
671,65	16541,44
671,85	16586,50
672,04	16373,51
672,24	16152,33
672,43	15927,05
672,63	15757,07
672,83	16021,26
673,02	15709,97
673,22	15845,13
673,41	15494,93
673,61	15695,63
673,81	15623,95
674,00	15652,63
674,20	15318,81
674,39	15380,25
674,59	15388,44
674,78	15118,11
674,98	15208,22
675,18	15083,29
675,37	15339,29
675,57	14671,65
675,76	14739,23
675,96	14567,20
676,15	14745,38
676,35	14640,93
676,55	14421,80
676,74	14307,11
676,94	14307,11
677,13	14311,21
677,33	14264,10
677,52	14249,77
677,72	14163,75
677,91	14028,59
678,11	13950,76
678,31	13707,05
678,50	14001,96
678,70	13791,02
678,89	13694,77
679,09	13836,08
679,28	13731,63
679,48	13457,20
679,67	13317,94
679,87	13301,56
680,06	13379,38
680,26	13080,38
680,46	12977,98
680,65	12937,02
680,85	13096,76
681,04	13047,61
681,24	12595,01
681,43	12650,30
681,63	12816,19
681,82	12470,08
682,02	12535,62
682,21	12586,82
682,41	12721,98
682,60	12269,38
682,80	12222,28
682,99	12203,85
683,19	12298,05
683,38	12138,31
683,58	11980,62
683,77	11999,05
683,97	11906,89
684,16	11810,64
684,36	12078,92
684,55	11759,44
684,75	11601,74
684,94	11614,03
685,14	11556,69
685,33	11329,36
685,53	11579,22
685,72	11587,41
685,92	11558,74
686,11	11366,23
686,31	11253,59
686,50	11157,33
686,70	11304,79
686,89	11073,37
687,09	11016,02
687,28	10647,39
687,48	10786,65
687,67	10893,15
687,87	10706,78
688,06	10921,82
688,26	10624,86
688,45	10671,97
688,65	10571,61
688,84	10518,37
689,03	10409,83
689,23	10114,92
689,42	10286,95
689,62	10153,83
689,81	10110,82
690,01	10016,62
690,20	9901,93
690,40	10121,06
690,59	10045,29
690,79	9951,08
690,98	10069,86
691,17	9791,34
691,37	9844,59
691,56	9801,58
691,76	9555,82
691,95	9715,56
692,15	9695,08
692,34	9842,54
692,54	9375,60
692,73	9394,03
692,92	9486,19
693,12	9275,25
693,31	9138,04
693,51	9176,95
693,70	8992,63
693,90	9125,75
694,09	9135,99
694,28	8996,73
694,48	9033,59
694,67	8843,13
694,87	8900,47
695,06	8814,46
695,26	8564,61
695,45	8525,69
695,64	8521,60
695,84	8492,93
696,03	8531,84
696,23	8576,89
696,42	8607,61
696,61	8454,02
696,81	8400,77
697,00	8380,29
697,20	8214,40
697,39	8273,79
697,58	8421,25
697,78	8152,96
697,97	8105,86
698,17	8003,46
698,36	8058,76
698,55	7784,33
698,75	7956,36
698,94	8032,13
699,14	7919,50
699,33	7817,10
699,52	7767,95
699,72	7673,74
699,91	7563,15
700,10	7526,29
700,30	7376,78
700,49	7378,83
700,69	7466,89
700,88	7434,13
701,07	7294,86
701,27	7190,42
701,46	7174,03
701,65	7118,74
701,85	7108,50
702,04	7202,71
702,23	7124,88
702,43	6934,42
702,62	6952,85
702,82	6995,86
703,01	6850,46
703,20	6909,85
703,40	7167,89
703,59	6817,69
703,78	6752,15
703,98	6754,20
704,17	6676,38
704,36	6844,31
704,56	6616,99
704,75	6606,75
704,94	6535,07
705,14	6586,27
705,33	6330,27
705,52	6518,68
705,72	6283,17
705,91	6360,99
706,10	6281,12
706,30	6219,68
706,49	6074,28
706,68	6061,99
706,88	6287,26
707,07	5930,92
707,26	6092,71
707,46	6064,04
707,65	6033,32
707,84	6051,75
708,04	5900,20
708,23	5836,71
708,42	5830,57
708,62	5795,75
708,81	5646,25
709,00	5679,02
709,19	5875,62
709,39	5619,63
709,58	5496,75
709,77	5476,27
709,97	5506,99
710,16	5558,19
710,35	5408,69
710,55	5392,30
710,74	5560,24
710,93	5425,07
711,12	5500,84
711,32	5220,27
711,51	5218,22
711,70	5250,99
711,90	5242,80
712,09	5265,33
712,28	5113,78
712,47	5230,51
712,67	5099,44
712,86	5181,36
713,05	5126,07
713,24	4908,98
713,44	4943,80
713,63	4980,66
713,82	4954,04
714,02	4808,63
714,21	5013,43
714,40	4679,61
714,59	4714,42
714,79	4790,20
714,98	4788,15
715,17	4782,01
715,36	4548,54
715,56	4517,82
715,75	4771,77
715,94	4566,97
716,13	4542,39
716,33	4435,90
716,52	4558,78
716,71	4362,17
716,90	4351,93
717,10	4534,20
717,29	4186,05
717,48	4370,37
717,67	4263,87
717,87	4173,76
718,06	4333,50
718,25	4313,02
718,44	4128,70
718,63	4052,93
718,83	4210,62
719,02	4169,66
719,21	4145,09
719,40	3907,52
719,60	4075,46
719,79	3944,39
719,98	3991,49
720,17	3829,70
720,36	4022,21
720,56	3854,28
720,75	3868,61
720,94	3774,41
721,13	3721,16
721,33	3745,73
721,52	3719,11
721,71	3749,83
721,90	3768,26
722,09	3688,39
722,29	3563,47
722,48	3577,80
722,67	3723,21
722,86	3575,75
723,05	3596,23
723,24	3424,20
723,44	3508,17
723,63	3534,79
723,82	3344,33
724,01	3454,92
724,20	3424,20
724,40	3358,67
724,59	3387,34
724,78	3344,33
724,97	3342,29
725,16	3452,88
725,35	3200,98
725,55	3221,45
725,74	3162,06
725,93	3166,16
726,12	3219,41
726,31	3176,40
726,51	3151,82
726,70	3110,86
726,89	3063,76
727,08	2826,20
727,27	2967,51
727,46	3078,10
727,65	2936,79
727,85	3051,47
728,04	2881,49
728,23	2856,92
728,42	3047,38
728,61	2930,64
728,80	2889,68
729,00	2676,70
729,19	2932,69
729,38	2944,98
729,57	2820,05
729,76	2625,50
729,95	2795,48
730,14	2662,36
730,33	2697,17
730,53	2658,26
730,72	2715,61
730,91	2623,45
731,10	2680,79
731,29	2512,86
731,48	2510,81
731,67	2519,00
731,86	2451,42
732,06	2469,85
732,25	2580,44
732,44	2365,40
732,63	2478,04
732,82	2432,99
733,01	2461,66
733,20	2357,21
733,39	2463,71
733,59	2406,36
733,78	2199,52
733,97	2189,28
734,16	2258,91
734,35	2437,08
734,54	2441,18
734,73	2285,53
734,92	2260,96
735,11	2172,89
735,30	2291,68
735,49	2129,89
735,69	2109,41
735,88	2111,46
736,07	2158,56
736,26	2211,81
736,45	2138,08
736,64	1996,77
736,83	2156,51
737,02	2047,97
737,21	2080,74
737,40	2000,87
737,59	1943,52
737,78	2047,97
737,98	2074,59
738,17	1816,55
738,36	1773,54
738,55	1996,77
738,74	2054,11
738,93	1943,52
739,12	1959,91
739,31	1843,17
739,50	1974,24
739,69	1853,41
739,88	1726,44
740,07	1824,74
740,26	1789,92
740,45	1724,39
740,64	1802,21
740,83	1757,16
741,02	1751,01
741,22	1767,40
741,41	1638,38
741,60	1751,01
741,79	1640,42
741,98	1845,22
742,17	1652,71
742,36	1716,20
742,55	1732,58
742,74	1544,17
742,93	1736,68
743,12	1609,70
743,31	1675,24
743,50	1523,69
743,69	1525,74
743,88	1486,83
744,07	1585,13
744,26	1538,02
744,45	1572,84
744,64	1597,42
744,83	1425,39
745,02	1339,37
745,21	1404,91
745,40	1398,76
745,59	1310,70
745,78	1484,78
745,97	1488,87
746,16	1513,45
746,35	1406,95
746,54	1468,39
746,73	1413,10
746,92	1466,35
747,11	1269,74
747,30	1513,45
747,49	1343,47
747,68	1265,64
747,87	1366,00
748,06	1316,84
748,25	1304,56
748,44	1337,32
748,63	1368,04
748,82	1257,45
749,01	1327,08
749,20	1234,93
749,39	1284,08
749,58	1220,59
749,77	1310,70
749,96	1216,49
750,15	1175,53
750,34	1175,53
750,53	1169,39
750,72	1181,68
750,91	1196,01
751,10	1269,74
751,29	1142,77
751,48	1155,05
751,67	1120,24
751,86	1118,19
752,04	1073,14
752,23	1200,11
752,42	1034,22
752,61	933,87
752,80	1036,27
752,99	962,55
753,18	927,73
753,37	1069,04
753,56	1015,79
753,75	1001,46
753,94	987,12
754,13	1091,57
754,32	1001,46
754,51	892,91
754,70	964,59
754,89	1081,33
755,08	1019,89
755,27	1146,86
755,45	1034,22
755,64	942,07
755,83	901,11
756,02	1021,94
756,21	1034,22
756,40	894,96
756,59	958,45
756,78	915,44
756,97	997,36
757,16	894,96
757,35	956,40
757,54	925,68
757,72	933,87
757,91	948,21
758,10	897,01
758,29	892,91
758,48	976,88
758,67	1064,94
758,86	890,87
759,05	847,86
759,24	911,35
759,43	931,83
759,61	892,91
759,80	1015,79
759,99	927,73
760,18	872,43
760,37	993,26
760,56	933,87
760,75	925,68
760,94	759,80
761,13	950,26
761,31	874,48
761,50	811,00
761,69	931,83
761,88	892,91
762,07	864,24
762,26	884,72
762,45	911,35
762,64	860,15
762,82	841,72
763,01	987,12
763,20	854,00
763,39	958,45
763,58	876,53
763,77	796,66
763,96	825,33
764,14	755,70
764,33	679,93
764,52	872,43
764,71	784,37
764,90	692,21
765,09	591,86
765,27	722,93
765,46	651,25
765,65	753,65
765,84	681,97
766,03	716,79
766,22	681,97
766,41	600,05
766,59	585,72
766,78	731,12
766,97	546,81
767,16	729,08
767,35	602,10
767,54	458,74
767,72	616,44
767,91	659,45
768,10	585,72
768,29	612,34
768,48	579,58
768,66	542,71
768,85	612,34
769,04	552,95
769,23	475,13
769,42	417,79
769,61	581,62
769,79	511,99
769,98	669,69
770,17	382,97
770,36	432,12
770,55	516,09
770,73	428,03
770,92	430,07
771,11	354,30
771,30	471,03
771,49	415,74
771,67	501,75
771,86	452,60
772,05	477,18
772,24	292,86
772,42	419,83
772,61	292,86
772,80	335,87
772,99	296,96
773,18	468,98
773,36	485,37
773,55	411,64
773,74	452,60
773,93	374,78
774,11	481,27
774,30	354,30
774,49	511,99
774,68	360,44
774,87	364,54
775,05	329,72
775,24	389,11
775,43	415,74
775,62	276,48
775,80	352,25
775,99	362,49
776,18	407,55
776,37	356,35
776,55	333,82
776,74	299,00
776,93	387,07
777,12	301,05
777,30	274,43
777,49	309,24
777,68	321,53
777,87	307,20
778,05	329,72
778,24	385,02
778,43	286,72
778,62	362,49
778,80	307,20
778,99	294,91
779,18	352,25
779,36	307,20
779,55	329,72
779,74	352,25
779,93	333,82
780,11	258,04
780,30	362,49
780,49	208,89
780,68	333,82
780,86	247,80
781,05	241,66
781,24	247,80
781,42	325,63
781,61	423,93
781,80	305,15
781,98	327,67
782,17	237,56
782,36	194,56
782,55	296,96
782,73	145,41
782,92	362,49
783,11	229,37
783,29	278,52
783,48	278,52
783,67	210,94
783,85	290,81
784,04	210,94
784,23	266,24
784,42	282,62
784,60	200,70
784,79	276,48
784,98	210,94
785,16	212,99
785,35	221,18
785,54	325,63
785,72	190,46
785,91	133,12
786,10	186,37
786,28	184,32
786,47	96,25
786,66	264,19
786,84	169,98
787,03	221,18
787,22	342,01
787,40	124,93
787,59	124,93
787,78	192,51
787,96	348,15
788,15	284,67
788,34	251,90
788,52	180,22
788,71	174,08
788,89	180,22
789,08	280,57
789,27	243,71
789,45	194,56
789,64	217,08
789,83	147,45
790,01	100,35
790,20	90,11
790,39	198,65
790,57	137,21
790,76	217,08
790,95	129,02
791,13	186,37
791,32	219,13
791,50	167,93
791,69	133,12
791,88	143,36
792,06	133,12
792,25	86,01
792,43	169,98
792,62	104,45
792,81	190,46
792,99	124,93
793,18	126,97
793,37	73,73
793,55	110,59
793,74	159,74
793,92	182,27
794,11	139,26
794,30	153,60
794,48	86,01
794,67	249,85
794,85	129,02
795,04	122,88
795,23	86,01
795,41	194,56
795,60	190,46
795,78	79,87
795,97	137,21
796,15	57,34
796,34	100,35
796,53	182,27
796,71	14,34
796,90	147,45
797,08	-16,38
797,27	30,72
797,46	102,40
797,64	172,03
797,83	126,97
798,01	159,74
798,20	32,77
798,38	163,84
798,57	-18,43
798,76	32,77
798,94	73,73
799,13	147,45
799,31	77,82
799,50	75,77
799,68	65,54
799,87	106,49
800,05	51,20
800,24	149,50
800,43	53,25
800,61	79,87
800,80	217,08
800,98	67,58
801,17	133,12
801,35	98,30
801,54	98,30
801,72	149,50
801,91	92,16
802,09	167,93
802,28	92,16
802,46	90,11
802,65	102,40
802,84	131,07
803,02	65,54
803,21	88,06
803,39	100,35
803,58	-51,20
803,76	24,58
803,95	40,96
804,13	86,01
804,32	94,21
804,50	147,45
804,69	79,87
804,87	90,11
805,06	-20,48
805,24	51,20
805,43	79,87
805,61	149,50
805,80	43,01
805,98	86,01
806,17	40,96
806,35	71,68
806,54	81,92
806,72	14,34
806,91	14,34
807,09	83,97
807,28	-2,05
807,46	94,21
807,65	-141,31
807,83	12,29
808,02	71,68
808,20	129,02
808,39	102,40
808,57	34,82
808,76	24,58
808,94	77,82
809,13	45,06
809,31	12,29
809,49	40,96
809,68	-10,24
809,86	30,72
810,05	12,29
810,23	69,63
810,42	47,10
810,60	57,34
810,79	-40,96
810,97	59,39
811,16	16,38
811,34	32,77
811,53	129,02
811,71	12,29
811,89	124,93
812,08	215,04
812,26	22,53
812,45	110,59
812,63	34,82
812,82	-20,48
813,00	20,48
813,19	65,53
813,37	135,17
813,55	96,25
813,74	4,10
813,92	47,10
814,11	51,20
814,29	-20,48
814,48	63,49
814,66	20,48
814,84	-8,19
815,03	6,14
815,21	86,01
815,40	36,86
815,58	118,78
815,77	126,97
815,95	-26,62
816,13	12,29
816,32	65,54
816,50	-10,24
816,69	90,11
816,87	38,91
817,05	43,01
817,24	92,16
817,42	28,67
817,61	186,37
817,79	49,15
817,97	104,45
818,16	-14,34
818,34	75,77
818,53	16,38
818,71	4,10
818,89	67,58
819,08	-116,73
819,26	65,54
819,45	100,35
819,63	81,92
819,81	77,82
820,00	59,39
820,18	-32,77
820,36	92,16
820,55	51,20
820,73	77,82
820,92	-110,59
821,10	-8,19
821,28	-26,62
821,47	-45,06
821,65	-2,05
821,83	4,10
822,02	100,35
822,20	65,54
822,39	26,62
822,57	4,10
822,75	-120,83
822,94	-94,21
823,12	63,49
823,30	30,72
823,49	86,01
823,67	-71,68
823,85	77,82
824,04	73,73
824,22	112,64
824,40	22,53
824,59	-4,10
824,77	-2,05
824,95	36,86
825,14	43,01
825,32	57,34
825,50	129,02
825,69	-81,92
825,87	12,29
826,05	-26,62
826,24	-22,53
826,42	163,84
826,60	12,29
826,79	24,58
826,97	-22,53
827,15	-10,24
827,34	8,19
827,52	-8,19
827,70	-79,87
827,89	-77,82
828,07	100,35
828,25	-30,72
828,44	12,29
828,62	-2,05
828,80	-118,78
828,98	-69,63
829,17	77,82
829,35	4,10
829,53	14,34
829,72	36,86
829,90	-47,10
830,08	40,96
830,27	-28,67
830,45	-67,58
830,63	-10,24
830,81	-6,14
831,00	81,92
831,18	-75,77
831,36	-90,11
831,55	-45,06
831,73	-8,19
831,91	69,63
832,09	59,39
832,28	49,15
832,46	-20,48
832,64	10,24
832,82	63,49
833,01	-100,35
833,19	-67,58
833,37	-81,92
833,55	10,24
833,74	22,53
833,92	69,63
834,10	-10,24
834,29	-18,43
834,47	26,62
834,65	14,34
834,83	77,82
835,02	-65,54
835,20	-24,58
835,38	34,82
835,56	30,72
835,75	45,06
835,93	-32,77
836,11	-20,48
836,29	-98,30
836,47	-24,58
836,66	-51,20
836,84	-86,01
837,02	-22,53
837,20	-30,72
837,39	49,15
837,57	-63,49
837,75	47,10
837,93	4,10
838,12	-96,25
838,30	-30,72
838,48	-32,77
838,66	53,25
838,84	94,21
839,03	-16,38
839,21	32,77
839,39	-79,87
839,57	-71,68
839,75	-122,88
839,94	-57,34
840,12	-43,01
840,30	24,58
840,48	63,49
840,66	14,34
840,85	-57,34
841,03	53,25
841,21	-32,77
841,39	38,91
841,57	-88,06
841,76	-32,77
841,94	-43,01
842,12	-24,58
842,30	-16,38
842,48	-92,16
842,67	-45,06
842,85	18,43
843,03	36,86
843,21	-81,92
843,39	-2,05
843,57	-131,07
843,76	2,05
843,94	-43,01
844,12	4,10
844,30	-104,45
844,48	-38,91
844,66	69,63
844,85	-106,49
845,03	-129,02
845,21	-14,34
845,39	-34,82
845,57	-92,16
845,75	-131,07
845,94	-51,20
846,12	-10,24
846,30	-36,86
846,48	-108,54
846,66	-124,93
846,84	-14,34
847,02	-106,49
847,21	22,53
847,39	-75,77
847,57	-135,17
847,75	-16,38
847,93	45,06
848,11	12,29
848,29	-12,29
848,48	-114,69
848,66	-61,44
848,84	-28,67
849,02	-47,10
849,20	-59,39
849,38	-77,82
849,56	-98,30
849,74	-43,01
849,93	53,25
850,11	-45,06
850,29	-63,49
850,47	36,86
850,65	43,01
850,83	-43,01
851,01	-14,34
851,19	-137,21
851,37	-51,20
851,56	-61,44
851,74	-112,64
851,92	-36,86
852,10	-86,01
852,28	-2,05
852,46	-14,34
852,64	20,48
852,82	-16,38
853,00	22,53
853,18	114,69
853,37	-86,01
853,55	-38,91
853,73	-92,16
853,91	-92,16
854,09	49,15
854,27	-81,92
854,45	-8,19
854,63	-88,06
854,81	0,00
854,99	-2,05
855,17	-143,36
855,35	108,54
855,53	-67,58
855,72	-36,86
855,90	-55,30
856,08	-57,34
856,26	-61,44
856,44	-90,11
856,62	26,62
856,80	-79,87
856,98	-83,97
857,16	32,77
857,34	-57,34
857,52	-32,77
857,70	-57,34
857,88	-98,30
858,06	-71,68
858,24	26,62
858,42	22,53
858,60	-61,44
858,78	6,14
858,96	-51,20
859,15	2,05
859,33	-10,24
859,51	55,30
859,69	65,54
859,87	-24,58
860,05	-2,05
860,23	-77,82
860,41	20,48
860,59	30,72
860,77	-6,14
860,95	-102,40
861,13	-20,48
861,31	-26,62
861,49	-32,77
861,67	-129,02
861,85	-61,44
862,03	-45,06
862,21	-30,72
862,39	-63,49
862,57	-16,38
862,75	65,53
862,93	16,38
863,11	-110,59
863,29	-16,38
863,47	-73,73
863,65	-110,59
863,83	88,06
864,01	-118,78
864,19	-133,12
864,37	10,24
864,55	30,72
864,73	-6,14
864,91	-188,41
865,09	147,45
865,27	-75,77
865,45	-73,73
865,63	-26,62
865,81	-4,10
865,99	-34,82
866,17	0,00
866,35	-90,11
866,53	-59,39
866,71	-122,88
866,89	38,91
867,07	83,97
867,24	-104,45
867,42	-4,10
867,60	-51,20
867,78	51,20
867,96	-30,72
868,14	-61,44
868,32	-55,30
868,50	-104,45
868,68	-10,24
868,86	-20,48
869,04	-12,29
869,22	51,20
869,40	-104,45
869,58	59,39
869,76	-34,82
869,94	6,14
870,12	18,43
870,30	-12,29
870,48	-65,54
870,66	-65,54
870,83	-108,54
871,01	-8,19
871,19	-98,30
871,37	-86,01
871,55	-2,05
871,73	-57,34
871,91	-57,34
872,09	98,30
872,27	-45,06
872,45	-6,14
872,63	-40,96
872,81	-51,20
872,98	-120,83
873,16	157,69
873,34	28,67
873,52	-116,73
873,70	83,97
873,88	-49,15
874,06	16,38
874,24	-4,10
874,42	-8,19
874,60	-2,05
874,78	55,30
874,95	38,91
875,13	-49,15
875,31	-22,53
875,49	-79,87
875,67	-139,26
875,85	-94,21
876,03	-69,63
876,21	26,62
876,39	24,58
876,56	38,91
876,74	-96,25
876,92	10,24
877,10	-10,24
877,28	-49,15
877,46	-51,20
877,64	-40,96
877,82	32,77
877,99	-10,24
878,17	10,24
878,35	-71,68
878,53	38,91
878,71	47,10
878,89	-57,34
879,07	-36,86
879,24	-24,58
879,42	-73,73
879,60	-20,48
879,78	-77,82
879,96	-45,06
880,14	86,01
880,32	73,73
880,49	-53,25
880,67	-14,34
880,85	18,43
881,03	-61,44
881,21	-38,91
881,39	55,30
881,56	-61,44
881,74	61,44
881,92	47,10
882,10	-53,25
882,28	-40,96
882,46	-22,53
882,63	38,91
882,81	-118,78
882,99	-47,10
883,17	-43,01
883,35	-83,97
883,52	-59,39
883,70	-102,40
883,88	-45,06
884,06	81,92
884,24	-12,29
884,42	0,00
884,59	12,29
884,77	-53,25
884,95	16,38
885,13	-71,68
885,31	-36,86
885,48	-22,53
885,66	-135,17
885,84	-38,91
886,02	-135,17
886,20	-20,48
886,37	-43,01
886,55	-8,19
886,73	38,91
886,91	2,05
887,08	-55,30
887,26	-120,83
887,44	-40,96
887,62	-55,30
887,80	-110,59
887,97	-118,78
888,15	-116,73
888,33	-77,82
888,51	-43,01
888,68	-8,19
888,86	-38,91
889,04	26,62
889,22	32,77
889,40	-2,05
889,57	-43,01
889,75	75,77
889,93	24,58
890,11	-26,62
890,28	-22,53
890,46	-96,25
890,64	-110,59
890,82	-75,77
890,99	-81,92
891,17	-159,74
891,35	-4,10
891,53	-104,45
891,70	2,05
891,88	-83,97
892,06	-61,44
892,24	-51,20
892,41	-65,54
892,59	-120,83
892,77	-73,73
892,94	-38,91
893,12	2,05
893,30	-16,38
893,48	-63,49
893,65	-143,36
893,83	-12,29
894,01	-100,35
894,19	-26,62
894,36	47,10
894,54	8,19
894,72	-43,01
894,89	-20,48
895,07	-28,67
895,25	71,68
895,43	-53,25
895,60	-34,82
895,78	-94,21
895,96	-30,72
896,13	6,14
896,31	-49,15
896,49	22,53
896,66	24,58
896,84	-18,43
897,02	-34,82
897,20	-8,19
897,37	-57,34
897,55	-12,29
897,73	51,20
897,90	-43,01
898,08	-49,15
898,26	30,72
898,43	-8,19
898,61	53,25
898,79	-28,67
898,96	-26,62
899,14	45,06
899,32	49,15
899,49	24,58
899,67	51,20
899,85	4,10
900,02	-10,24
900,20	-6,14
900,38	24,58
900,55	-40,96
900,73	6,14
900,91	36,86
901,08	-18,43
901,26	30,72
901,44	51,20
901,61	30,72
901,79	-34,82
901,97	-2,05
902,14	-55,30
902,32	-71,68
902,50	4,10
902,67	40,96
902,85	-40,96
903,02	57,34
903,20	61,44
903,38	-98,30
903,55	-57,34
903,73	-45,06
903,91	16,38
904,08	32,77
904,26	-129,02
904,44	34,82
904,61	8,19
904,79	-104,45
904,96	-8,19
905,14	47,10
905,32	-40,96
905,49	24,58
905,67	-59,39
905,84	49,15
906,02	-36,86
906,20	-34,82
906,37	49,15
906,55	-59,39
906,73	-67,58
906,90	83,97
907,08	14,34
907,25	-38,91
907,43	22,53
907,61	38,91
907,78	47,10
907,96	0,00
908,13	-49,15
908,31	28,67
908,48	47,10
908,66	36,86
908,84	24,58
909,01	34,82
909,19	-38,91
909,36	0,00
909,54	65,53
909,72	0,00
909,89	57,34
910,07	8,19
910,24	65,53
910,42	-30,72
910,59	88,06
910,77	-12,29
910,95	-94,21
911,12	12,29
911,30	-2,05
911,47	-16,38
911,65	-24,58
911,82	40,96
912,00	-86,01
912,17	-22,53
912,35	47,10
912,53	30,72
912,70	26,62
912,88	63,49
913,05	-96,25
913,23	36,86
913,40	6,14
913,58	-2,05
913,75	12,29
913,93	-45,06
914,10	-14,34
914,28	-28,67
914,46	28,67
914,63	16,38
914,81	96,25
914,98	-47,10
915,16	-57,34
915,33	100,35
915,51	149,50
915,68	-63,49
915,86	-28,67
916,03	-51,20
916,21	0,00
916,38	-45,06
916,56	-71,68
916,73	86,01
916,91	20,48
917,08	-67,58
917,26	6,14
917,43	40,96
917,61	-32,77
917,78	63,49
917,96	26,62
918,13	69,63
918,31	-24,58
918,48	43,01
918,66	-40,96
918,83	32,77
919,01	-38,91
919,18	92,16
919,36	-90,11
919,53	53,25
919,71	-22,53
919,88	55,30
920,06	-32,77
920,23	18,43
920,41	18,43
920,58	53,25
920,76	-14,34
920,93	-6,14
921,11	47,10
921,28	-26,62
921,45	18,43
921,63	83,97
921,80	-8,19
921,98	24,58
922,15	6,14
922,33	-122,88
922,50	-28,67
922,68	-57,34
922,85	-8,19
923,03	51,20
923,20	-36,86
923,38	-53,25
923,55	106,49
923,72	2,05
923,90	-38,91
924,07	-47,10
924,25	-30,72
924,42	-30,72
924,60	-36,86
924,77	90,11
924,95	0,00
925,12	2,05
925,29	4,10
925,47	4,10
925,64	8,19
925,82	-8,19
925,99	55,30
926,17	96,25
926,34	-2,05
926,51	6,14
926,69	-4,10
926,86	43,01
927,04	53,25
927,21	122,88
927,38	75,77
927,56	57,34
927,73	-32,77
927,91	0,00
928,08	32,77
928,25	57,34
928,43	57,34
928,60	-40,96
928,78	-12,29
928,95	-20,48
929,12	-36,86
929,30	16,38
929,47	57,34
929,65	-36,86
929,82	-16,38
929,99	38,91
930,17	75,77
930,34	-28,67
930,52	81,92
930,69	-32,77
930,86	57,34
931,04	40,96
931,21	40,96
931,38	47,10
931,56	-6,14
931,73	86,01
931,91	-51,20
932,08	-59,39
932,25	2,05
932,43	151,55
932,60	-16,38
932,77	49,15
932,95	4,10
933,12	14,34
933,29	51,20
933,47	24,58
933,64	-2,05
933,82	40,96
933,99	47,10
934,16	116,73
934,34	-30,72
934,51	104,45
934,68	98,30
934,86	34,82
935,03	106,49
935,20	40,96
935,38	75,77
935,55	-32,77
935,72	65,53
935,90	40,96
936,07	18,43
936,24	122,88
936,42	26,62
936,59	79,87
936,76	53,25
936,94	118,78
937,11	6,14
937,28	94,21
937,46	14,34
937,63	94,21
937,80	-4,10
937,97	55,30
938,15	79,87
938,32	51,20
938,49	61,44
938,67	126,97
938,84	172,03
939,01	30,72
939,19	49,15
939,36	-16,38
939,53	47,10
939,70	-8,19
939,88	67,58
940,05	16,38
940,22	55,30
940,40	67,58
940,57	86,01
940,74	8,19
940,92	10,24
941,09	110,59
941,26	22,53
941,43	65,54
941,61	-2,05
941,78	-49,15
941,95	-47,10
942,12	-4,10
942,30	24,58
942,47	-28,67
942,64	65,54
942,82	102,40
942,99	0,00
943,16	30,72
943,33	0,00
943,51	16,38
943,68	114,69
943,85	4,10
944,02	47,10
944,20	-28,67
944,37	40,96
944,54	0,00
944,71	83,97
944,89	104,45
945,06	88,06
945,23	88,06
945,40	6,14
945,58	30,72
945,75	-38,91
945,92	131,07
946,09	53,25
946,27	110,59
946,44	10,24
946,61	-2,05
946,78	-12,29
946,95	135,17
947,13	137,21
947,30	102,40
947,47	45,06
947,64	40,96
947,82	120,83
947,99	-55,30
948,16	61,44
948,33	32,77
948,50	124,93
948,68	-14,34
948,85	-4,10
949,02	2,05
949,19	69,63
949,36	-6,14
949,54	96,25
949,71	57,34
949,88	75,77
950,05	51,20
950,22	57,34
950,40	45,06
950,57	-34,82
950,74	79,87
950,91	-26,62
951,08	108,54
951,26	43,01
951,43	-51,20
951,60	81,92
951,77	38,91
951,94	88,06
952,11	75,77
952,29	-120,83
952,46	92,16
952,63	102,40
952,80	22,53
952,97	-43,01
953,15	55,30
953,32	-36,86
953,49	18,43
953,66	53,25
953,83	75,77
954,00	100,35
954,17	4,10
954,35	51,20
954,52	4,10
954,69	-16,38
954,86	57,34
955,03	75,77
955,20	4,10
955,38	-6,14
955,55	71,68
955,72	6,14
955,89	79,87
956,06	49,15
956,23	26,62
956,40	59,39
956,58	71,68
956,75	-12,29
956,92	65,54
957,09	81,92
957,26	-32,77
957,43	34,82
957,60	38,91
957,77	-14,34
957,95	2,05
958,12	-8,19
958,29	2,05
958,46	104,45
958,63	18,43
958,80	-45,06
958,97	71,68
959,14	55,30
959,31	-2,05
959,49	-14,34
959,66	-2,05
959,83	-4,10
960,00	-32,77
960,17	26,62
960,34	43,01
960,51	22,53
960,68	-10,24
960,85	38,91
961,02	-53,25
961,20	71,68
961,37	83,97
961,54	106,49
961,71	-4,10
961,88	-59,39
962,05	28,67
962,22	-67,58
962,39	61,44
962,56	57,34
962,73	92,16
962,90	-61,44
963,07	47,10
963,24	30,72
963,42	28,67
963,59	59,39
963,76	57,34
963,93	-6,14
964,10	69,63
964,27	-49,15
964,44	-6,14
964,61	10,24
964,78	-69,63
964,95	-32,77
965,12	88,06
965,29	-75,77
965,46	59,39
965,63	-67,58
965,80	-49,15
965,97	20,48
966,14	43,01
966,31	34,82
966,48	88,06
966,66	24,58
966,83	53,25
967,00	49,15
967,17	137,21
967,34	55,30
967,51	34,82
967,68	0,00
967,85	73,73
968,02	-18,43
968,19	49,15
968,36	-88,06
968,53	90,11
968,70	75,77
968,87	-65,54
969,04	40,96
969,21	75,77
969,38	-32,77
969,55	83,97
969,72	36,86
969,89	8,19
970,06	16,38
970,23	57,34
970,40	26,62
970,57	4,10
970,74	57,34
970,91	26,62
971,08	28,67
971,25	96,25
971,42	36,86
971,59	18,43
971,76	16,38
971,93	34,82
972,10	59,39
972,27	63,49
972,44	114,69
972,61	28,67
972,78	20,48
972,95	-14,34
973,12	98,30
973,29	4,10
973,46	104,45
973,63	114,69
973,80	0,00
973,97	43,01
974,14	98,30
974,30	-6,14
974,47	67,58
974,64	14,34
974,81	92,16
974,98	28,67
975,15	49,15
975,32	12,29
975,49	34,82
975,66	-8,19
975,83	8,19
976,00	16,38
976,17	71,68
976,34	75,77
976,51	32,77
976,68	69,63
976,85	79,87
977,02	118,78
977,19	38,91
977,36	49,15
977,52	65,54
977,69	71,68
977,86	-65,54
978,03	-28,67
978,20	63,49
978,37	26,62
978,54	0,00
978,71	59,39
978,88	16,38
979,05	55,30
979,22	88,06
979,39	-34,82
979,56	49,15
979,72	98,30
979,89	32,77
980,06	124,93
980,23	81,92
980,40	0,00
980,57	67,58
980,74	139,26
980,91	51,20
981,08	38,91
981,25	-30,72
981,41	0,00
981,58	-51,20
981,75	120,83
981,92	65,53
982,09	-4,10
982,26	4,10
982,43	43,01
982,60	55,30
982,77	0,00
982,93	51,20
983,10	86,01
983,27	-36,86
983,44	67,58
983,61	81,92
983,78	79,87
983,95	30,72
984,11	43,01
984,28	22,53
984,45	55,30
984,62	8,19
984,79	57,34
984,96	22,53
985,13	-71,68
985,30	43,01
985,46	22,53
985,63	-57,34
985,80	90,11
985,97	-114,69
986,14	-16,38
986,31	59,39
986,47	-16,38
986,64	106,49
986,81	-4,10
986,98	-45,06
987,15	24,58
987,32	-51,20
987,48	126,97
987,65	-10,24
987,82	26,62
987,99	0,00
988,16	143,36
988,33	-18,43
988,49	106,49
988,66	65,53
988,83	69,63
989,00	102,40
989,17	-34,82
989,34	-14,34
989,50	90,11
989,67	-49,15
989,84	-24,58
990,01	-38,91
990,18	51,20
990,34	124,93
990,51	110,59
990,68	28,67
990,85	8,19
991,02	-18,43
991,18	65,54
991,35	79,87
991,52	-10,24
991,69	34,82
991,86	26,62
992,02	90,11
992,19	96,25
992,36	-36,86
992,53	24,58
992,69	102,40
992,86	55,30
993,03	-55,30
993,20	20,48
993,37	83,97
993,53	12,29
993,70	112,64
993,87	-43,01
994,04	-51,20
994,20	45,06
994,37	-14,34
994,54	59,39
994,71	-16,38
994,87	-32,77
995,04	49,15
995,21	143,36
995,38	63,49
995,55	2,05
995,71	16,38
995,88	38,91
996,05	71,68
996,22	-6,14
996,38	-55,30
996,55	-14,34
996,72	98,30
996,88	49,15
997,05	83,97
997,22	-18,43
997,39	-45,06
997,55	18,43
997,72	-63,49
997,89	8,19
998,06	98,30
998,22	12,29
998,39	40,96
998,56	10,24
998,73	12,29
998,89	79,87
999,06	59,39
999,23	34,82
999,39	-6,14
999,56	73,73
999,73	-22,53
999,90	-12,29
1000,06	51,20
1000,23	47,10
1000,40	32,77
1000,56	75,77
1000,73	2,05
1000,90	-22,53
1001,06	34,82
1001,23	12,29
1001,40	38,91
1001,57	49,15
1001,73	12,29
1001,90	8,19
1002,07	-12,29
1002,23	36,86
1002,40	18,43
1002,57	30,72
1002,73	4,10
1002,90	45,06
1003,07	-10,24
1003,23	61,44
1003,40	-51,20
1003,57	24,58
1003,73	59,39
1003,90	28,67
1004,07	24,58
1004,23	43,01
1004,40	32,77
1004,57	151,55
1004,73	40,96
1004,90	30,72
1005,07	71,68
1005,23	77,82
1005,40	57,34
1005,57	55,30
1005,73	38,91
1005,90	-49,15
1006,07	88,06
1006,23	8,19
1006,40	190,46
1006,57	63,49
1006,73	69,63
1006,90	122,88
1007,06	75,77
1007,23	104,45
1007,40	-38,91
1007,56	47,10
1007,73	-38,91
1007,90	14,34
1008,06	75,77
1008,23	10,24
1008,40	2,05
1008,56	135,17
1008,73	57,34
1008,89	83,97
1009,06	120,83
1009,23	20,48
1009,39	120,83
1009,56	12,29
1009,72	30,72
1009,89	-49,15
1010,06	20,48
1010,22	28,67
1010,39	114,69
1010,55	22,53
1010,72	53,25
1010,89	2,05
1011,05	-4,10
1011,22	108,54
1011,38	-51,20
1011,55	61,44
1011,72	61,44
1011,88	96,25
1012,05	16,38
1012,21	106,49
1012,38	81,92
1012,55	38,91
1012,71	86,01
1012,88	116,73
1013,04	116,73
1013,21	-43,01
1013,37	28,67
1013,54	-4,10
1013,71	96,25
1013,87	20,48
1014,04	71,68
1014,20	67,58
1014,37	59,39
1014,53	-8,19
1014,70	163,84
1014,87	6,14
1015,03	90,11
1015,20	94,21
1015,36	55,30
1015,53	-6,14
1015,69	49,15
1015,86	73,73
1016,02	45,06
1016,19	57,34
1016,36	110,59
1016,52	-20,48
1016,69	55,30
1016,85	-12,29
1017,02	75,77
1017,18	-30,72
1017,35	8,19
1017,51	104,45
1017,68	55,30
1017,84	20,48
1018,01	-2,05
1018,17	196,61
1018,34	12,29
1018,50	43,01
1018,67	53,25
1018,84	108,54
1019,00	10,24
1019,17	96,25
1019,33	94,21
1019,50	18,43
1019,66	16,38
1019,83	67,58
1019,99	-67,58
1020,16	18,43
1020,32	122,88
1020,49	20,48
1020,65	-4,10
1020,82	126,97
1020,98	67,58
1021,15	32,77
1021,31	81,92
1021,48	-2,05
1021,64	55,30
1021,81	36,86
1021,97	47,10
1022,14	28,67
1022,30	-14,34
1022,47	45,06
1022,63	102,40
1022,79	30,72
1022,96	-2,05
1023,12	104,45
1023,29	24,58
1023,45	79,87
1023,62	149,50
1023,78	-43,01
1023,95	69,63
1024,11	-2,05
1024,28	63,49
1024,44	-120,83
1024,61	6,14
1024,77	-57,34
1024,94	129,02
1025,10	53,25
1025,26	14,34
1025,43	22,53
1025,59	34,82
1025,76	77,82
1025,92	20,48
1026,09	-30,72
1026,25	-61,44
1026,42	4,10
1026,58	40,96
1026,74	151,55
1026,91	-10,24
1027,07	12,29
1027,24	118,78
1027,40	-26,62
1027,57	-10,24
1027,73	-43,01
1027,90	98,30
1028,06	43,01
1028,22	137,21
1028,39	4,10
1028,55	71,68
1028,72	36,86
1028,88	-34,82
1029,04	2,05
1029,21	22,53
1029,37	61,44
1029,54	77,82
1029,70	51,20
1029,87	-2,05
1030,03	6,14
1030,19	-6,14
1030,36	61,44
1030,52	81,92
1030,69	45,06
1030,85	45,06
1031,01	20,48
1031,18	47,10
1031,34	159,74
1031,50	36,86
1031,67	26,62
1031,83	63,49
1032,00	-32,77
1032,16	159,74
1032,32	116,73
1032,49	26,62
1032,65	88,06
1032,82	38,91
1032,98	45,06
1033,14	10,24
1033,31	106,49
1033,47	122,88
1033,63	98,30
1033,80	79,87
1033,96	-16,38
1034,13	88,06
1034,29	83,97
1034,45	73,73
1034,62	-36,86
1034,78	0,00
1034,94	51,20
1035,11	71,68
1035,27	49,15
1035,43	65,54
1035,60	20,48
1035,76	71,68
1035,92	143,36
1036,09	73,73
1036,25	40,96
1036,41	59,39
1036,58	32,77
1036,74	59,39
1036,90	83,97
1037,07	43,01
1037,23	-45,06
1037,39	92,16
1037,56	53,25
1037,72	75,77
1037,88	6,14
1038,05	-61,44
1038,21	6,14
1038,37	-28,67
1038,54	75,77
1038,70	-12,29
1038,86	55,30
1039,03	14,34
1039,19	92,16
1039,35	96,25
1039,52	-61,44
1039,68	143,36
1039,84	-6,14
1040,00	-2,05
1040,17	79,87
1040,33	112,64
1040,49	32,77
1040,66	59,39
1040,82	79,87
1040,98	-20,48
1041,15	67,58
1041,31	55,30
1041,47	-32,77
1041,63	131,07
1041,80	32,77
1041,96	24,58
1042,12	20,48
1042,29	55,30
1042,45	92,16
1042,61	45,06
1042,77	0,00
1042,94	6,14
1043,10	75,77
1043,26	24,58
1043,42	28,67
1043,59	0,00
1043,75	38,91
1043,91	79,87
1044,07	-75,77
1044,24	75,77
1044,40	10,24
