345,22	-59,01
345,44	-59,01
345,66	-59,01
345,88	-5,55
346,10	25,66
346,32	-66,32
346,54	-13,46
346,75	-11,98
346,97	-9,31
347,19	-8,32
347,41	-5,87
347,63	-5,62
347,85	-1,12
348,07	-7,49
348,29	-9,09
348,51	-11,13
348,73	-21,35
348,95	-27,03
349,16	-21,28
349,38	-18,05
349,60	-11,16
349,82	-0,85
350,04	8,86
350,26	9,22
350,48	7,00
350,70	6,32
350,92	8,53
351,14	14,87
351,35	11,04
351,57	13,27
351,79	18,68
352,01	11,29
352,23	11,03
352,45	9,40
352,67	2,74
352,89	-1,73
353,10	-1,14
353,32	-7,31
353,54	1,63
353,76	0,19
353,98	5,55
354,20	9,47
354,42	2,87
354,64	1,95
354,85	7,66
355,07	8,59
355,29	6,22
355,51	5,56
355,73	3,60
355,95	0,38
356,17	4,52
356,38	-1,10
356,60	3,58
356,82	-0,61
357,04	0,83
357,26	16,86
357,48	11,42
357,69	6,45
357,91	7,79
358,13	7,45
358,35	8,55
358,57	13,22
358,79	16,69
359,01	19,99
359,22	21,52
359,44	21,92
359,66	16,68
359,88	11,25
360,10	1,98
360,32	2,75
360,53	7,98
360,75	6,39
360,97	10,31
361,19	5,32
361,41	1,84
361,62	-3,16
361,84	-6,49
362,06	-0,83
362,28	0,53
362,50	5,34
362,72	11,63
362,93	19,18
363,15	15,13
363,37	10,53
363,59	10,70
363,81	8,39
364,02	12,26
364,24	11,08
364,46	12,01
364,68	15,33
364,90	8,05
365,11	3,99
365,33	0,24
365,55	2,36
365,77	-0,87
365,99	0,78
366,20	8,02
366,42	13,61
366,64	15,72
366,86	13,94
367,07	18,54
367,29	16,52
367,51	17,36
367,73	15,00
367,95	9,73
368,16	14,83
368,38	10,43
368,60	2,80
368,82	4,25
369,03	1,35
369,25	-10,69
369,47	-15,59
369,69	-16,69
369,91	-23,99
370,12	-29,08
370,34	-31,62
370,56	-27,71
370,78	-28,02
370,99	-25,99
371,21	-27,87
371,43	-26,18
371,65	-11,97
371,86	-10,53
372,08	1,62
372,30	1,11
372,52	2,73
372,73	4,41
372,95	12,38
373,17	17,31
373,39	14,42
373,60	17,12
373,82	14,50
374,04	14,33
374,26	17,48
374,47	6,17
374,69	4,47
374,91	1,22
375,12	1,74
375,34	2,17
375,56	-3,19
375,78	-11,36
375,99	-12,84
376,21	-14,37
376,43	-17,36
376,65	-21,71
376,86	-18,89
377,08	-21,10
377,30	-17,53
377,51	-17,19
377,73	-21,60
377,95	-21,86
378,17	-22,28
378,38	-11,90
378,60	-7,30
378,82	-6,10
379,03	-3,30
379,25	-1,93
379,47	-4,95
379,68	-9,52
379,90	-0,35
380,12	-7,49
380,34	-15,03
380,55	-16,55
380,77	-16,99
380,99	-17,50
381,20	-20,66
381,42	-12,79
381,64	-19,31
381,85	-14,73
382,07	-7,52
382,29	-0,75
382,50	4,06
382,72	-1,80
382,94	2,11
383,15	6,54
383,37	7,04
383,59	8,15
383,80	9,42
384,02	6,04
384,24	7,43
384,45	13,05
384,67	6,51
384,89	8,09
385,10	9,87
385,32	7,41
385,54	12,90
385,75	13,83
385,97	17,28
386,19	20,00
386,40	23,82
386,62	22,47
386,84	26,62
387,05	19,81
387,27	21,49
387,49	21,07
387,70	18,32
387,92	20,20
388,14	20,64
388,35	16,84
388,57	18,63
388,79	17,86
389,00	16,50
389,22	13,03
389,43	14,98
389,65	17,53
389,87	23,71
390,08	12,54
390,30	12,46
390,52	13,04
390,73	10,82
390,95	13,10
391,17	4,77
391,38	2,99
391,60	2,06
391,81	2,66
392,03	7,08
392,25	6,49
392,46	3,84
392,68	-3,52
392,89	1,04
393,11	-1,01
393,33	1,63
393,54	0,36
393,76	-1,68
393,98	5,81
394,19	3,10
394,41	7,23
394,62	3,32
394,84	-0,85
395,06	-4,91
395,27	-4,40
395,49	2,82
395,70	8,44
395,92	18,51
396,13	15,33
396,35	9,30
396,57	9,47
396,78	7,52
397,00	5,93
397,21	5,36
397,43	7,91
397,65	12,46
397,86	11,37
398,08	12,56
398,29	13,58
398,51	13,97
398,72	2,56
398,94	-1,32
399,16	7,78
399,37	3,84
399,59	7,89
399,80	16,81
400,02	16,89
400,23	17,15
400,45	8,71
400,67	11,90
400,88	8,68
401,10	1,54
401,31	-5,05
401,53	0,11
401,74	4,11
401,96	2,56
402,17	5,08
402,39	-1,45
402,61	-8,69
402,82	-6,49
403,04	-2,25
403,25	7,67
403,47	11,24
403,68	20,64
403,90	20,65
404,11	26,33
404,33	30,82
404,54	21,32
404,76	18,53
404,97	18,50
405,19	20,63
405,41	22,67
405,62	14,12
405,84	6,55
406,05	4,18
406,27	1,55
406,48	-11,99
406,70	-10,73
406,91	-14,97
407,13	-17,86
407,34	-8,29
407,56	-5,40
407,77	4,30
407,99	0,19
408,20	-1,24
408,42	9,02
408,63	9,03
408,85	9,27
409,06	14,90
409,28	15,72
409,49	16,23
409,71	20,46
409,92	26,52
410,14	25,17
410,35	28,66
410,57	19,58
410,78	27,06
411,00	26,80
411,21	16,26
411,43	24,61
411,64	22,32
411,86	21,95
412,07	27,99
412,29	24,70
412,50	28,67
412,72	16,77
412,93	19,57
413,15	9,91
413,36	13,71
413,58	10,76
413,79	14,67
414,01	22,38
414,22	25,20
414,43	34,81
414,65	32,26
414,86	34,10
415,08	42,35
415,29	36,62
415,51	44,00
415,72	38,91
415,94	43,20
416,15	50,42
416,37	57,38
416,58	50,60
416,80	44,96
417,01	43,39
417,22	30,73
417,44	27,68
417,65	30,49
417,87	31,98
418,08	33,68
418,30	23,50
418,51	25,02
418,73	22,89
418,94	18,31
419,15	15,41
419,37	20,14
419,58	27,25
419,80	22,22
420,01	25,94
420,23	30,09
420,44	31,63
420,65	27,30
420,87	26,53
421,08	32,63
421,30	37,06
421,51	38,33
421,73	32,83
421,94	33,10
422,15	37,28
422,37	42,04
422,58	40,09
422,80	47,83
423,01	47,51
423,22	44,29
423,44	49,50
423,65	55,26
423,87	63,42
424,08	57,81
424,29	61,61
424,51	77,61
424,72	81,18
424,94	78,79
425,15	78,03
425,36	85,23
425,58	83,78
425,79	83,70
426,01	87,15
426,22	88,35
426,43	90,08
426,65	84,21
426,86	97,23
427,08	105,42
427,29	101,29
427,50	104,93
427,72	118,88
427,93	118,07
428,14	126,99
428,36	136,26
428,57	144,43
428,79	154,65
429,00	161,81
429,21	171,92
429,43	183,49
429,64	193,31
429,85	201,42
430,07	211,55
430,28	219,06
430,49	221,70
430,71	237,50
430,92	249,34
431,14	258,34
431,35	273,14
431,56	284,72
431,78	291,98
431,99	297,70
432,20	320,03
432,42	325,29
432,63	334,73
432,84	346,39
433,06	372,07
433,27	399,76
433,48	413,44
433,70	427,35
433,91	448,28
434,12	460,36
434,34	479,70
434,55	504,15
434,76	523,90
434,98	543,93
435,19	563,66
435,40	586,90
435,62	610,84
435,83	627,50
436,04	642,75
436,26	670,60
436,47	698,30
436,68	725,04
436,90	762,49
437,11	785,25
437,32	815,90
437,54	850,82
437,75	885,25
437,96	934,72
438,17	982,88
438,39	1024,86
438,60	1068,00
438,81	1114,21
439,03	1156,56
439,24	1201,12
439,45	1245,73
439,67	1290,84
439,88	1341,62
440,09	1399,51
440,30	1454,65
440,52	1511,29
440,73	1563,94
440,94	1612,86
441,16	1675,73
441,37	1745,01
441,58	1791,98
441,80	1863,42
442,01	1930,18
442,22	1996,22
442,43	2072,57
442,65	2156,05
442,86	2224,36
443,07	2306,76
443,28	2385,86
443,50	2478,40
443,71	2559,96
443,92	2643,13
444,14	2734,17
444,35	2861,95
444,56	2971,08
444,77	3093,93
444,99	3223,01
445,20	3326,16
445,41	3428,03
445,62	3559,84
445,84	3690,47
446,05	3812,02
446,26	3934,96
446,47	4096,16
446,69	4240,99
446,90	4369,60
447,11	4519,12
447,32	4664,92
447,54	4824,00
447,75	4978,71
447,96	5161,89
448,17	5395,54
448,39	5579,81
448,60	5780,12
448,81	5998,37
449,02	6216,74
449,23	6452,66
449,45	6711,19
449,66	7008,04
449,87	7277,95
450,08	7543,32
450,30	7816,65
450,51	8097,03
450,72	8425,14
450,93	8733,77
451,15	9067,09
451,36	9384,86
451,57	9709,09
451,78	10072,31
451,99	10423,14
452,21	10784,06
452,42	11126,97
452,63	11511,19
452,84	11931,55
453,05	12306,00
453,27	12762,09
453,48	13212,59
453,69	13672,99
453,90	14118,91
454,11	14604,78
454,33	15153,47
454,54	15711,35
454,75	16187,05
454,96	16646,95
455,17	17190,25
455,39	17653,18
455,60	18138,41
455,81	18744,00
456,02	19307,88
456,23	19807,87
456,45	20283,19
456,66	20791,09
456,87	21442,51
457,08	22035,51
457,29	22579,97
457,50	23158,27
457,72	23812,65
457,93	24320,92
458,14	24974,20
458,35	25466,27
458,56	25974,66
458,77	26580,62
458,99	27201,03
459,20	27756,30
459,41	28292,74
459,62	28677,38
459,83	29007,47
460,04	29458,75
460,26	29905,70
460,47	30244,83
460,68	30667,98
460,89	31072,18
461,10	31591,08
461,31	31920,36
461,52	32145,30
461,74	32414,76
461,95	32753,34
462,16	32985,29
462,37	33222,83
462,58	33502,42
462,79	33732,38
463,00	33879,35
463,22	34067,97
463,43	34267,16
463,64	34357,70
463,85	34505,91
464,06	34746,57
464,27	34803,99
464,48	34852,46
464,70	34955,97
464,91	35051,18
465,12	35152,95
465,33	35167,73
465,54	35057,69
465,75	35181,58
465,96	35135,43
466,17	34944,62
466,38	34795,32
466,60	34567,95
466,81	34435,07
467,02	34385,82
467,23	34142,81
467,44	33859,84
467,65	33643,92
467,86	33289,70
468,07	32991,42
468,28	32786,93
468,50	32434,03
468,71	32132,25
468,92	31969,21
469,13	31765,77
469,34	31494,38
469,55	31010,55
469,76	30569,42
469,97	30343,82
470,18	29960,84
470,39	29666,85
470,60	29409,92
470,82	29131,97
471,03	28746,12
471,24	28401,72
471,45	28134,78
471,66	27748,50
471,87	27372,50
472,08	27055,60
472,29	26831,47
472,50	26594,05
472,71	26274,35
472,92	26061,47
473,13	25797,56
473,34	25533,46
473,55	25239,74
473,77	24973,87
473,98	24684,83
474,19	24424,05
474,40	24217,45
474,61	23988,81
474,82	23789,59
475,03	23541,22
475,24	23300,55
475,45	23091,86
475,66	22840,60
475,87	22605,99
476,08	22369,33
476,29	22210,71
476,50	22048,58
476,71	21854,14
476,92	21658,89
477,13	21475,10
477,34	21276,72
477,55	21075,25
477,76	20877,14
477,97	20664,71
478,18	20472,02
478,40	20239,79
478,61	19991,75
478,82	19795,27
479,03	19598,68
479,24	19405,19
479,45	19241,08
479,66	19031,45
479,87	18808,22
480,08	18600,95
480,29	18382,90
480,50	18191,34
480,71	17991,09
480,92	17728,46
481,13	17553,96
481,34	17383,70
481,55	17186,84
481,76	16960,14
481,97	16723,45
482,18	16470,29
482,39	16233,82
482,60	16028,96
482,81	15808,80
483,02	15580,91
483,23	15339,79
483,44	15139,88
483,65	14943,12
483,86	14725,65
484,07	14485,71
484,28	14247,41
484,49	14021,74
484,70	13800,90
484,91	13582,61
485,12	13376,57
485,33	13132,10
485,54	12918,25
485,75	12705,50
485,96	12500,15
486,17	12281,88
486,38	12066,58
486,59	11857,85
486,80	11664,03
487,01	11457,42
487,21	11267,78
487,42	11105,46
487,63	10919,57
487,84	10744,52
488,05	10558,17
488,26	10362,44
488,47	10168,86
488,68	9974,29
488,89	9794,05
489,10	9622,94
489,31	9432,39
489,52	9253,39
489,73	9089,94
489,94	8936,89
490,15	8763,38
490,36	8592,94
490,57	8419,59
490,78	8272,13
490,99	8118,67
491,20	7972,19
491,41	7834,67
491,61	7700,04
491,82	7560,95
492,03	7446,01
492,24	7319,73
492,45	7203,14
492,66	7056,99
492,87	6910,08
493,08	6800,09
493,29	6687,24
493,50	6562,97
493,71	6453,90
493,92	6339,31
494,13	6242,90
494,34	6130,05
494,54	6014,74
494,75	5899,66
494,96	5797,40
495,17	5688,32
495,38	5593,25
495,59	5509,01
495,80	5406,02
496,01	5303,40
496,22	5218,49
496,43	5136,02
496,64	5040,12
496,84	4947,56
497,05	4843,32
497,26	4759,52
497,47	4673,29
497,68	4583,90
497,89	4496,92
498,10	4409,18
498,31	4328,88
498,52	4252,48
498,72	4178,36
498,93	4101,06
499,14	4013,79
499,35	3952,90
499,56	3869,32
499,77	3805,79
499,98	3746,11
500,19	3691,60
500,40	3635,41
500,60	3578,39
500,81	3517,14
501,02	3442,10
501,23	3380,45
501,44	3316,69
501,65	3250,03
501,86	3192,75
502,06	3127,10
502,27	3062,42
502,48	3002,82
502,69	2932,82
502,90	2868,00
503,11	2805,42
503,32	2760,04
503,53	2694,52
503,73	2643,33
503,94	2590,94
504,15	2536,45
504,36	2484,94
504,57	2438,02
504,78	2379,03
504,98	2342,64
505,19	2293,46
505,40	2251,76
505,61	2211,02
505,82	2156,62
506,03	2098,07
506,23	2070,01
506,44	2025,06
506,65	1984,02
506,86	1942,36
507,07	1896,17
507,28	1852,94
507,48	1825,46
507,69	1785,81
507,90	1742,26
508,11	1695,06
508,32	1662,54
508,53	1631,91
508,73	1608,56
508,94	1561,07
509,15	1541,41
509,36	1510,51
509,57	1488,27
509,77	1466,31
509,98	1443,42
510,19	1410,82
510,40	1377,33
510,61	1357,12
510,81	1335,72
511,02	1306,69
511,23	1280,25
511,44	1244,74
511,65	1219,56
511,85	1194,95
512,06	1177,18
512,27	1142,86
512,48	1123,71
512,69	1094,80
512,89	1088,19
513,10	1063,92
513,31	1041,43
513,52	1016,25
513,73	994,47
513,93	981,92
514,14	964,01
514,35	958,63
514,56	933,71
514,76	915,80
514,97	911,28
515,18	900,44
515,39	875,28
515,60	840,44
515,80	829,61
516,01	824,33
516,22	821,44
516,43	801,36
516,63	789,87
516,84	777,27
517,05	753,41
517,26	739,29
517,46	718,82
517,67	699,99
517,88	678,96
518,09	685,35
518,29	682,37
518,50	679,04
518,71	660,49
518,92	647,30
519,12	630,28
519,33	616,16
519,54	607,58
519,75	600,87
519,95	594,83
520,16	577,86
520,37	566,28
520,57	561,95
520,78	544,79
520,99	531,11
521,20	511,87
521,40	505,48
521,61	499,93
521,82	499,25
522,03	490,42
522,23	482,02
522,44	469,78
522,65	462,25
522,85	458,98
523,06	445,09
523,27	431,83
523,48	424,09
523,68	411,08
523,89	414,90
524,10	410,37
524,30	402,02
524,51	396,84
524,72	382,74
524,93	371,17
525,13	367,85
525,34	352,11
525,55	355,39
525,75	358,97
525,96	353,66
526,17	341,96
526,37	342,12
526,58	329,73
526,79	324,66
526,99	313,82
527,20	305,63
527,41	302,00
527,62	294,72
527,82	281,07
528,03	285,97
528,24	281,51
528,44	270,46
528,65	264,27
528,86	267,47
529,06	257,67
529,27	249,64
529,48	233,36
529,68	229,11
529,89	222,66
530,10	216,27
530,30	215,62
530,51	215,75
530,72	210,15
530,92	192,79
531,13	186,94
531,34	186,20
531,54	175,95
531,75	171,68
531,96	174,07
532,16	181,58
532,37	170,36
532,57	161,24
532,78	164,95
532,99	161,63
533,19	160,11
533,40	155,48
533,61	159,44
533,81	155,56
534,02	151,14
534,23	147,13
534,43	145,01
534,64	134,49
534,84	127,36
535,05	135,31
535,26	139,13
535,46	132,30
535,67	129,43
535,88	123,85
536,08	119,87
536,29	116,78
536,49	120,64
536,70	114,53
536,91	118,00
537,11	118,60
537,32	115,60
537,53	111,00
537,73	107,03
537,94	110,80
538,14	110,84
538,35	111,50
538,56	104,05
538,76	105,34
538,97	109,40
539,17	103,06
539,38	33,79
539,59	28,06
539,79	24,40
540,00	25,16
540,20	20,21
540,41	12,21
540,62	-4,41
540,82	-13,02
541,03	-17,04
541,23	-15,30
541,44	-21,65
541,64	-26,43
541,85	-18,00
542,06	46,65
542,26	51,72
542,47	50,47
542,67	51,51
542,88	57,41
543,08	61,32
543,29	65,59
543,50	67,67
543,70	55,41
543,91	51,32
544,11	53,75
544,32	49,06
544,52	38,61
544,73	44,64
544,94	37,25
545,14	45,97
545,35	46,05
545,55	38,23
545,76	39,93
545,96	42,50
546,17	49,55
546,37	56,81
546,58	55,81
546,78	59,34
546,99	65,50
547,20	57,60
547,40	57,85
547,61	51,76
547,81	39,71
548,02	32,65
548,22	38,66
548,43	31,30
548,63	31,72
548,84	26,60
549,04	31,20
549,25	39,37
549,45	26,40
549,66	21,52
549,86	29,60
550,07	26,56
550,27	36,14
550,48	43,05
550,69	38,12
550,89	35,44
551,10	35,61
551,30	28,93
551,51	27,52
551,71	19,25
551,92	18,02
552,12	13,25
552,33	8,49
552,53	8,98
552,74	14,22
552,94	11,14
553,15	9,65
553,35	14,17
553,56	7,34
553,76	4,49
553,97	13,86
554,17	11,18
554,38	16,58
554,58	8,39
554,79	11,98
554,99	10,74
555,19	5,74
555,40	2,63
555,60	-1,05
555,81	-7,23
556,01	1,07
556,22	1,32
556,42	2,91
556,63	3,63
556,83	0,63
557,04	-5,04
557,24	-3,20
557,45	4,37
557,65	9,53
557,86	16,29
558,06	11,36
558,27	12,28
558,47	10,28
558,67	0,22
558,88	8,34
559,08	9,43
559,29	13,33
559,49	19,59
559,70	24,78
559,90	26,79
560,11	12,91
560,31	8,32
560,52	8,57
560,72	4,23
560,92	-0,42
561,13	5,66
561,33	6,16
561,54	-0,03
561,74	-2,78
561,95	-14,93
562,15	-15,76
562,35	-16,44
562,56	-23,77
562,76	-17,80
562,97	-21,23
563,17	-15,70
563,38	-8,12
563,58	-8,66
563,78	-18,27
563,99	-13,77
564,19	-18,48
564,40	-14,57
564,60	-19,34
564,80	-24,35
565,01	-22,76
565,21	-6,08
565,42	-1,56
565,62	-4,87
565,83	-12,25
566,03	-11,14
566,23	-13,64
566,44	-5,44
566,64	-9,93
566,85	-8,57
567,05	-15,59
567,25	-6,14
567,46	-10,97
567,66	-5,44
567,86	-20,64
568,07	-22,39
568,27	-13,48
568,48	-19,15
568,68	-32,52
568,88	-32,34
569,09	-39,34
569,29	-38,69
569,50	-31,24
569,70	-25,05
569,90	-26,98
570,11	-19,31
570,31	-22,91
570,51	-3,11
570,72	-3,44
570,92	-8,87
571,13	-2,34
571,33	10,50
571,53	14,00
571,74	11,66
571,94	13,16
572,14	20,47
572,35	17,56
572,55	22,67
572,75	21,92
572,96	15,91
573,16	-2,05
573,36	-2,97
573,57	7,23
573,77	6,04
573,97	5,95
574,18	17,48
574,38	17,29
574,59	6,84
574,79	-10,97
574,99	-13,58
575,20	-17,43
575,40	-10,60
575,60	-5,60
575,81	-0,35
576,01	-0,52
576,21	-8,79
576,42	-14,36
576,62	-22,86
576,82	-34,41
577,02	-17,36
577,23	-8,07
577,43	4,44
577,63	15,72
577,84	8,82
578,04	0,82
578,24	2,91
578,45	5,75
578,65	11,08
578,85	8,75
579,06	17,02
579,26	27,47
579,46	33,07
579,67	24,31
579,87	22,55
580,07	4,75
580,27	4,05
580,48	7,94
580,68	10,20
580,88	2,60
581,09	-2,99
581,29	-7,47
581,49	-9,18
581,69	-20,81
581,90	-31,65
582,10	-45,38
582,30	-49,99
582,51	-54,00
582,71	-37,65
582,91	-36,06
583,11	-34,30
583,32	-34,56
583,52	-32,71
583,72	-36,98
583,93	-45,78
584,13	-42,26
584,33	-41,15
584,53	-38,65
584,74	-26,26
584,94	-13,55
585,14	-5,03
585,34	-7,19
585,55	-18,19
585,75	-19,36
585,95	-24,45
586,15	-19,87
586,36	-16,19
586,56	-4,82
586,76	-4,80
586,96	-2,22
587,17	-5,33
587,37	5,06
587,57	1,45
587,77	-0,47
587,98	0,79
588,18	4,21
588,38	4,72
588,58	13,38
588,79	1,86
588,99	1,86
589,19	0,11
589,39	8,02
589,60	9,18
589,80	11,52
590,00	-1,95
590,20	-8,44
590,40	-7,10
590,61	-8,02
590,81	-4,35
591,01	-5,43
591,21	-10,67
591,42	-15,37
591,62	-13,78
591,82	-16,11
592,02	-22,11
592,22	-21,78
592,43	-24,10
592,63	-20,36
592,83	-11,93
593,03	-8,33
593,23	-15,67
593,44	-19,24
593,64	-23,51
593,84	-28,03
594,04	-13,31
594,24	-17,13
594,45	-9,46
594,65	-20,23
594,85	-25,57
595,05	-28,65
595,25	-29,98
595,46	-35,50
595,66	-34,60
595,86	-32,69
596,06	-27,00
596,26	-14,55
596,46	-11,03
596,67	-9,36
596,87	-4,38
597,07	-15,40
597,27	-3,95
597,47	2,64
597,67	9,05
597,88	3,12
598,08	7,88
598,28	10,20
598,48	14,12
598,68	15,86
598,88	11,75
599,09	9,34
599,29	4,34
599,49	6,59
599,69	6,20
599,89	9,60
600,09	13,09
600,30	18,52
600,50	22,55
600,70	8,58
600,90	9,95
601,10	12,12
601,30	3,37
601,50	9,21
601,71	12,70
601,91	0,84
602,11	0,83
602,31	8,39
602,51	6,82
602,71	4,17
602,91	3,65
603,11	11,63
603,32	22,67
603,52	14,82
603,72	11,23
603,92	17,70
604,12	7,54
604,32	11,13
604,52	21,07
604,72	21,65
604,93	24,24
605,13	27,58
605,33	25,58
605,53	22,25
605,73	9,61
605,93	14,94
606,13	11,11
606,33	9,02
606,53	5,71
606,74	7,29
606,94	0,56
607,14	2,14
607,34	-0,59
607,54	-2,10
607,74	-6,60
607,94	-5,19
608,14	-3,77
608,34	4,05
608,54	-3,19
608,74	-12,19
608,95	-14,03
609,15	-20,45
609,35	-16,96
609,55	-17,31
609,75	-13,81
609,95	-17,39
610,15	-14,18
610,35	-14,10
610,55	-15,10
610,75	-11,78
610,95	-8,80
611,15	-20,72
611,35	-12,64
611,55	-8,39
611,76	-2,64
611,96	-10,75
612,16	-13,09
612,36	-19,83
612,56	-14,10
612,76	-14,41
612,96	-24,16
613,16	-25,49
613,36	-28,00
613,56	-40,01
613,76	-20,93
613,96	-21,02
614,16	-22,19
614,36	-24,34
614,56	-18,30
614,76	-20,30
614,96	-15,56
615,16	-21,28
615,36	-29,92
615,56	-23,00
615,76	-26,88
615,97	-32,02
616,17	-25,07
616,37	-29,15
616,57	-29,78
616,77	-32,33
616,97	-29,25
617,17	-32,34
617,37	-29,39
617,57	-25,16
617,77	-23,10
617,97	-26,16
618,17	-23,59
618,37	-16,55
618,57	-18,30
618,77	-21,13
618,97	-18,41
619,17	-15,52
619,37	-11,31
619,57	-13,97
619,77	-17,44
619,97	-17,03
620,17	-32,65
620,37	-33,15
620,57	-18,95
620,77	-13,33
620,97	-13,24
621,17	-9,91
621,37	-8,65
621,57	-14,94
621,77	-20,35
621,97	-20,27
622,17	-17,20
622,37	-14,80
622,57	-6,42
622,77	-3,09
622,97	-6,33
623,17	-13,38
623,37	-32,50
623,57	-35,33
623,77	-36,24
623,97	-31,94
624,16	-37,01
624,36	-34,52
624,56	-38,67
624,76	-40,24
624,96	-26,79
625,16	-23,97
625,36	-14,34
625,56	-9,85
625,76	-4,36
625,96	-4,24
626,16	-3,24
626,36	0,49
626,56	-2,75
626,76	3,57
626,96	16,74
627,16	28,99
627,36	28,40
627,56	14,11
627,76	13,35
627,96	5,84
628,16	-0,56
628,35	-3,80
628,55	0,57
628,75	3,63
628,95	-0,42
629,15	2,40
629,35	-5,78
629,55	-14,79
629,75	-24,96
629,95	-19,39
630,15	-21,94
630,35	-27,75
630,55	-31,18
630,75	-25,44
630,95	-28,19
631,14	-18,69
631,34	-21,50
631,54	-15,60
631,74	-16,19
631,94	-14,27
632,14	-16,27
632,34	-14,11
632,54	-28,25
632,74	-26,25
632,94	-18,28
633,14	-12,30
633,33	-6,16
633,53	-7,74
633,73	-13,64
633,93	-10,64
634,13	-19,18
634,33	-23,50
634,53	-15,48
634,73	-10,66
634,93	-16,67
635,12	-1,81
635,32	5,39
635,52	-5,49
635,72	0,13
635,92	-8,06
636,12	-7,57
636,32	1,74
636,52	0,73
636,71	3,29
636,91	13,65
637,11	15,81
637,31	14,56
637,51	21,90
637,71	12,61
637,91	11,37
638,11	15,69
638,30	7,50
638,50	13,55
638,70	14,88
638,90	13,54
639,10	15,54
639,30	14,70
639,50	14,22
639,69	3,52
639,89	1,04
640,09	3,44
640,29	3,85
640,49	3,02
640,69	-1,19
640,88	2,77
641,08	2,44
641,28	-2,86
641,48	-5,44
641,68	-18,63
641,88	-18,55
642,07	-34,97
642,27	-30,49
642,47	-30,49
642,67	-27,75
642,87	-24,51
643,07	-25,67
643,26	-30,25
643,46	-32,33
643,66	-36,39
643,86	-30,18
644,06	-33,50
644,26	-31,76
644,45	-26,45
644,65	-15,52
644,85	-11,29
645,05	-12,46
645,25	-23,38
645,44	-21,23
645,64	-18,90
645,84	-15,24
646,04	-11,09
646,24	-12,58
646,43	-12,25
646,63	-10,76
646,83	-14,32
647,03	-5,40
647,23	-7,56
647,42	-16,88
647,62	-14,31
647,82	-6,63
648,02	-6,20
648,22	-7,86
648,41	-4,87
648,61	-18,87
648,81	-20,38
649,01	-23,95
649,20	-29,08
649,40	-24,56
649,60	-34,47
649,80	-29,31
650,00	-21,24
650,19	-26,37
650,39	-38,75
650,59	-36,75
650,79	-38,08
650,98	-43,64
651,18	-31,39
651,38	-28,56
651,58	-25,74
651,77	-19,28
651,97	-11,50
652,17	-12,50
652,37	-13,34
652,56	-13,17
652,76	-4,55
652,96	0,69
653,16	2,01
653,35	-6,04
653,55	2,76
653,75	2,26
653,95	6,34
654,14	-0,98
654,34	1,35
654,54	-3,73
654,74	-2,65
654,93	-2,06
655,13	-1,39
655,33	-4,55
655,52	3,43
655,72	4,58
655,92	12,63
656,12	7,46
656,31	3,15
656,51	0,91
656,71	-1,83
656,91	-10,74
657,10	-17,15
657,30	-13,26
657,50	-17,17
657,69	-14,09
657,89	-13,60
658,09	-24,04
658,29	-21,85
658,48	-18,18
658,68	-23,00
658,88	-13,46
659,07	-13,37
659,27	2,75
659,47	5,70
659,66	16,94
659,86	17,05
660,06	14,64
660,26	18,38
660,45	14,32
660,65	23,35
660,85	11,87
661,04	14,42
661,24	21,82
661,44	13,27
661,63	12,77
661,83	4,53
662,03	6,84
662,22	1,60
662,42	-2,32
662,62	0,84
662,81	-13,34
663,01	-13,60
663,21	-22,25
663,40	-21,74
663,60	-22,81
663,80	-22,81
663,99	-26,23
664,19	-30,79
664,39	-33,84
664,58	-27,77
664,78	-23,10
664,98	-30,16
665,17	-32,73
665,37	-24,20
665,57	-25,03
665,76	-30,94
665,96	-31,52
666,16	-40,17
666,35	-41,08
666,55	-32,42
666,74	-27,61
666,94	-24,15
667,14	-19,21
667,33	-20,79
667,53	-14,40
667,73	-16,82
667,92	-21,65
668,12	-15,75
668,32	-10,07
668,51	-11,25
668,71	-11,09
668,90	-9,92
669,10	-19,40
669,30	-25,23
669,49	-32,40
669,69	-44,41
669,89	-44,16
670,08	-40,32
670,28	-38,83
670,47	-43,86
670,67	-44,60
670,87	-41,55
671,06	-38,14
671,26	-39,86
671,45	-40,52
671,65	-31,88
671,85	-28,21
672,04	-24,62
672,24	-29,61
672,43	-35,47
672,63	-48,31
672,83	-43,57
673,02	-40,54
673,22	-40,45
673,41	-38,46
673,61	-34,96
673,81	-29,49
674,00	-31,99
674,20	-35,91
674,39	-40,71
674,59	-39,04
674,78	-33,81
674,98	-33,22
675,18	-24,96
675,37	-30,35
675,57	-31,78
675,76	-32,53
675,96	-38,67
676,15	-43,73
676,35	-40,40
676,55	-40,07
676,74	-39,90
676,94	-38,50
677,13	-41,69
677,33	-44,27
677,52	-42,84
677,72	-38,03
677,91	-45,38
678,11	-44,46
678,31	-48,19
678,50	-49,43
678,70	-46,94
678,89	-56,46
679,09	-54,21
679,28	-65,80
679,48	-56,98
679,67	-51,22
679,87	-46,30
680,06	-48,95
680,26	-57,26
680,46	-52,76
680,65	-40,47
680,85	-36,74
681,04	-22,76
681,24	-29,52
681,43	-26,31
681,63	-33,12
681,82	-18,11
682,02	-26,03
682,21	-29,67
682,41	-33,90
682,60	-25,34
682,80	-19,52
682,99	-18,80
683,19	-24,93
683,38	-27,51
683,58	-32,85
683,77	-23,60
683,97	-28,76
684,16	-29,22
684,36	-31,47
684,55	-26,23
684,75	-21,76
684,94	-14,52
685,14	-6,67
685,33	-7,75
685,53	-4,63
685,72	-5,96
685,92	-7,72
686,11	-8,71
686,31	-16,27
686,50	-11,39
686,70	-3,39
686,89	-0,13
687,09	4,59
687,28	5,01
687,48	7,61
687,67	-0,42
687,87	-5,65
688,06	-8,25
688,26	-4,50
688,45	-3,64
688,65	1,67
688,84	1,32
689,03	3,90
689,23	-2,82
689,42	-3,73
689,62	-19,13
689,81	-19,71
690,01	-33,94
690,20	-38,41
690,40	-31,50
690,59	-31,32
690,79	-32,10
690,98	-29,61
691,17	-31,51
691,37	-33,74
691,56	-41,28
691,76	-45,99
691,95	-52,07
692,15	-35,23
692,34	-28,87
692,54	-18,25
692,73	-14,36
692,92	-13,69
693,12	-6,54
693,31	-8,12
693,51	0,53
693,70	-5,71
693,90	3,93
694,09	4,52
694,28	11,87
694,48	15,61
694,67	4,57
694,87	-2,87
695,06	-8,60
695,26	-0,29
695,45	-14,55
695,64	-17,45
695,84	-22,43
696,03	-32,90
696,23	-29,16
696,42	-38,28
696,61	-26,10
696,81	-28,51
697,00	-26,75
697,20	-30,23
697,39	-35,47
697,58	-35,05
697,78	-42,45
697,97	-37,57
698,17	-44,13
698,36	-43,05
698,55	-40,97
698,75	-44,27
698,94	-50,98
699,14	-66,25
699,33	-60,52
699,52	-58,37
699,72	-47,93
699,91	-55,54
700,10	-50,16
700,30	-54,04
700,49	-42,60
700,69	-46,08
700,88	-45,56
701,07	-37,29
701,27	-30,01
701,46	-19,40
701,65	-9,26
701,85	-8,36
702,04	-13,74
702,23	-17,97
702,43	-12,28
702,62	-26,46
702,82	-26,55
703,01	-28,55
703,20	-13,48
703,40	-7,64
703,59	-11,60
703,78	-12,02
703,98	-5,92
704,17	-7,06
704,36	-6,56
704,56	0,39
704,75	9,78
704,94	14,23
705,14	22,46
705,33	36,57
705,52	27,34
705,72	20,59
705,91	20,94
706,10	2,16
706,30	-5,17
706,49	-9,52
706,68	-20,70
706,88	-25,41
707,07	-31,01
707,26	-28,30
707,46	-18,40
707,65	-9,64
707,84	-20,45
708,04	-16,09
708,23	-26,76
708,42	-45,60
708,62	-34,92
708,81	-24,24
709,00	-24,66
709,19	-22,79
709,39	-31,87
709,58	-34,91
709,77	-52,21
709,97	-61,78
710,16	-58,26
710,35	-63,60
710,55	-64,92
710,74	-55,34
710,93	-38,08
711,12	-37,75
711,32	-43,74
711,51	-50,94
711,70	-37,11
711,90	-23,81
712,09	-27,24
712,28	-12,36
712,47	-13,67
712,67	-20,91
712,86	-15,49
713,05	-17,80
713,24	-10,05
713,44	-12,68
713,63	-7,08
713,82	-14,53
714,02	-7,82
714,21	-12,02
714,40	-10,94
714,59	3,53
714,79	-10,17
714,98	-3,42
715,17	1,56
715,36	1,89
715,56	-3,72
715,75	-12,04
715,94	-15,03
716,13	-16,43
716,33	-8,66
716,52	-14,86
716,71	-15,44
716,90	-24,05
717,10	-32,41
717,29	-27,30
717,48	-36,33
717,67	-46,27
717,87	-42,39
718,06	-34,22
718,25	-35,83
718,44	-36,41
718,63	-37,98
718,83	-38,22
719,02	-25,33
719,21	-23,25
719,40	-28,44
719,60	-24,81
719,79	-27,38
719,98	-27,21
720,17	-25,87
720,36	-40,84
720,56	-41,42
720,75	-39,67
720,94	-31,90
721,13	-32,64
721,33	-32,31
721,52	-41,51
721,71	-48,65
721,90	-44,69
722,09	-47,50
722,29	-39,37
722,48	-29,53
722,67	-24,50
722,86	-14,99
723,05	-18,14
723,24	-19,61
723,44	-25,22
723,63	-23,65
723,82	-27,80
724,01	-30,65
724,20	-30,84
724,40	-25,40
724,59	-18,46
724,78	-24,66
724,97	-36,61
725,16	-47,44
725,35	-46,86
725,55	-48,91
725,74	-45,43
725,93	-52,31
726,12	-57,03
726,31	-55,20
726,51	-50,42
726,70	-48,22
726,89	-44,91
727,08	-56,48
727,27	-55,49
727,46	-53,95
727,65	-39,14
727,85	-40,54
728,04	-33,93
728,23	-36,98
728,42	-36,37
728,61	-22,17
728,80	-23,23
729,00	-26,12
729,19	-16,04
729,38	-21,39
729,57	-17,66
729,76	-9,25
729,95	-1,31
730,14	-11,04
730,33	-12,02
730,53	-14,58
730,72	-18,68
730,91	-4,85
731,10	-19,34
731,29	-22,47
731,48	-17,52
731,67	-26,48
731,86	-27,59
732,06	-32,12
732,25	-47,43
732,44	-47,44
732,63	-51,22
732,82	-55,00
733,01	-57,78
733,20	-44,97
733,39	-56,52
733,59	-51,51
733,78	-55,69
733,97	-53,47
734,16	-55,11
734,35	-48,90
734,54	-50,93
734,73	-43,94
734,92	-48,44
735,11	-46,14
735,30	-45,72
735,49	-48,07
735,69	-50,69
735,88	-55,36
736,07	-65,36
736,26	-61,41
736,45	-62,07
736,64	-66,51
736,83	-74,29
737,02	-66,91
737,21	-65,03
737,40	-58,66
737,59	-69,70
737,78	-70,66
737,98	-67,05
738,17	-77,04
738,36	-63,61
738,55	-61,92
738,74	-59,21
738,93	-59,94
739,12	-53,29
739,31	-47,79
739,50	-49,66
739,69	-61,85
739,88	-74,96
740,07	-58,34
740,26	-57,93
740,45	-47,45
740,64	-51,04
740,83	-58,47
741,02	-54,90
741,22	-55,47
741,41	-69,87
741,60	-64,57
741,79	-78,90
741,98	-78,58
742,17	-73,66
742,36	-71,72
742,55	-81,41
742,74	-80,29
742,93	-92,56
743,12	-93,68
743,31	-95,23
743,50	-96,95
743,69	-101,45
743,88	-94,30
744,07	-94,54
744,26	-84,55
744,45	-86,43
744,64	-93,42
744,83	-88,70
745,02	-92,48
745,21	-86,43
745,40	-79,48
745,59	-72,04
745,78	-75,65
745,97	-75,41
746,16	-78,66
746,35	-74,33
746,54	-84,78
746,73	-77,26
746,92	-64,96
747,11	-47,11
747,30	-37,90
747,49	-27,04
747,68	-32,66
747,87	-38,70
748,06	-36,83
748,25	-33,98
748,44	-31,91
748,63	-20,18
748,82	-25,18
749,01	-18,48
749,20	-29,58
749,39	-31,37
749,58	-36,33
749,77	-52,26
749,96	-50,06
750,15	-52,34
750,34	-49,83
750,53	-43,29
750,72	-40,17
750,91	-38,05
751,10	-34,53
751,29	-26,43
751,48	-36,21
751,67	-35,71
751,86	-52,12
752,04	-63,96
752,23	-53,82
752,42	-57,66
752,61	-58,01
752,80	-56,12
752,99	-65,97
753,18	-68,92
753,37	-61,32
753,56	-64,26
753,75	-86,04
753,94	-75,85
754,13	-81,32
754,32	-70,28
754,51	-60,08
754,70	-73,41
754,89	-73,67
755,08	-72,33
755,27	-70,45
755,45	-69,78
755,64	-62,43
755,83	-70,31
756,02	-75,39
756,21	-62,46
756,40	-66,61
756,59	-53,34
756,78	-53,26
756,97	-48,08
757,16	-31,35
757,35	-30,55
757,54	-22,80
757,72	-33,04
757,91	-24,90
758,10	-25,14
758,29	-19,94
758,48	-20,32
758,67	-12,37
758,86	-12,90
759,05	-12,83
759,24	-18,21
759,43	-19,75
759,61	-28,80
759,80	-28,80
759,99	-27,05
760,18	-18,14
760,37	-21,55
760,56	-25,28
760,75	-31,83
760,94	-27,27
761,13	-31,34
761,31	-29,35
761,50	-31,75
761,69	-28,87
761,88	-30,87
762,07	-34,97
762,26	-28,43
762,45	-37,56
762,64	-32,83
762,82	-24,71
763,01	-26,76
763,20	-24,76
763,39	-31,62
763,58	-32,64
763,77	-30,64
763,96	-27,49
764,14	-27,80
764,33	-30,77
764,52	-23,07
764,71	-29,19
764,90	-32,29
765,09	-29,27
765,27	-34,40
765,46	-36,20
765,65	-45,17
765,84	-37,65
766,03	-38,95
766,22	-37,79
766,41	-41,16
766,59	-38,01
766,78	-56,57
766,97	-57,30
767,16	-58,61
767,35	-56,91
767,54	-62,91
767,72	-55,04
767,91	-54,28
768,10	-33,43
768,29	-34,41
768,48	-30,39
768,66	-35,56
768,85	-30,63
769,04	-27,93
769,23	-9,68
769,42	-17,31
769,61	-2,76
769,79	1,09
769,98	-1,20
770,17	-25,41
770,36	-25,54
770,55	-36,02
770,73	-32,16
770,92	-34,38
771,11	-24,63
771,30	-30,44
771,49	-33,06
771,67	-30,19
771,86	-27,48
772,05	-48,87
772,24	-60,11
772,42	-56,66
772,61	-41,23
772,80	-39,76
772,99	-39,77
773,18	-43,87
773,36	-37,22
773,55	-45,47
773,74	-36,70
773,93	-38,10
774,11	-48,26
774,30	-50,93
774,49	-44,09
774,68	-31,22
774,87	-33,51
775,05	-26,58
775,24	-23,48
775,43	-28,73
775,62	-35,51
775,80	-39,68
775,99	-38,32
776,18	-38,32
776,37	-32,74
776,55	-31,82
776,74	-25,39
776,93	-23,91
777,12	-23,01
777,30	-24,73
777,49	-43,49
777,68	-48,57
777,87	-56,05
778,05	-56,87
778,24	-63,76
778,43	-69,68
778,62	-68,88
778,80	-72,89
778,99	-78,42
779,18	-73,66
779,36	-73,40
779,55	-67,51
779,74	-69,08
779,93	-61,68
780,11	-64,78
780,30	-54,66
780,49	-43,86
780,68	-36,90
780,86	-35,37
781,05	-43,95
781,24	-44,20
781,42	-39,38
781,61	-47,09
781,80	-48,47
781,98	-53,54
782,17	-46,64
782,36	-45,47
782,55	-36,40
782,73	-30,75
782,92	-39,79
783,11	-47,39
783,29	-44,96
783,48	-51,23
783,67	-47,62
783,85	-48,08
784,04	-52,09
784,23	-59,77
784,42	-67,82
784,60	-66,69
784,79	-64,90
784,98	-68,11
785,16	-70,16
785,35	-59,82
785,54	-63,55
785,72	-67,53
785,91	-61,62
786,10	-62,12
786,28	-54,34
786,47	-56,45
786,66	-51,85
786,84	-47,74
787,03	-57,74
787,22	-57,09
787,40	-58,39
787,59	-69,21
787,78	-85,54
787,96	-82,39
788,15	-68,47
788,34	-68,04
788,52	-78,06
788,71	-77,74
788,89	-68,60
789,08	-68,17
789,27	-63,73
789,45	-74,17
789,64	-73,84
789,83	-75,74
790,01	-64,75
790,20	-60,36
790,39	-50,95
790,57	-69,79
790,76	-66,02
790,95	-62,00
791,13	-72,96
791,32	-75,84
791,50	-79,54
791,69	-90,18
791,88	-77,80
792,06	-82,64
792,25	-80,82
792,43	-80,66
792,62	-64,26
792,81	-68,03
792,99	-54,62
793,18	-55,20
793,37	-61,47
793,55	-48,28
793,74	-49,76
793,92	-42,30
794,11	-37,35
794,30	-39,14
794,48	-40,29
794,67	-39,73
794,85	-54,54
795,04	-70,90
795,23	-76,47
795,41	-67,81
795,60	-58,92
795,78	-50,66
795,97	-52,31
796,15	-45,23
796,34	-50,92
796,53	-68,68
796,71	-60,95
796,90	-53,81
797,08	-64,61
797,27	-58,65
797,46	-48,81
797,64	-49,71
797,83	-69,27
798,01	-77,59
798,20	-80,47
798,38	-84,27
798,57	-78,16
798,76	-70,49
798,94	-54,03
799,13	-57,65
799,31	-66,40
799,50	-54,92
799,68	-54,27
799,87	-59,55
800,05	-58,29
800,24	-46,49
800,43	-58,00
800,61	-47,04
800,80	-53,21
800,98	-64,01
801,17	-60,55
801,35	-55,05
801,54	-63,29
801,72	-53,23
801,91	-50,45
802,09	-45,46
802,28	-39,19
802,46	-40,61
802,65	-43,73
802,84	-34,86
803,02	-35,18
803,21	-28,00
803,39	-19,29
803,58	-38,61
803,76	-52,06
803,95	-46,92
804,13	-49,55
804,32	-57,22
804,50	-54,50
804,69	-59,85
804,87	-46,31
805,06	-40,30
805,24	-41,72
805,43	-46,76
805,61	-41,17
805,80	-41,56
805,98	-34,04
806,17	-21,98
806,35	-22,48
806,54	-26,28
806,72	-30,44
806,91	-43,45
807,09	-53,32
807,28	-56,20
807,46	-59,00
807,65	-58,82
807,83	-62,84
808,02	-67,22
808,20	-62,90
808,39	-64,19
808,57	-75,11
808,76	-67,61
808,94	-65,89
809,13	-51,35
809,31	-38,67
809,49	-33,13
809,68	-44,74
809,86	-45,49
810,05	-41,62
810,23	-40,15
810,42	-32,36
810,60	-45,77
810,79	-46,71
810,97	-35,97
811,16	-43,11
811,34	-40,38
811,53	-36,72
811,71	-42,95
811,89	-43,81
812,08	-37,59
812,26	-38,75
812,45	-47,32
812,63	-48,98
812,82	-57,51
813,00	-65,31
813,19	-55,84
813,37	-54,02
813,55	-49,61
813,74	-51,51
813,92	-61,63
814,11	-57,48
814,29	-54,47
814,48	-51,99
814,66	-55,40
814,84	-53,90
815,03	-61,28
815,21	-67,98
815,40	-55,80
815,58	-59,05
815,77	-56,31
815,95	-54,90
816,13	-53,91
816,32	-59,93
816,50	-59,67
816,69	-47,09
816,87	-48,02
817,05	-46,63
817,24	-48,96
817,42	-44,65
817,61	-34,74
817,79	-41,67
817,97	-51,25
818,16	-51,42
818,34	-60,26
818,53	-55,85
818,71	-50,56
818,89	-49,72
819,08	-55,51
819,26	-46,68
819,45	-36,05
819,63	-25,64
819,81	-20,41
820,00	-22,83
820,18	-18,06
820,36	-8,02
820,55	-20,33
820,73	-17,91
820,92	-29,70
821,10	-24,81
821,28	-18,83
821,47	-19,74
821,65	-24,90
821,83	-37,50
822,02	-39,33
822,20	-35,41
822,39	-36,46
822,57	-36,63
822,75	-34,58
822,94	-30,67
823,12	-35,21
823,30	-26,50
823,49	-31,41
823,67	-36,57
823,85	-40,14
824,04	-45,43
824,22	-50,19
824,40	-46,28
824,59	-49,28
824,77	-51,02
824,95	-52,95
825,14	-50,86
825,32	-48,74
825,50	-49,38
825,69	-58,60
825,87	-53,04
826,05	-53,86
826,24	-56,43
826,42	-57,30
826,60	-44,50
826,79	-52,06
826,97	-65,16
827,15	-59,46
827,34	-56,05
827,52	-68,82
827,70	-59,65
827,89	-49,73
828,07	-36,09
828,25	-43,04
828,44	-48,84
828,62	-61,17
828,80	-53,93
828,98	-61,56
829,17	-59,56
829,35	-45,04
829,53	-39,64
829,72	-49,18
829,90	-33,35
830,08	-38,64
830,27	-44,31
830,45	-62,91
830,63	-51,47
830,81	-44,26
831,00	-30,70
831,18	-24,51
831,36	-26,67
831,55	-29,76
831,73	-32,84
831,91	-46,10
832,09	-43,83
832,28	-60,36
832,46	-54,03
832,64	-62,52
832,82	-53,81
833,01	-59,46
833,19	-63,70
833,37	-65,93
833,55	-73,11
833,74	-63,15
833,92	-64,15
834,10	-66,80
834,29	-55,21
834,47	-41,54
834,65	-31,90
834,83	-39,79
835,02	-31,86
835,20	-30,21
835,38	-35,19
835,56	-31,20
835,75	-29,69
835,93	-29,20
836,11	-31,28
836,29	-25,61
836,47	-19,65
836,66	-28,86
836,84	-28,77
837,02	-22,46
837,20	-24,70
837,39	-22,81
837,57	-13,42
837,75	-22,00
837,93	-24,23
838,12	-19,77
838,30	-22,52
838,48	-20,70
838,66	-23,18
838,84	-25,25
839,03	-16,52
839,21	-23,42
839,39	-34,42
839,57	-31,19
839,75	-25,04
839,94	-33,17
840,12	-27,37
840,30	-23,65
840,48	-27,47
840,66	-25,88
840,85	-32,16
841,03	-45,56
841,21	-44,57
841,39	-51,36
841,57	-56,98
841,76	-51,71
841,94	-48,05
842,12	-48,88
842,30	-46,64
842,48	-42,79
842,67	-46,53
842,85	-50,42
843,03	-63,32
843,21	-55,53
843,39	-37,15
843,57	-44,35
843,76	-41,71
843,94	-24,11
844,12	-25,11
844,30	-32,81
844,48	-30,74
844,66	-35,73
844,85	-28,24
845,03	-33,45
845,21	-31,95
845,39	-24,72
845,57	-20,14
845,75	-20,81
845,94	-14,44
846,12	-25,18
846,30	-36,16
846,48	-30,52
846,66	-23,31
846,84	-39,80
847,02	-36,98
847,21	-37,81
847,39	-29,60
847,57	-24,98
847,75	-17,49
847,93	-27,72
848,11	-25,56
848,29	-18,98
848,48	-13,41
848,66	-30,43
848,84	-30,35
849,02	-33,34
849,20	-16,17
849,38	-20,81
849,56	-32,44
849,74	-35,28
849,93	-35,11
850,11	-37,93
850,29	-46,75
850,47	-53,00
850,65	-58,33
850,83	-55,16
851,01	-29,99
851,19	-40,40
851,37	-38,56
851,56	-37,50
851,74	-39,42
851,92	-38,12
852,10	-34,11
852,28	-29,29
852,46	-24,56
852,64	-18,92
852,82	-21,34
853,00	-22,67
853,18	-22,99
853,37	-32,98
853,55	-23,98
853,73	-27,39
853,91	-35,68
854,09	-31,97
854,27	-27,63
854,45	-27,97
854,63	-30,21
854,81	-39,37
854,99	-35,03
855,17	-30,45
855,35	-34,25
855,53	-28,09
855,72	-19,92
855,90	-29,66
856,08	-31,23
856,26	-31,51
856,44	-29,92
856,62	-28,90
856,80	-30,48
856,98	-32,56
857,16	-22,22
857,34	-20,31
857,52	-26,12
857,70	-25,48
857,88	-23,40
858,06	-29,74
858,24	-28,48
858,42	-31,66
858,60	-24,90
858,78	-22,81
858,96	-29,06
859,15	-33,48
859,33	-43,68
859,51	-47,59
859,69	-50,83
859,87	-48,11
860,05	-48,03
860,23	-44,30
860,41	-46,89
860,59	-38,83
860,77	-28,40
860,95	-28,66
861,13	-27,42
861,31	-18,19
861,49	-14,44
861,67	-4,91
861,85	-7,15
862,03	0,01
862,21	1,17
862,39	5,42
862,57	-0,91
862,75	-2,60
862,93	-8,79
863,11	-7,88
863,29	-9,04
863,47	-13,89
863,65	-15,39
863,83	-11,32
864,01	-9,90
864,19	-14,01
864,37	-22,45
864,55	-26,26
864,73	-26,09
864,91	-33,43
865,09	-33,68
865,27	-34,72
865,45	-47,44
865,63	-55,04
865,81	-49,77
865,99	-50,52
866,17	-55,67
866,35	-55,01
866,53	-49,99
866,71	-46,98
866,89	-45,99
867,07	-50,67
867,24	-45,07
867,42	-37,71
867,60	-33,31
867,78	-27,18
867,96	-25,18
868,14	-18,42
868,32	-19,60
868,50	-15,17
868,68	-21,62
868,86	-23,71
869,04	-24,38
869,22	-19,97
869,40	-15,37
869,58	-21,62
869,76	-18,20
869,94	-23,13
870,12	-23,48
870,30	-23,96
870,48	-28,96
870,66	-30,98
870,83	-35,16
871,01	-30,05
871,19	-28,54
871,37	-37,85
871,55	-32,74
871,73	-30,24
871,91	-30,40
872,09	-38,25
872,27	-38,02
872,45	-35,59
872,63	-31,17
872,81	-40,46
872,98	-35,93
873,16	-34,01
873,34	-34,52
873,52	-29,93
873,70	-22,21
873,88	-30,39
874,06	-35,32
874,24	-31,42
874,42	-28,25
874,60	-27,63
874,78	-31,22
874,95	-31,98
875,13	-33,65
875,31	-37,07
875,49	-40,65
875,67	-38,72
875,85	-45,84
876,03	-36,68
876,21	-37,19
876,39	-42,64
876,56	-39,88
876,74	-45,20
876,92	-42,70
877,10	-42,05
877,28	-37,52
877,46	-31,82
877,64	-27,47
877,82	-19,45
877,99	-16,69
878,17	-22,06
878,35	-26,30
878,53	-22,05
878,71	-22,28
878,89	-24,54
879,07	-18,14
879,24	-20,08
879,42	-25,20
879,60	-20,96
879,78	-18,38
879,96	-26,18
880,14	-37,74
880,32	-45,76
880,49	-42,37
880,67	-43,44
880,85	-44,28
881,03	-51,27
881,21	-53,43
881,39	-50,08
881,56	-51,68
881,74	-50,58
881,92	-61,43
882,10	-64,95
882,28	-53,48
882,46	-52,77
882,63	-50,68
882,81	-40,07
882,99	-41,16
883,17	-36,98
883,35	-27,87
883,52	-20,10
883,70	-19,18
883,88	-10,46
884,06	0,08
884,24	2,58
884,42	-0,68
884,59	-9,67
884,77	-7,01
884,95	-1,91
885,13	-6,77
885,31	-13,52
885,48	-14,27
885,66	-13,89
885,84	-30,31
886,02	-36,41
886,20	-39,49
886,37	-50,62
886,55	-49,70
886,73	-49,66
886,91	-45,10
887,08	-42,69
887,26	-42,61
887,44	-58,45
887,62	-41,19
887,80	-48,80
887,97	-54,86
888,15	-46,62
888,33	-48,29
888,51	-49,15
888,68	-42,03
888,86	-38,78
889,04	-34,70
889,22	-35,79
889,40	-40,15
889,57	-40,83
889,75	-22,81
889,93	-36,09
890,11	-35,17
890,28	-22,01
890,46	-12,84
890,64	-10,84
890,82	-16,98
890,99	-12,88
891,17	-24,66
891,35	-22,50
891,53	-18,98
891,70	-14,54
891,88	-18,55
892,06	-25,85
892,24	-16,95
892,41	-9,32
892,59	-16,08
892,77	-24,37
892,94	-26,13
893,12	-17,31
893,30	-20,99
893,48	-19,27
893,65	-11,38
893,83	-17,17
894,01	-19,69
894,19	-19,03
894,36	-16,94
894,54	-21,65
894,72	-19,39
894,89	-21,79
895,07	-22,80
895,25	-28,56
895,43	-25,96
895,60	-21,59
895,78	-12,92
895,96	-25,08
896,13	-15,43
896,31	-12,24
896,49	-10,81
896,66	-10,61
896,84	-2,74
897,02	-13,49
897,20	-11,80
897,37	-8,01
897,55	-4,84
897,73	-4,66
897,90	-9,72
898,08	-15,35
898,26	-13,02
898,43	-23,78
898,61	-17,96
898,79	-19,21
898,96	-14,70
899,14	-30,66
899,32	-25,69
899,49	-22,65
899,67	-26,65
899,85	-21,71
900,02	-31,06
900,20	-31,47
900,38	-31,88
900,55	-33,24
900,73	-24,30
900,91	-33,05
901,08	-28,52
901,26	-27,93
901,44	-27,26
901,61	-26,17
901,79	-22,65
901,97	-16,38
902,14	-17,48
902,32	-18,04
902,50	-18,63
902,67	-17,80
902,85	-23,51
903,02	-31,06
903,20	-25,46
903,38	-28,98
903,55	-31,51
903,73	-28,70
903,91	-28,70
904,08	-30,63
904,26	-37,54
904,44	-39,71
904,61	-34,09
904,79	-37,90
904,96	-28,90
905,14	-12,43
905,32	-11,25
905,49	-19,07
905,67	-22,28
905,84	-20,42
906,02	-17,41
906,20	-23,90
906,37	-25,67
906,55	-18,34
906,73	-13,48
906,90	-11,88
907,08	-9,77
907,25	-16,91
907,43	-24,80
907,61	-29,22
907,78	-28,80
907,96	-21,67
908,13	-19,49
908,31	-24,81
908,48	-17,89
908,66	-18,98
908,84	-22,77
909,01	-32,40
909,19	-37,03
909,36	-29,72
909,54	-27,37
909,72	-32,78
909,89	-29,00
910,07	-25,70
910,24	-34,59
910,42	-39,13
910,59	-34,49
910,77	-31,54
910,95	-21,90
911,12	-24,01
911,30	-9,91
911,47	-5,02
911,65	-13,31
911,82	-12,55
912,00	-7,83
912,17	-5,12
912,35	-2,85
912,53	1,77
912,70	-1,19
912,88	2,10
913,05	-5,15
913,23	-10,16
913,40	-10,84
913,58	-16,58
913,75	-16,67
913,93	-20,17
914,10	-28,02
914,28	-25,23
914,46	-20,36
914,63	-25,00
914,81	-26,60
914,98	-23,89
915,16	-23,30
915,33	-25,24
915,51	-27,27
915,68	-23,04
915,86	-21,53
916,03	-25,59
916,21	-18,40
916,38	-16,68
916,56	-8,10
916,73	-14,23
916,91	-6,21
917,08	-7,47
917,26	-14,35
917,43	-16,37
917,61	-12,92
917,78	-15,76
917,96	-21,31
918,13	-16,59
918,31	-14,47
918,48	-11,53
918,66	-9,51
918,83	-24,99
919,01	-24,49
919,18	-36,04
919,36	-38,89
919,53	-34,20
919,71	-36,90
919,88	-37,47
920,06	-43,55
920,23	-39,53
920,41	-43,40
920,58	-47,33
920,76	-53,38
920,93	-54,42
921,11	-47,19
921,28	-46,85
921,45	-34,82
921,63	-33,07
921,80	-33,32
921,98	-45,66
922,15	-51,03
922,33	-46,58
922,50	-49,61
922,68	-50,87
922,85	-44,66
923,03	-43,51
923,20	-41,14
923,38	-50,85
923,55	-50,59
923,72	-57,41
923,90	-51,51
924,07	-45,95
924,25	-34,26
924,42	-25,20
924,60	-27,50
924,77	-24,55
924,95	-25,73
925,12	-24,04
925,29	-23,29
925,47	-22,44
925,64	-18,62
925,82	-18,29
925,99	-12,20
926,17	-12,87
926,34	-11,94
926,51	-3,93
926,69	-6,72
926,86	0,73
927,04	-4,78
927,21	-11,30
927,38	-13,07
927,56	-3,52
927,73	0,68
927,91	0,22
928,08	0,05
928,25	-10,34
928,43	-17,41
928,60	-20,88
928,78	-27,40
928,95	-27,82
929,12	-28,33
929,30	-25,87
929,47	-19,70
929,65	-19,19
929,82	-30,42
929,99	-33,19
930,17	-28,53
930,34	-28,10
930,52	-20,09
930,69	-17,93
930,86	-16,23
931,04	-15,04
931,21	-21,76
931,38	-23,71
931,56	-13,37
931,73	-6,60
931,91	-7,78
932,08	-8,65
932,25	-10,69
932,43	-7,40
932,60	-6,72
932,77	-5,86
932,95	3,91
933,12	2,72
933,29	6,43
933,47	15,85
933,64	21,46
933,82	15,52
933,99	4,08
934,16	5,18
934,34	6,27
934,51	0,10
934,68	-1,49
934,86	-2,77
935,03	-5,57
935,20	-13,05
935,38	-10,94
935,55	-17,19
935,72	-17,70
935,90	-17,71
936,07	-20,33
936,24	-16,51
936,42	-16,25
936,59	-6,77
936,76	-1,36
936,94	-6,52
937,11	-7,46
937,28	-5,25
937,46	-6,34
937,63	-0,30
937,80	-5,47
937,97	-4,54
938,15	-8,10
938,32	-10,22
938,49	-9,20
938,67	-13,01
938,84	-16,63
939,01	-15,70
939,19	-4,94
939,36	-10,33
939,53	-14,80
939,70	-11,85
939,88	-14,07
940,05	-2,03
940,22	-9,75
940,40	-11,37
940,57	-3,48
940,74	-0,77
940,92	2,35
941,09	-3,58
941,26	1,51
941,43	-6,87
941,61	-0,89
941,78	-0,99
941,95	-0,40
942,12	-4,73
942,30	-10,06
942,47	-1,31
942,64	2,68
942,82	-1,82
942,99	-3,42
943,16	-8,94
943,33	-5,89
943,51	-15,36
943,68	-13,76
943,85	-13,51
944,02	-10,20
944,20	-9,27
944,37	-5,14
944,54	-7,95
944,71	-13,22
944,89	-14,34
945,06	-12,64
945,23	-12,47
945,40	-4,99
945,58	-12,40
945,75	-7,93
945,92	-3,00
946,09	0,74
946,27	3,86
946,44	1,15
946,61	-0,76
946,78	8,68
946,95	14,87
947,13	14,45
947,30	5,97
947,47	1,81
947,64	5,50
947,82	16,29
947,99	18,15
948,16	9,82
948,33	7,61
948,50	4,65
948,68	3,04
948,85	2,36
949,02	-6,30
949,19	-10,79
949,36	-14,86
949,54	-11,15
949,71	-10,18
949,88	-15,24
950,05	-14,04
950,22	-16,92
950,40	-15,13
950,57	-15,30
950,74	-15,80
950,91	-13,85
951,08	-16,40
951,26	-9,90
951,43	-9,66
951,60	-7,11
951,77	-5,05
951,94	-3,62
952,11	-6,50
952,29	-12,11
952,46	-12,53
952,63	-8,56
952,80	-7,29
952,97	-8,05
953,15	-8,22
953,32	-17,54
953,49	-24,31
953,66	-14,54
953,83	-20,33
954,00	-18,39
954,17	-15,77
954,35	-18,99
954,52	-18,13
954,69	-20,57
954,86	-23,96
955,03	-28,12
955,20	-25,67
955,38	-26,43
955,55	-20,76
955,72	-25,60
955,89	-35,88
956,06	-29,32
956,23	-29,15
956,40	-31,87
956,58	-24,91
956,75	-25,17
956,92	-18,75
957,09	-16,45
957,26	-20,06
957,43	-19,73
957,60	-17,10
957,77	-3,43
957,95	3,04
958,12	9,05
958,29	9,39
958,46	15,67
958,63	20,33
958,80	21,34
958,97	27,02
959,14	21,94
959,31	13,33
959,49	17,45
959,66	17,21
959,83	17,46
960,00	7,62
960,17	-2,18
960,34	-2,92
960,51	-3,94
960,68	-15,03
960,85	-16,82
961,02	-14,10
961,20	-15,20
961,37	-5,22
961,54	3,21
961,71	3,04
961,88	4,40
962,05	7,09
962,22	6,50
962,39	23,07
962,56	18,65
962,73	14,27
962,90	18,08
963,07	10,54
963,24	7,57
963,42	4,18
963,59	-0,47
963,76	-6,23
963,93	-1,64
964,10	-6,39
964,27	-17,26
964,44	-17,52
964,61	-28,56
964,78	-32,44
964,95	-20,94
965,12	-27,49
965,29	-23,33
965,46	-30,92
965,63	-35,14
965,80	-33,94
965,97	-27,00
966,14	-34,59
966,31	-31,38
966,48	-20,32
966,66	-19,04
966,83	-18,42
967,00	-20,92
967,17	-25,84
967,34	-15,83
967,51	-18,11
967,68	-10,96
967,85	-5,81
968,02	-11,15
968,19	-11,24
968,36	-7,20
968,53	-9,14
968,70	-22,02
968,87	-14,45
969,04	-6,59
969,21	-1,56
969,38	1,40
969,55	-1,73
969,72	-0,11
969,89	-5,53
970,06	-8,84
970,23	-8,92
970,40	-15,66
970,57	-15,33
970,74	-21,60
970,91	-23,50
971,08	-34,45
971,25	-36,47
971,42	-39,19
971,59	-46,89
971,76	-49,34
971,93	-48,50
972,10	-45,36
972,27	-42,90
972,44	-39,10
972,61	-32,01
972,78	-36,16
972,95	-29,22
973,12	-17,75
973,29	-22,44
973,46	-20,31
973,63	-10,01
973,80	-6,04
973,97	-0,38
974,14	-4,63
974,30	-11,20
974,47	-9,00
974,64	-11,63
974,81	-20,35
974,98	-11,73
975,15	-15,62
975,32	-17,74
975,49	-16,54
975,66	-19,17
975,83	-21,02
976,00	-14,14
976,17	-16,76
976,34	-13,52
976,51	-0,81
976,68	-4,11
976,85	-6,06
977,02	-1,73
977,19	-6,37
977,36	0,41
977,52	1,09
977,69	7,62
977,86	2,41
978,03	-3,34
978,20	-12,76
978,37	-15,71
978,54	-10,46
978,71	-11,35
978,88	-10,50
979,05	-5,85
979,22	-3,15
979,39	-1,80
979,56	-5,53
979,72	-8,74
979,89	-13,22
980,06	-13,17
980,23	-14,87
980,40	-12,66
980,57	-6,84
980,74	-10,82
980,91	-16,25
981,08	-13,89
981,25	-13,88
981,41	-17,70
981,58	-17,02
981,75	-19,05
981,92	-14,32
982,09	-14,68
982,26	-9,94
982,43	-7,64
982,60	-8,90
982,77	-9,58
982,93	-11,20
983,10	-17,12
983,27	-17,29
983,44	-24,76
983,61	-21,95
983,78	-20,60
983,95	-19,16
984,11	-24,77
984,28	-25,60
984,45	-33,65
984,62	-35,17
984,79	-37,63
984,96	-39,59
985,13	-35,84
985,30	-31,27
985,46	-32,10
985,63	-27,09
985,80	-35,88
985,97	-41,96
986,14	-47,56
986,31	-48,49
986,47	-43,14
986,64	-30,03
986,81	-24,44
986,98	-24,36
987,15	-31,95
987,32	-31,78
987,48	-33,49
987,65	-35,70
987,82	-33,07
987,99	-17,55
988,16	-14,59
988,33	-9,59
988,49	-8,12
988,66	-9,14
988,83	-18,12
989,00	-21,35
989,17	-20,23
989,34	-18,63
989,50	-14,63
989,67	-10,22
989,84	-4,25
990,01	-11,09
990,18	-22,25
990,34	-21,99
990,51	-19,96
990,68	-17,35
990,85	-12,85
991,02	-11,83
991,18	-8,44
991,35	-10,30
991,52	-4,07
991,69	-12,31
991,86	-9,77
992,02	-17,33
992,19	-15,84
992,36	-14,23
992,53	-12,46
992,69	-21,66
992,86	-24,05
993,03	-25,07
993,20	-25,82
993,37	-28,44
993,53	-29,93
993,70	-32,40
993,87	-15,60
994,04	-21,09
994,20	-17,89
994,37	-17,90
994,54	-18,81
994,71	-23,03
994,87	-12,98
995,04	-9,32
995,21	-13,13
995,38	-12,78
995,55	-17,97
995,71	-15,24
995,88	-13,19
996,05	-15,00
996,22	-15,69
996,38	-18,75
996,55	-20,23
996,72	-22,15
996,88	-22,76
997,05	-28,97
997,22	-37,74
997,39	-35,38
997,55	-29,79
997,72	-30,73
997,89	-27,50
998,06	-32,07
998,22	-41,53
998,39	-40,69
998,56	-42,52
998,73	-40,51
998,89	-37,76
999,06	-37,75
999,23	-32,14
999,39	-24,38
999,56	-28,96
999,73	-29,30
999,90	-19,20
1000,06	-11,85
1000,23	-10,95
1000,40	-9,76
1000,56	-7,72
1000,73	-6,39
1000,90	-1,81
1001,06	-5,47
1001,23	-4,10
1001,40	-6,89
1001,57	-5,63
1001,73	0,39
1001,90	-0,63
1002,07	-6,29
1002,23	-13,72
1002,40	-9,46
1002,57	-13,87
1002,73	-13,70
1002,90	-13,20
1003,07	-13,03
1003,23	-10,79
1003,40	-5,56
1003,57	0,21
1003,73	-0,30
1003,90	3,58
1004,07	-2,25
1004,23	-3,62
1004,40	6,17
1004,57	7,44
1004,73	14,11
1004,90	12,32
1005,07	16,30
1005,23	14,35
1005,40	16,89
1005,57	8,91
1005,73	7,13
1005,90	4,17
1006,07	-7,33
1006,23	1,99
1006,40	1,65
1006,57	-10,34
1006,73	-9,66
1006,90	-18,81
1007,06	-16,42
1007,23	-19,64
1007,40	-17,70
1007,56	-15,58
1007,73	-14,82
1007,90	-12,97
1008,06	-11,94
1008,23	-12,49
1008,40	-17,60
1008,56	-9,79
1008,73	-8,01
1008,89	-7,74
1009,06	-7,32
1009,23	-6,05
1009,39	-8,51
1009,56	-10,80
1009,72	-11,82
1009,89	-6,72
1010,06	-4,35
1010,22	-7,53
1010,39	0,56
1010,55	-3,92
1010,72	-12,05
1010,89	-4,99
1011,05	-12,66
1011,22	-9,84
1011,38	-10,52
1011,55	-13,68
1011,72	-11,29
1011,88	-10,27
1012,05	-11,03
1012,21	-14,48
1012,38	-4,70
1012,55	-11,57
1012,71	-6,07
1012,88	-0,21
1013,04	-9,14
1013,21	-6,98
1013,37	-4,44
1013,54	-9,88
1013,71	2,70
1013,87	2,78
1014,04	5,72
1014,20	2,58
1014,37	-1,08
1014,53	-2,71
1014,70	7,78
1014,87	4,72
1015,03	-0,64
1015,20	-1,30
1015,36	-1,31
1015,53	-0,28
1015,69	-3,43
1015,86	-6,50
1016,02	-14,35
1016,19	-21,13
1016,36	-19,77
1016,52	-18,83
1016,69	-27,36
1016,85	-34,90
1017,02	-35,84
1017,18	-27,97
1017,35	-29,56
1017,51	-33,75
1017,68	-39,37
1017,84	-31,13
1018,01	-34,34
1018,17	-26,82
1018,34	-25,13
1018,50	-22,41
1018,67	-25,11
1018,84	-16,91
1019,00	-9,77
1019,17	-3,90
1019,33	-9,89
1019,50	-6,46
1019,66	0,61
1019,83	4,09
1019,99	-1,39
1020,16	-2,16
1020,32	3,62
1020,49	4,99
1020,65	5,59
1020,82	8,37
1020,98	5,82
1021,15	-1,55
1021,31	-5,79
1021,48	-4,27
1021,64	-1,46
1021,81	-6,61
1021,97	5,23
1022,14	10,38
1022,30	8,68
1022,47	6,93
1022,63	4,48
1022,79	6,61
1022,96	9,76
1023,12	12,13
1023,29	15,43
1023,45	19,58
1023,62	20,01
1023,78	18,22
1023,95	24,39
1024,11	12,39
1024,28	10,86
1024,44	21,61
1024,61	13,51
1024,77	10,85
1024,94	10,52
1025,10	6,35
1025,26	4,32
1025,43	7,39
1025,59	6,28
1025,76	3,50
1025,92	5,95
1026,09	5,27
1026,25	6,63
1026,42	4,68
1026,58	-3,68
1026,74	-7,27
1026,91	-2,09
1027,07	-10,57
1027,24	-15,56
1027,40	-14,54
1027,57	-24,32
1027,73	-22,64
1027,90	-20,78
1028,06	-28,17
1028,22	-29,11
1028,39	-34,62
1028,55	-31,91
1028,72	-34,21
1028,88	-31,41
1029,04	-25,55
1029,21	-20,72
1029,37	-10,21
1029,54	-13,70
1029,70	-12,07
1029,87	-18,34
1030,03	-19,37
1030,19	-21,75
1030,36	-23,77
1030,52	-19,62
1030,69	-10,24
1030,85	-6,59
1031,01	-3,60
1031,18	-7,08
1031,34	-4,62
1031,50	-8,44
1031,67	-4,54
1031,83	1,81
1032,00	0,36
1032,16	0,27
1032,32	4,97
1032,49	7,00
1032,65	6,58
1032,82	-4,15
1032,98	-3,39
1033,14	-5,17
1033,31	-4,48
1033,47	-11,21
1033,63	-15,79
1033,80	-7,70
1033,96	-9,38
1034,13	-9,38
1034,29	-3,34
1034,45	4,51
1034,62	6,88
1034,78	3,13
1034,94	0,18
1035,11	2,21
1035,27	6,36
1035,43	11,13
1035,60	11,77
1035,76	6,90
1035,92	-5,69
1036,09	-4,33
1036,25	-1,60
1036,41	-11,57
1036,58	-13,47
1036,74	-16,54
1036,90	-7,55
1037,07	-2,73
1037,23	-9,09
1037,39	-4,75
1037,56	-7,76
1037,72	-5,82
1037,88	4,48
1038,05	5,67
1038,21	2,44
1038,37	5,40
1038,54	6,18
1038,70	-1,23
1038,86	3,52
1039,03	-3,32
1039,19	-6,55
1039,35	-6,39
1039,52	-13,87
1039,68	-20,46
1039,84	-25,66
1040,00	-24,30
1040,17	-14,81
1040,33	-19,30
1040,49	-26,88
1040,66	-18,61
1040,82	-19,00
1040,98	-21,05
1041,15	-20,12
1041,31	-18,67
1041,47	-14,34
1041,63	-11,71
1041,80	-9,86
1041,96	-4,16
1042,12	-8,06
1042,29	-12,20
1042,45	-4,49
1042,61	6,76
1042,77	0,65
1042,94	7,34
1043,10	7,77
1043,26	5,22
1043,42	6,24
1043,59	52,10
1043,75	-34,01
1043,91	30,87
1044,07	19,94
1044,24	-35,43
1044,40	-6,58
