345,22	-80,80
345,44	-80,80
345,66	-80,80
345,88	27,27
346,10	49,56
346,32	-19,38
346,54	-15,95
346,75	-11,05
346,97	-3,27
347,19	-0,48
347,41	-6,18
347,63	-7,90
347,85	-6,71
348,07	-3,15
348,29	-3,74
348,51	-8,25
348,73	-15,82
348,95	-22,68
349,16	-18,96
349,38	-24,65
349,60	-22,27
349,82	-16,46
350,04	-9,02
350,26	-3,52
350,48	-7,43
350,70	-8,53
350,92	-9,30
351,14	-1,50
351,35	1,14
351,57	6,74
351,79	15,95
352,01	14,08
352,23	19,44
352,45	18,59
352,67	13,61
352,89	10,07
353,10	8,87
353,32	6,52
353,54	7,12
353,76	7,46
353,98	8,23
354,20	13,07
354,42	6,63
354,64	3,94
354,85	4,62
355,07	7,76
355,29	12,25
355,51	10,31
355,73	10,65
355,95	11,83
356,17	13,10
356,38	15,22
356,60	16,93
356,82	12,68
357,04	7,01
357,26	13,20
357,48	11,24
357,69	8,55
357,91	10,48
358,13	2,77
358,35	5,74
358,57	7,26
358,79	10,30
359,01	15,73
359,22	15,64
359,44	12,40
359,66	9,36
359,88	6,21
360,10	4,25
360,32	2,56
360,53	2,38
360,75	0,81
360,97	3,95
361,19	0,81
361,41	0,80
361,62	-5,72
361,84	-8,96
362,06	-2,11
362,28	-5,67
362,50	-4,51
362,72	-0,26
362,93	5,93
363,15	-1,33
363,37	-3,41
363,59	-5,71
363,81	-4,36
364,02	-2,25
364,24	-5,13
364,46	-2,83
364,68	3,79
364,90	-4,08
365,11	-5,88
365,33	-5,97
365,55	-5,80
365,77	-14,60
365,99	-8,63
366,20	-1,39
366,42	0,47
366,64	-3,16
366,86	-6,79
367,07	-9,69
367,29	-15,10
367,51	-16,47
367,73	-17,40
367,95	-14,68
368,16	-15,51
368,38	-18,48
368,60	-17,64
368,82	-16,71
369,03	-15,69
369,25	-23,83
369,47	-23,51
369,69	-27,83
369,91	-27,13
370,12	-25,87
370,34	-31,21
370,56	-26,45
370,78	-24,74
370,99	-16,36
371,21	-17,90
371,43	-21,57
371,65	-14,55
371,86	-17,26
372,08	-13,02
372,30	-10,47
372,52	-8,93
372,73	-0,21
372,95	5,73
373,17	5,73
373,39	2,92
373,60	-3,06
373,82	-12,91
374,04	-10,27
374,26	-4,83
374,47	-13,37
374,69	-10,98
374,91	-11,32
375,12	-13,86
375,34	-6,77
375,56	-16,44
375,78	-23,50
375,99	-22,31
376,21	-21,89
376,43	-19,49
376,65	-15,06
376,86	-17,16
377,08	-19,11
377,30	-12,07
377,51	-11,82
377,73	-7,18
377,95	-4,89
378,17	-12,26
378,38	-2,13
378,60	-2,04
378,82	1,26
379,03	0,50
379,25	2,72
379,47	1,29
379,68	2,05
379,90	2,55
380,12	-6,20
380,34	-12,65
380,55	-16,69
380,77	-23,24
380,99	-17,97
381,20	-22,85
381,42	-15,90
381,64	-17,15
381,85	-19,96
382,07	-11,91
382,29	-9,46
382,50	-8,29
382,72	-4,30
382,94	1,56
383,15	8,92
383,37	3,56
383,59	10,80
383,80	13,34
384,02	13,17
384,24	14,89
384,45	20,59
384,67	23,30
384,89	17,21
385,10	20,27
385,32	24,01
385,54	23,41
385,75	22,31
385,97	21,49
386,19	27,10
386,40	27,09
386,62	21,16
386,84	20,66
387,05	13,95
387,27	8,74
387,49	3,34
387,70	6,24
387,92	0,37
388,14	-4,46
388,35	-2,27
388,57	-0,91
388,79	-3,21
389,00	-3,63
389,22	-5,57
389,43	-0,83
389,65	0,02
389,87	1,30
390,08	-5,55
390,30	-6,58
390,52	-3,96
390,73	3,26
390,95	3,16
391,17	-6,42
391,38	-8,97
391,60	-8,89
391,81	-7,11
392,03	-1,58
392,25	-2,68
392,46	-0,25
392,68	-1,94
392,89	1,36
393,11	6,18
393,33	3,81
393,54	-4,91
393,76	-3,73
393,98	2,07
394,19	4,44
394,41	3,60
394,62	-2,77
394,84	-5,92
395,06	-13,28
395,27	-16,66
395,49	-10,46
395,70	-12,08
395,92	-5,91
396,13	-2,74
396,35	-1,74
396,57	3,02
396,78	6,23
397,00	-4,81
397,21	-7,38
397,43	-5,50
397,65	-8,55
397,86	-4,15
398,08	-2,79
398,29	-3,82
398,51	-0,76
398,72	-10,47
398,94	-18,83
399,16	-16,54
399,37	-26,84
399,59	-29,80
399,80	-16,87
400,02	-12,87
400,23	-13,21
400,45	-16,43
400,67	-12,45
400,88	-15,51
401,10	-23,14
401,31	-24,41
401,53	-17,96
401,74	-16,78
401,96	-15,25
402,17	-14,25
402,39	-18,67
402,61	-22,51
402,82	-24,96
403,04	-24,20
403,25	-20,57
403,47	-27,89
403,68	-27,97
403,90	-43,25
404,11	-44,78
404,33	-44,29
404,54	-48,18
404,76	-56,78
404,97	-54,29
405,19	-51,82
405,41	-51,81
405,62	-52,99
405,84	-58,70
406,05	-58,53
406,27	-58,88
406,48	-62,43
406,70	-50,66
406,91	-52,10
407,13	-56,94
407,34	-56,33
407,56	-48,58
407,77	-42,36
407,99	-46,47
408,20	-50,45
408,42	-49,53
408,63	-49,41
408,85	-47,38
409,06	-41,75
409,28	-41,61
409,49	-41,44
409,71	-43,62
409,92	-40,57
410,14	-39,91
410,35	-39,66
410,57	-50,83
410,78	-46,89
411,00	-48,78
411,21	-53,80
411,43	-51,38
411,64	-53,40
411,86	-57,65
412,07	-59,19
412,29	-61,38
412,50	-56,47
412,72	-71,14
412,93	-73,18
413,15	-80,92
413,36	-79,12
413,58	-85,43
413,79	-82,46
414,01	-78,17
414,22	-73,71
414,43	-70,50
414,65	-71,77
414,86	-67,33
415,08	-57,91
415,29	-59,44
415,51	-51,49
415,72	-50,11
415,94	-52,00
416,15	-42,62
416,37	-36,07
416,58	-39,01
416,80	-40,85
417,01	-47,33
417,22	-53,36
417,44	-60,01
417,65	-57,81
417,87	-61,40
418,08	-64,87
418,30	-69,69
418,51	-74,67
418,73	-67,08
418,94	-75,07
419,15	-82,74
419,37	-83,06
419,58	-79,47
419,80	-77,58
420,01	-77,04
420,23	-67,49
420,44	-73,27
420,65	-74,47
420,87	-74,61
421,08	-74,99
421,30	-71,23
421,51	-77,61
421,73	-82,90
421,94	-74,88
422,15	-78,11
422,37	-77,94
422,58	-78,68
422,80	-77,17
423,01	-84,50
423,22	-89,45
423,44	-85,85
423,65	-83,49
423,87	-79,58
424,08	-83,48
424,29	-80,72
424,51	-75,88
424,72	-83,36
424,94	-76,37
425,15	-82,50
425,36	-80,56
425,58	-90,51
425,79	-90,25
426,01	-93,44
426,22	-102,94
426,43	-104,23
426,65	-104,13
426,86	-101,05
427,08	-106,12
427,29	-103,72
427,50	-104,81
427,72	-106,31
427,93	-104,81
428,14	-99,98
428,36	-92,34
428,57	-99,81
428,79	-93,91
429,00	-95,92
429,21	-95,50
429,43	-99,96
429,64	-103,66
429,85	-101,59
430,07	-107,44
430,28	-103,41
430,49	-110,52
430,71	-117,19
430,92	-126,70
431,14	-133,54
431,35	-122,29
431,56	-120,13
431,78	-120,46
431,99	-130,39
432,20	-130,58
432,42	-135,48
432,63	-141,07
432,84	-145,92
433,06	-146,25
433,27	-140,20
433,48	-144,02
433,70	-145,47
433,91	-144,88
434,12	-150,01
434,34	-155,61
434,55	-149,49
434,76	-156,26
434,98	-153,28
435,19	-155,60
435,40	-151,52
435,62	-153,59
435,83	-164,18
436,04	-175,25
436,26	-174,11
436,47	-175,17
436,68	-175,13
436,90	-176,57
437,11	-175,93
437,32	-178,29
437,54	-169,82
437,75	-174,51
437,96	-168,24
438,17	-167,82
438,39	-158,89
438,60	-152,85
438,81	-142,67
439,03	-146,35
439,24	-149,13
439,45	-154,43
439,67	-156,40
439,88	-161,24
440,09	-162,17
440,30	-164,36
440,52	-167,08
440,73	-170,63
440,94	-179,55
441,16	-183,94
441,37	-183,73
441,58	-198,01
441,80	-193,49
442,01	-201,13
442,22	-206,65
442,43	-216,40
442,65	-215,43
442,86	-221,80
443,07	-223,12
443,28	-223,90
443,50	-226,83
443,71	-227,92
443,92	-239,42
444,14	-249,02
444,35	-234,51
444,56	-241,98
444,77	-235,70
444,99	-235,10
445,20	-227,75
445,41	-236,73
445,62	-236,71
445,84	-239,48
446,05	-242,55
446,26	-243,62
446,47	-236,20
446,69	-232,08
446,90	-235,28
447,11	-254,89
447,32	-248,27
447,54	-251,97
447,75	-251,74
447,96	-264,31
448,17	-257,95
448,39	-262,48
448,60	-256,18
448,81	-253,85
449,02	-250,23
449,23	-257,75
449,45	-256,20
449,66	-247,66
449,87	-236,52
450,08	-242,01
450,30	-246,56
450,51	-237,91
450,72	-229,05
450,93	-239,89
451,15	-235,19
451,36	-241,79
451,57	-236,68
451,78	-241,37
451,99	-238,81
452,21	-243,05
452,42	-241,85
452,63	-251,60
452,84	-249,42
453,05	-249,77
453,27	-252,77
453,48	-252,73
453,69	-246,94
453,90	-247,80
454,11	-242,29
454,33	-252,45
454,54	-249,79
454,75	-251,48
454,96	-244,33
455,17	-248,24
455,39	-247,47
455,60	-247,90
455,81	-239,11
456,02	-244,14
456,23	-239,47
456,45	-237,22
456,66	-237,56
456,87	-241,63
457,08	-241,09
457,29	-243,28
457,50	-253,59
457,72	-254,37
457,93	-257,60
458,14	-252,99
458,35	-253,75
458,56	-268,70
458,77	-265,76
458,99	-270,61
459,20	-274,90
459,41	-276,44
459,62	-279,92
459,83	-278,01
460,04	-278,73
460,26	-271,90
460,47	-277,95
460,68	-282,07
460,89	-284,18
461,10	-286,39
461,31	-274,50
461,52	-281,20
461,74	-282,43
461,95	-276,71
462,16	-269,80
462,37	-270,54
462,58	-274,44
462,79	-283,46
463,00	-285,34
463,22	-285,14
463,43	-280,50
463,64	-283,43
463,85	-285,26
464,06	-289,16
464,27	-290,55
464,48	-289,83
464,70	-295,99
464,91	-299,14
465,12	-300,04
465,33	-299,79
465,54	-294,19
465,75	-289,91
465,96	-292,19
466,17	-299,45
466,38	-300,13
466,60	-299,62
466,81	-299,28
467,02	-305,79
467,23	-312,05
467,44	-311,88
467,65	-313,47
467,86	-324,10
468,07	-321,14
468,28	-315,37
468,50	-318,20
468,71	-322,96
468,92	-325,38
469,13	-329,52
469,34	-329,14
469,55	-334,65
469,76	-328,52
469,97	-326,62
470,18	-322,04
470,39	-325,66
470,60	-314,65
470,82	-323,74
471,03	-333,94
471,24	-335,32
471,45	-330,89
471,66	-330,03
471,87	-324,70
472,08	-321,45
472,29	-319,61
472,50	-324,97
472,71	-326,30
472,92	-340,12
473,13	-354,10
473,34	-365,33
473,55	-358,75
473,77	-360,30
473,98	-364,01
474,19	-373,41
474,40	-380,22
474,61	-391,70
474,82	-405,12
475,03	-408,42
475,24	-406,67
475,45	-413,29
475,66	-410,27
475,87	-399,95
476,08	-402,31
476,29	-410,12
476,50	-411,25
476,71	-418,32
476,92	-415,86
477,13	-413,07
477,34	-417,97
477,55	-414,15
477,76	-415,98
477,97	-415,74
478,18	-421,97
478,40	-431,56
478,61	-439,84
478,82	-444,94
479,03	-451,16
479,24	-449,86
479,45	-452,71
479,66	-460,09
479,87	-459,99
480,08	-458,73
480,29	-463,30
480,50	-468,23
480,71	-475,45
480,92	-471,04
481,13	-458,97
481,34	-460,96
481,55	-461,05
481,76	-457,43
481,97	-461,69
482,18	-464,82
482,39	-466,37
482,60	-476,98
482,81	-473,06
483,02	-482,10
483,23	-488,13
483,44	-498,38
483,65	-502,13
483,86	-508,11
484,07	-512,72
484,28	-507,68
484,49	-511,35
484,70	-511,28
484,91	-509,73
485,12	-509,83
485,33	-513,54
485,54	-521,03
485,75	-518,00
485,96	-516,05
486,17	-512,10
486,38	-512,95
486,59	-521,64
486,80	-527,32
487,01	-528,89
487,21	-536,21
487,42	-536,21
487,63	-547,34
487,84	-545,55
488,05	-544,24
488,26	-547,44
488,47	-557,53
488,68	-564,45
488,89	-564,39
489,10	-567,67
489,31	-577,11
489,52	-576,77
489,73	-585,96
489,94	-580,84
490,15	-592,73
490,36	-587,05
490,57	-587,27
490,78	-591,29
490,99	-594,35
491,20	-588,28
491,41	-585,00
491,61	-589,62
491,82	-590,84
492,03	-585,37
492,24	-585,54
492,45	-589,85
492,66	-599,91
492,87	-605,24
493,08	-606,87
493,29	-614,83
493,50	-612,20
493,71	-617,62
493,92	-621,20
494,13	-622,76
494,34	-631,48
494,54	-634,55
494,75	-644,11
494,96	-653,53
495,17	-661,43
495,38	-658,90
495,59	-656,70
495,80	-665,64
496,01	-667,23
496,22	-666,48
496,43	-658,42
496,64	-663,74
496,84	-667,34
497,05	-659,16
497,26	-659,40
497,47	-662,57
497,68	-662,19
497,89	-651,46
498,10	-656,09
498,31	-662,46
498,52	-659,79
498,72	-655,37
498,93	-658,68
499,14	-659,30
499,35	-654,74
499,56	-663,71
499,77	-668,93
499,98	-666,98
500,19	-652,35
500,40	-642,83
500,60	-643,38
500,81	-642,70
501,02	-637,05
501,23	-634,12
501,44	-644,20
501,65	-651,65
501,86	-652,89
502,06	-658,28
502,27	-653,91
502,48	-650,10
502,69	-662,46
502,90	-673,26
503,11	-673,35
503,32	-674,16
503,53	-680,22
503,73	-677,88
503,94	-679,49
504,15	-674,44
504,36	-670,65
504,57	-673,28
504,78	-674,11
504,98	-674,69
505,19	-681,07
505,40	-673,95
505,61	-673,53
505,82	-688,46
506,03	-693,87
506,23	-684,83
506,44	-691,63
506,65	-693,84
506,86	-704,66
507,07	-713,07
507,28	-713,92
507,48	-715,12
507,69	-709,87
507,90	-710,63
508,11	-718,04
508,32	-710,20
508,53	-697,75
508,73	-691,14
508,94	-695,27
509,15	-690,52
509,36	-688,19
509,57	-678,04
509,77	-671,99
509,98	-673,65
510,19	-679,61
510,40	-692,44
510,61	-692,93
510,81	-687,30
511,02	-697,34
511,23	-706,58
511,44	-711,85
511,65	-722,47
511,85	-727,29
512,06	-727,92
512,27	-735,05
512,48	-735,19
512,69	-735,46
512,89	-721,31
513,10	-717,82
513,31	-717,59
513,52	-726,61
513,73	-728,39
513,93	-724,19
514,14	-730,02
514,35	-724,69
514,56	-729,19
514,76	-729,85
514,97	-728,34
515,18	-726,52
515,39	-732,98
515,60	-742,96
515,80	-746,49
516,01	-748,40
516,22	-744,50
516,43	-745,19
516,63	-746,34
516,84	-745,89
517,05	-740,01
517,26	-738,50
517,46	-740,40
517,67	-744,26
517,88	-750,65
518,09	-746,04
518,29	-745,49
518,50	-741,08
518,71	-740,51
518,92	-745,26
519,12	-748,36
519,33	-756,52
519,54	-753,98
519,75	-749,44
519,95	-752,66
520,16	-759,81
520,37	-762,66
520,57	-764,03
520,78	-768,15
520,99	-767,16
521,20	-772,44
521,40	-774,86
521,61	-773,22
521,82	-775,66
522,03	-771,51
522,23	-775,23
522,44	-785,75
522,65	-790,37
522,85	-791,80
523,06	-795,56
523,27	-796,73
523,48	-797,72
523,68	-802,09
523,89	-795,58
524,10	-793,31
524,30	-789,43
524,51	-781,54
524,72	-787,89
524,93	-785,97
525,13	-796,39
525,34	-796,40
525,55	-793,65
525,75	-786,68
525,96	-785,71
526,17	-785,47
526,37	-787,90
526,58	-790,75
526,79	-795,78
526,99	-799,52
527,20	-808,07
527,41	-803,22
527,62	-807,82
527,82	-805,99
528,03	-791,12
528,24	-787,02
528,44	-782,48
528,65	-781,03
528,86	-777,04
529,06	-770,27
529,27	-772,19
529,48	-768,04
529,68	-771,20
529,89	-762,61
530,10	-772,64
530,30	-768,48
530,51	-757,24
530,72	-766,37
530,92	-769,21
531,13	-771,05
531,34	-770,55
531,54	-775,46
531,75	-785,61
531,96	-779,71
532,16	-774,77
532,37	-766,53
532,57	-761,92
532,78	-744,45
532,99	-737,57
533,19	-733,22
533,40	-719,19
533,61	-708,87
533,81	-700,69
534,02	-684,89
534,23	-675,34
534,43	-659,79
534,64	-650,43
534,84	-640,82
535,05	-623,55
535,26	-615,89
535,46	-606,31
535,67	-602,61
535,88	-597,53
536,08	-595,99
536,29	-596,82
536,49	-589,91
536,70	-584,03
536,91	-564,92
537,11	-554,28
537,32	-558,79
537,53	-554,33
537,73	-542,93
537,94	-534,14
538,14	-531,19
538,35	-512,71
538,56	-504,19
538,76	-500,69
538,97	-482,52
539,17	-476,82
539,38	-536,27
539,59	-530,71
539,79	-519,05
540,00	-502,77
540,20	-489,53
540,41	-493,86
540,62	-487,69
540,82	-479,87
541,03	-475,10
541,23	-470,70
541,44	-448,89
541,64	-438,69
541,85	-425,87
542,06	-356,66
542,26	-350,78
542,47	-343,30
542,67	-323,24
542,88	-321,51
543,08	-302,62
543,29	-285,09
543,50	-267,10
543,70	-262,63
543,91	-246,21
544,11	-236,49
544,32	-227,30
544,52	-212,51
544,73	-193,52
544,94	-179,55
545,14	-166,47
545,35	-155,91
545,55	-141,81
545,76	-135,92
545,96	-128,44
546,17	-120,40
546,37	-107,40
546,58	-102,43
546,78	-92,73
546,99	-78,86
547,20	-81,37
547,40	-65,31
547,61	-57,87
547,81	-49,47
548,02	-43,31
548,22	-33,26
548,43	-23,81
548,63	-8,70
548,84	2,72
549,04	28,07
549,25	54,56
549,45	58,12
549,66	71,17
549,86	90,50
550,07	94,08
550,27	107,75
550,48	118,50
550,69	126,84
550,89	140,82
551,10	144,07
551,30	148,72
551,51	147,80
551,71	144,57
551,92	143,37
552,12	149,56
552,33	153,40
552,53	166,82
552,74	178,96
552,94	189,86
553,15	197,40
553,35	217,01
553,56	222,13
553,76	236,19
553,97	250,33
554,17	266,91
554,38	270,66
554,58	279,05
554,79	287,38
554,99	291,72
555,19	290,82
555,40	292,40
555,60	302,13
555,81	309,04
556,01	312,46
556,22	315,33
556,42	324,78
556,63	323,71
556,83	323,12
557,04	333,16
557,24	335,76
557,45	349,47
557,65	355,46
557,86	371,20
558,06	379,83
558,27	373,01
558,47	380,69
558,67	381,10
558,88	395,73
559,08	397,55
559,29	413,51
559,49	427,15
559,70	440,55
559,90	445,71
560,11	448,76
560,31	460,17
560,52	467,92
560,72	464,21
560,92	465,03
561,13	473,24
561,33	478,92
561,54	481,15
561,74	489,36
561,95	484,61
562,15	499,33
562,35	497,21
562,56	508,43
562,76	506,30
562,97	508,92
563,17	505,41
563,38	525,90
563,58	537,44
563,78	536,52
563,99	540,81
564,19	549,66
564,40	558,63
564,60	559,41
564,80	559,39
565,01	575,85
565,21	580,73
565,42	592,58
565,62	596,01
565,83	592,84
566,03	591,84
566,23	595,42
566,44	616,07
566,64	625,87
566,85	630,45
567,05	618,27
567,25	636,71
567,46	638,04
567,66	643,11
567,86	648,83
568,07	656,22
568,27	655,21
568,48	666,53
568,68	674,16
568,88	682,24
569,09	674,76
569,29	676,85
569,50	686,25
569,70	707,50
569,90	696,65
570,11	711,21
570,31	712,74
570,51	728,29
570,72	734,10
570,92	748,70
571,13	759,61
571,33	770,51
571,53	772,25
571,74	774,54
571,94	782,60
572,14	791,61
572,35	800,31
572,55	811,17
572,75	818,95
572,96	816,68
573,16	809,22
573,36	818,14
573,57	830,67
573,77	836,54
573,97	832,21
574,18	856,64
574,38	869,71
574,59	868,63
574,79	869,37
574,99	871,11
575,20	885,64
575,40	894,57
575,60	915,90
575,81	926,93
576,01	928,15
576,21	930,46
576,42	937,79
576,62	951,20
576,82	955,56
577,02	967,33
577,23	978,78
577,43	990,79
577,63	1016,59
577,84	1021,88
578,04	1030,49
578,24	1035,62
578,45	1054,28
578,65	1074,39
578,85	1088,55
579,06	1108,87
579,26	1126,77
579,46	1132,39
579,67	1145,39
579,87	1165,68
580,07	1170,85
580,27	1175,08
580,48	1199,14
580,68	1222,51
580,88	1243,45
581,09	1246,51
581,29	1260,78
581,49	1274,81
581,69	1288,04
581,90	1300,16
582,10	1317,47
582,30	1337,21
582,51	1355,90
582,71	1381,60
582,91	1404,78
583,11	1421,54
583,32	1428,41
583,52	1443,20
583,72	1474,78
583,93	1491,85
584,13	1512,78
584,33	1529,32
584,53	1554,73
584,74	1578,83
584,94	1606,46
585,14	1633,83
585,34	1655,42
585,55	1679,49
585,75	1709,30
585,95	1738,32
586,15	1775,77
586,36	1804,16
586,56	1838,90
586,76	1868,96
586,96	1900,14
587,17	1933,23
587,37	1977,30
587,57	2006,16
587,77	2045,48
587,98	2092,79
588,18	2121,22
588,38	2151,46
588,58	2192,67
588,79	2222,83
588,99	2260,06
589,19	2297,93
589,39	2341,27
589,60	2388,73
589,80	2427,80
590,00	2471,09
590,20	2514,38
590,40	2554,73
590,61	2608,18
590,81	2670,92
591,01	2727,12
591,21	2783,00
591,42	2840,98
591,62	2903,07
591,82	2957,17
592,02	3026,55
592,22	3094,41
592,43	3166,57
592,63	3232,65
592,83	3314,20
593,03	3397,54
593,23	3465,26
593,44	3532,60
593,64	3609,27
593,84	3687,61
594,04	3775,56
594,24	3861,74
594,45	3965,36
594,65	4051,75
594,85	4147,86
595,05	4248,65
595,25	4355,65
595,46	4444,84
595,66	4539,89
595,86	4649,32
596,06	4766,07
596,26	4885,41
596,46	4998,13
596,67	5117,37
596,87	5238,75
597,07	5354,92
597,27	5480,29
597,47	5606,58
597,67	5724,52
597,88	5848,29
598,08	5985,35
598,28	6132,65
598,48	6270,32
598,68	6424,42
598,88	6567,71
599,09	6718,13
599,29	6859,08
599,49	7015,55
599,69	7166,71
599,89	7330,69
600,09	7491,38
600,30	7672,42
600,50	7841,67
600,70	7993,17
600,90	8163,90
601,10	8348,72
601,30	8511,61
601,50	8696,79
601,71	8886,54
601,91	9078,58
602,11	9249,05
602,31	9439,92
602,51	9626,55
602,71	9840,37
602,91	10031,88
603,11	10241,04
603,32	10478,71
603,52	10680,95
603,72	10871,70
603,92	11091,92
604,12	11311,38
604,32	11531,78
604,52	11741,25
604,72	11982,82
604,93	12207,20
605,13	12438,87
605,33	12645,40
605,53	12891,52
605,73	13125,26
605,93	13371,91
606,13	13616,97
606,33	13874,75
606,53	14130,84
606,74	14372,07
606,94	14625,13
607,14	14896,88
607,34	15144,70
607,54	15431,45
607,74	15701,36
607,94	15983,65
608,14	16237,92
608,34	16506,96
608,54	16760,64
608,74	17022,35
608,95	17265,63
609,15	17530,00
609,35	17815,03
609,55	18091,07
609,75	18348,80
609,95	18630,59
610,15	18890,95
610,35	19169,71
610,55	19458,50
610,75	19743,36
610,95	20010,99
611,15	20290,52
611,35	20571,90
611,55	20880,32
611,76	21146,04
611,96	21420,57
612,16	21689,67
612,36	21995,02
612,56	22283,12
612,76	22558,45
612,96	22835,70
613,16	23084,22
613,36	23371,74
613,56	23641,42
613,76	23929,60
613,96	24203,28
614,16	24456,53
614,36	24715,17
614,56	24968,63
614,76	25261,58
614,96	25500,19
615,16	25760,56
615,36	25995,86
615,56	26235,94
615,76	26508,25
615,97	26730,10
616,17	26992,58
616,37	27219,97
616,57	27459,88
616,77	27721,70
616,97	27982,01
617,17	28226,62
617,37	28429,45
617,57	28660,47
617,77	28869,82
617,97	29095,89
618,17	29323,10
618,37	29535,38
618,57	29756,22
618,77	29926,07
618,97	30115,79
619,17	30332,70
619,37	30493,93
619,57	30645,18
619,77	30816,17
619,97	30993,10
620,17	31155,76
620,37	31303,55
620,57	31468,95
620,77	31625,06
620,97	31763,95
621,17	31925,80
621,37	32068,89
621,57	32208,15
621,77	32300,53
621,97	32447,20
622,17	32567,52
622,37	32675,64
622,57	32771,55
622,77	32867,96
622,97	32965,03
623,17	33073,24
623,37	33144,19
623,57	33202,46
623,77	33262,59
623,97	33365,66
624,16	33396,63
624,36	33465,59
624,56	33524,51
624,76	33588,27
624,96	33626,38
625,16	33697,53
625,36	33726,65
625,56	33761,80
625,76	33788,83
625,96	33789,53
626,16	33809,38
626,36	33773,19
626,56	33775,18
626,76	33775,41
626,96	33766,25
627,16	33702,05
627,36	33680,57
627,56	33649,78
627,76	33560,49
627,96	33510,37
628,16	33478,34
628,35	33404,64
628,55	33329,18
628,75	33268,41
628,95	33202,61
629,15	33097,24
629,35	33020,44
629,55	32910,18
629,75	32826,35
629,95	32730,74
630,15	32623,80
630,35	32524,17
630,55	32422,03
630,75	32301,70
630,95	32200,03
631,14	32111,99
631,34	31991,88
631,54	31864,12
631,74	31752,56
631,94	31637,93
632,14	31516,29
632,34	31382,91
632,54	31246,51
632,74	31113,62
632,94	30984,95
633,14	30859,07
633,33	30723,60
633,53	30574,83
633,73	30415,95
633,93	30267,83
634,13	30133,35
634,33	29955,01
634,53	29797,08
634,73	29645,04
634,93	29491,59
635,12	29313,53
635,32	29146,33
635,52	28956,67
635,72	28773,52
635,92	28572,24
636,12	28391,89
636,32	28202,25
636,52	28019,40
636,71	27844,94
636,91	27684,62
637,11	27518,57
637,31	27360,22
637,51	27179,37
637,71	26994,92
637,91	26781,04
638,11	26601,66
638,30	26411,37
638,50	26247,20
638,70	26039,35
638,90	25878,15
639,10	25665,78
639,30	25451,11
639,50	25248,99
639,69	25013,24
639,89	24762,16
640,09	24560,72
640,29	24377,44
640,49	24189,68
640,69	23991,81
640,88	23798,17
641,08	23588,01
641,28	23378,05
641,48	23174,86
641,68	22976,35
641,88	22795,53
642,07	22589,02
642,27	22412,12
642,47	22247,27
642,67	22066,47
642,87	21854,93
643,07	21673,63
643,26	21497,11
643,46	21310,46
643,66	21124,80
643,86	20951,67
644,06	20774,22
644,26	20608,67
644,45	20427,51
644,65	20243,99
644,85	20069,59
645,05	19861,23
645,25	19653,04
645,44	19468,03
645,64	19300,16
645,84	19125,53
646,04	18945,66
646,24	18769,44
646,43	18582,15
646,63	18384,58
646,83	18206,36
647,03	18027,33
647,23	17869,82
647,42	17678,62
647,62	17508,38
647,82	17372,74
648,02	17213,07
648,22	17050,53
648,41	16863,50
648,61	16677,72
648,81	16499,87
649,01	16346,55
649,20	16184,03
649,40	16006,61
649,60	15855,95
649,80	15700,65
650,00	15558,21
650,19	15420,36
650,39	15253,55
650,59	15104,51
650,79	14935,91
650,98	14794,74
651,18	14646,23
651,38	14511,49
651,58	14371,14
651,77	14252,56
651,97	14117,98
652,17	13973,79
652,37	13811,56
652,56	13676,87
652,76	13542,68
652,96	13406,12
653,16	13271,19
653,35	13154,42
653,55	13019,14
653,75	12904,49
653,95	12785,58
654,14	12656,90
654,34	12519,98
654,54	12392,14
654,74	12261,74
654,93	12163,03
655,13	12052,81
655,33	11925,86
655,52	11809,63
655,72	11708,74
655,92	11588,38
656,12	11483,22
656,31	11366,75
656,51	11229,08
656,71	11122,47
656,91	11000,53
657,10	10888,90
657,30	10781,22
657,50	10665,49
657,69	10544,20
657,89	10449,25
658,09	10340,36
658,29	10229,90
658,48	10132,22
658,68	10025,27
658,88	9932,44
659,07	9862,17
659,27	9772,47
659,47	9672,56
659,66	9598,00
659,86	9522,94
660,06	9426,20
660,26	9340,38
660,45	9246,71
660,65	9175,21
660,85	9090,98
661,04	8991,59
661,24	8914,52
661,44	8832,05
661,63	8725,27
661,83	8636,37
662,03	8574,52
662,22	8477,52
662,42	8383,88
662,62	8297,60
662,81	8200,64
663,01	8125,87
663,21	8033,97
663,40	7950,64
663,60	7886,13
663,80	7798,90
663,99	7721,36
664,19	7643,22
664,39	7562,44
664,58	7491,38
664,78	7429,43
664,98	7353,03
665,17	7301,79
665,37	7245,77
665,57	7171,86
665,76	7090,28
665,96	7020,05
666,16	6942,36
666,35	6885,93
666,55	6815,75
666,74	6756,11
666,94	6699,37
667,14	6629,37
667,33	6567,69
667,53	6522,50
667,73	6443,60
667,92	6374,28
668,12	6314,37
668,32	6263,24
668,51	6200,01
668,71	6144,49
668,90	6084,95
669,10	6025,33
669,30	5969,04
669,49	5899,42
669,69	5836,65
669,89	5772,91
670,08	5703,26
670,28	5653,33
670,47	5593,89
670,67	5543,31
670,87	5490,65
671,06	5438,97
671,26	5385,52
671,45	5336,55
671,65	5289,28
671,85	5234,19
672,04	5193,22
672,24	5138,80
672,43	5090,40
672,63	5041,11
672,83	4999,39
673,02	4968,29
673,22	4922,71
673,41	4888,30
673,61	4854,17
673,81	4817,87
674,00	4779,58
674,20	4746,37
674,39	4714,51
674,59	4667,71
674,78	4636,96
674,98	4593,20
675,18	4550,66
675,37	4499,71
675,57	4451,03
675,76	4415,53
675,96	4360,17
676,15	4307,08
676,35	4266,98
676,55	4210,41
676,74	4163,23
676,94	4127,92
677,13	4097,00
677,33	4061,02
677,52	4032,25
677,72	4004,57
677,91	3964,97
678,11	3938,95
678,31	3898,93
678,50	3871,04
678,70	3836,93
678,89	3798,89
679,09	3775,41
679,28	3741,90
679,48	3711,94
679,67	3683,56
679,87	3646,56
680,06	3601,28
680,26	3559,89
680,46	3535,17
680,65	3510,18
680,85	3474,70
681,04	3446,52
681,24	3421,00
681,43	3387,29
681,63	3352,14
681,82	3313,12
682,02	3261,18
682,21	3211,05
682,41	3175,15
682,60	3153,60
682,80	3126,36
682,99	3097,96
683,19	3051,54
683,38	3013,51
683,58	2980,13
683,77	2966,15
683,97	2939,88
684,16	2905,66
684,36	2893,05
684,55	2887,88
684,75	2877,18
684,94	2856,26
685,14	2844,45
685,33	2821,04
685,53	2792,91
685,72	2776,58
685,92	2755,65
686,11	2720,65
686,31	2674,61
686,50	2653,14
686,70	2637,45
686,89	2603,68
687,09	2567,18
687,28	2539,55
687,48	2522,90
687,67	2481,26
687,87	2451,08
688,06	2420,03
688,26	2393,84
688,45	2378,19
688,65	2369,80
688,84	2355,43
689,03	2334,39
689,23	2307,94
689,42	2289,94
689,62	2262,61
689,81	2246,82
690,01	2213,14
690,20	2191,25
690,40	2183,14
690,59	2175,48
690,79	2160,74
690,98	2136,44
691,17	2111,82
691,37	2090,28
691,56	2069,22
691,76	2055,64
691,95	2042,76
692,15	2037,73
692,34	2018,56
692,54	2013,93
692,73	2003,24
692,92	1983,53
693,12	1963,44
693,31	1937,22
693,51	1940,05
693,70	1929,28
693,90	1919,89
694,09	1908,72
694,28	1899,21
694,48	1881,26
694,67	1861,45
694,87	1851,06
695,06	1828,21
695,26	1826,28
695,45	1806,89
695,64	1789,36
695,84	1788,47
696,03	1769,07
696,23	1747,30
696,42	1728,68
696,61	1721,87
696,81	1711,91
697,00	1703,37
697,20	1692,22
697,39	1679,08
697,58	1663,19
697,78	1645,89
697,97	1639,37
698,17	1641,38
698,36	1628,42
698,55	1614,50
698,75	1614,04
698,94	1598,31
699,14	1577,99
699,33	1559,89
699,52	1543,77
699,72	1535,96
699,91	1511,73
700,10	1504,83
700,30	1497,20
700,49	1477,89
700,69	1455,05
700,88	1438,76
701,07	1425,74
701,27	1424,66
701,46	1425,68
701,65	1421,34
701,85	1415,84
702,04	1403,16
702,23	1390,64
702,43	1386,53
702,62	1371,57
702,82	1354,88
703,01	1353,91
703,20	1354,21
703,40	1358,10
703,59	1350,78
703,78	1339,25
703,98	1322,51
704,17	1307,74
704,36	1304,13
704,56	1295,00
704,75	1295,71
704,94	1281,20
705,14	1279,04
705,33	1275,11
705,52	1268,01
705,72	1266,36
705,91	1254,66
706,10	1231,07
706,30	1208,78
706,49	1206,46
706,68	1198,20
706,88	1177,77
707,07	1176,12
707,26	1164,44
707,46	1169,97
707,65	1182,57
707,84	1176,73
708,04	1179,82
708,23	1157,17
708,42	1131,91
708,62	1135,19
708,81	1135,03
709,00	1126,20
709,19	1112,64
709,39	1100,61
709,58	1098,62
709,77	1091,93
709,97	1089,73
710,16	1066,61
710,35	1053,61
710,55	1030,72
710,74	1021,71
710,93	1020,50
711,12	1016,67
711,32	1006,20
711,51	997,28
711,70	998,17
711,90	998,28
712,09	985,79
712,28	981,70
712,47	958,80
712,67	955,15
712,86	956,84
713,05	950,92
713,24	960,20
713,44	961,21
713,63	952,50
713,82	942,52
714,02	941,47
714,21	926,85
714,40	914,00
714,59	909,05
714,79	886,75
714,98	886,27
715,17	881,66
715,36	871,03
715,56	864,29
715,75	842,63
715,94	831,43
716,13	826,85
716,33	824,69
716,52	809,78
716,71	810,43
716,90	810,47
717,10	796,56
717,29	800,56
717,48	788,82
717,67	769,60
717,87	757,46
718,06	751,35
718,25	743,63
718,44	738,28
718,63	731,27
718,83	728,05
719,02	732,84
719,21	722,84
719,40	723,07
719,60	720,60
719,79	714,66
719,98	711,60
720,17	711,69
720,36	705,36
720,56	700,52
720,75	697,29
720,94	693,70
721,13	690,55
721,33	692,32
721,52	673,65
721,71	671,97
721,90	655,23
722,09	655,56
722,29	654,67
722,48	660,85
722,67	649,21
722,86	655,34
723,05	646,92
723,24	649,32
723,44	635,88
723,63	633,48
723,82	622,53
724,01	623,83
724,20	633,56
724,40	636,54
724,59	628,92
724,78	614,85
724,97	597,07
725,16	597,96
725,35	586,19
725,55	590,15
725,74	586,21
725,93	588,14
726,12	576,69
726,31	571,13
726,51	570,44
726,70	554,27
726,89	549,31
727,08	539,52
727,27	545,32
727,46	548,98
727,65	545,69
727,85	549,05
728,04	538,41
728,23	540,15
728,42	532,75
728,61	542,95
728,80	542,92
729,00	537,50
729,19	537,64
729,38	538,31
729,57	547,02
729,76	544,08
729,95	544,22
730,14	552,12
730,33	547,38
730,53	543,80
730,72	541,88
730,91	555,16
731,10	543,27
731,29	542,11
731,48	550,00
731,67	550,53
731,86	537,65
732,06	533,23
732,25	531,13
732,44	534,46
732,63	533,29
732,82	522,33
733,01	528,25
733,20	527,45
733,39	516,02
733,59	519,31
733,78	508,67
733,97	502,75
734,16	496,93
734,35	500,97
734,54	495,38
734,73	497,25
734,92	484,57
735,11	475,62
735,30	479,39
735,49	473,40
735,69	463,18
735,88	466,14
736,07	456,57
736,26	458,13
736,45	461,29
736,64	451,94
736,83	444,05
737,02	450,16
737,21	447,39
737,40	454,55
737,59	438,32
737,78	438,35
737,98	444,05
738,17	440,72
738,36	430,16
738,55	432,34
738,74	440,75
738,93	428,31
739,12	435,61
739,31	447,79
739,50	448,83
739,69	444,29
739,88	444,09
740,07	451,09
740,26	447,38
740,45	447,77
740,64	447,96
740,83	451,38
741,02	449,07
741,22	442,29
741,41	441,81
741,60	436,97
741,79	420,89
741,98	416,59
742,17	408,80
742,36	398,42
742,55	386,36
742,74	378,14
742,93	360,76
743,12	354,32
743,31	346,99
743,50	351,17
743,69	336,93
743,88	333,51
744,07	336,02
744,26	342,97
744,45	334,73
744,64	321,55
744,83	317,18
745,02	315,18
745,21	319,79
745,40	317,63
745,59	316,36
745,78	312,19
745,97	303,52
746,16	294,69
746,35	298,31
746,54	286,72
746,73	277,33
746,92	279,48
747,11	297,93
747,30	297,69
747,49	304,31
747,68	302,31
747,87	307,01
748,06	310,41
748,25	307,74
748,44	303,98
748,63	320,23
748,82	318,33
749,01	322,88
749,20	322,52
749,39	320,58
749,58	310,80
749,77	297,59
749,96	301,30
750,15	304,55
750,34	303,50
750,53	301,12
750,72	305,84
750,91	297,04
751,10	289,79
751,29	282,68
751,48	277,27
751,67	274,96
751,86	262,37
752,04	249,08
752,23	259,29
752,42	253,25
752,61	237,10
752,80	229,09
752,99	215,98
753,18	204,22
753,37	213,80
753,56	214,15
753,75	202,52
753,94	196,21
754,13	187,40
754,32	190,46
754,51	205,36
754,70	187,73
754,89	181,99
755,08	183,57
755,27	185,14
755,45	194,33
755,64	204,63
755,83	194,75
756,02	187,53
756,21	193,48
756,40	196,98
756,59	197,77
756,78	195,34
756,97	197,87
757,16	226,34
757,35	225,93
757,54	228,86
757,72	219,42
757,91	215,06
758,10	206,82
758,29	209,82
758,48	206,55
758,67	207,74
758,86	196,74
759,05	203,14
759,24	201,79
759,43	183,62
759,61	161,18
759,80	154,74
759,99	145,30
760,18	155,05
760,37	149,96
760,56	146,98
760,75	140,75
760,94	144,96
761,13	135,70
761,31	137,35
761,50	125,44
761,69	125,61
761,88	134,96
762,07	134,99
762,26	141,53
762,45	143,28
762,64	140,93
762,82	152,03
763,01	159,08
763,20	159,13
763,39	153,65
763,58	161,20
763,77	166,42
763,96	170,46
764,14	168,22
764,33	163,70
764,52	165,49
764,71	165,62
764,90	164,40
765,09	167,82
765,27	165,57
765,46	150,65
765,65	148,37
765,84	146,10
766,03	146,21
766,22	138,96
766,41	137,04
766,59	139,77
766,78	128,49
766,97	128,36
767,16	125,60
767,35	118,91
767,54	114,73
767,72	107,88
767,91	118,30
768,10	125,21
768,29	135,62
768,48	125,14
768,66	133,16
768,85	139,07
769,04	136,40
769,23	136,56
769,42	124,67
769,61	134,38
769,79	151,03
769,98	134,83
770,17	130,48
770,36	129,52
770,55	128,39
770,73	127,64
770,92	134,29
771,11	128,37
771,30	114,08
771,49	106,96
771,67	110,65
771,86	112,37
772,05	93,78
772,24	71,64
772,42	89,35
772,61	98,06
772,80	93,34
772,99	83,18
773,18	69,99
773,36	70,86
773,55	66,53
773,74	84,06
773,93	93,66
774,11	86,70
774,30	100,72
774,49	109,66
774,68	116,30
774,87	105,71
775,05	101,36
775,24	106,88
775,43	109,99
775,62	119,21
775,80	114,70
775,99	113,41
776,18	107,43
776,37	109,93
776,55	107,40
776,74	100,92
776,93	98,97
777,12	101,50
777,30	109,52
777,49	102,38
777,68	86,63
777,87	75,34
778,05	53,94
778,24	49,61
778,43	56,35
778,62	51,41
778,80	41,98
778,99	48,36
779,18	48,14
779,36	51,44
779,55	52,09
779,74	41,46
779,93	37,52
780,11	46,76
780,30	53,62
780,49	79,77
780,68	81,18
780,86	64,06
781,05	62,35
781,24	57,47
781,42	60,84
781,61	57,13
781,80	46,93
781,98	47,62
782,17	55,10
782,36	57,80
782,55	64,35
782,73	71,41
782,92	46,61
783,11	49,53
783,29	68,66
783,48	63,49
783,67	69,82
783,85	59,73
784,04	58,09
784,23	50,46
784,42	42,57
784,60	32,38
784,79	36,32
784,98	29,72
785,16	21,69
785,35	38,67
785,54	34,51
785,72	23,13
785,91	39,83
786,10	36,53
786,28	48,42
786,47	45,63
786,66	53,04
786,84	52,95
787,03	58,61
787,22	46,46
787,40	41,77
787,59	39,96
787,78	30,13
787,96	28,00
788,15	40,11
788,34	16,78
788,52	11,29
788,71	0,04
788,89	2,43
789,08	7,75
789,27	18,67
789,45	8,47
789,64	18,19
789,83	29,37
790,01	30,76
790,20	23,34
790,39	30,84
790,57	20,46
790,76	36,53
790,95	44,52
791,13	48,40
791,32	49,87
791,50	45,12
791,69	37,83
791,88	44,18
792,06	43,42
792,25	33,47
792,43	34,47
792,62	38,01
792,81	24,93
792,99	30,26
793,18	26,34
793,37	10,51
793,55	5,41
793,74	4,92
793,92	9,05
794,11	9,13
794,30	8,64
794,48	4,61
794,67	6,10
794,85	2,31
795,04	10,61
795,23	6,18
795,41	8,52
795,60	9,09
795,78	17,91
795,97	30,51
796,15	18,23
796,34	8,09
796,53	0,03
796,71	-3,59
796,90	-8,87
797,08	-14,72
797,27	-16,84
797,46	-14,75
797,64	-10,18
797,83	-17,69
798,01	-20,49
798,20	-16,30
798,38	-22,73
798,57	-11,67
798,76	-2,85
798,94	10,05
799,13	6,90
799,31	2,94
799,50	3,20
799,68	10,50
799,87	3,74
800,05	2,67
800,24	5,30
800,43	5,79
800,61	12,25
800,80	6,97
800,98	4,00
801,17	5,23
801,35	-0,18
801,54	-2,15
801,72	6,11
801,91	13,74
802,09	12,02
802,28	19,28
802,46	21,69
802,65	26,68
802,84	26,02
803,02	22,73
803,21	23,40
803,39	25,12
803,58	14,40
803,76	5,74
803,95	13,83
804,13	11,53
804,32	-4,70
804,50	-5,03
804,69	-8,10
804,87	0,93
805,06	0,91
805,24	9,83
805,43	6,42
805,61	9,05
805,80	13,68
805,98	20,20
806,17	34,51
806,35	32,05
806,54	33,35
806,72	42,42
806,91	31,63
807,09	29,66
807,28	19,95
807,46	7,31
807,65	-3,75
807,83	-9,67
808,02	-7,11
808,20	-4,85
808,39	-6,00
808,57	-17,19
808,76	-13,16
808,94	-7,70
809,13	-6,78
809,31	3,59
809,49	3,11
809,68	-3,62
809,86	4,23
810,05	11,00
810,23	12,65
810,42	12,91
810,60	1,90
810,79	-3,54
810,97	-0,90
811,16	-7,62
811,34	-11,68
811,53	-8,79
811,71	-9,94
811,89	-16,67
812,08	3,29
812,26	-2,25
812,45	-8,29
812,63	-7,37
812,82	-7,31
813,00	-13,11
813,19	-2,32
813,37	-4,49
813,55	4,96
813,74	7,36
813,92	0,80
814,11	2,05
814,29	4,14
814,48	-8,53
814,66	-10,78
814,84	-8,45
815,03	-12,85
815,21	-18,71
815,40	-7,43
815,58	-12,94
815,77	-13,68
815,95	-18,48
816,13	-27,11
816,32	-20,96
816,50	-24,20
816,69	-26,36
816,87	-21,12
817,05	-21,31
817,24	-27,50
817,42	-27,83
817,61	-18,95
817,79	-27,53
817,97	-33,58
818,16	-30,51
818,34	-29,18
818,53	-19,87
818,71	-13,84
818,89	-16,05
819,08	-6,25
819,26	0,65
819,45	3,40
819,63	9,10
819,81	12,09
820,00	4,84
820,18	19,05
820,36	24,27
820,55	22,35
820,73	24,76
820,92	12,15
821,10	2,21
821,28	12,82
821,47	8,08
821,65	-2,73
821,83	-9,52
822,02	-7,19
822,20	-7,11
822,39	-8,83
822,57	-9,32
822,75	-7,99
822,94	-1,08
823,12	-9,96
823,30	9,92
823,49	10,49
823,67	8,83
823,85	9,74
824,04	6,68
824,22	9,82
824,40	4,24
824,59	-2,24
824,77	-4,97
824,95	-12,76
825,14	-15,18
825,32	-25,71
825,50	-21,64
825,69	-41,78
825,87	-33,79
826,05	-47,41
826,24	-53,71
826,42	-52,90
826,60	-46,17
826,79	-55,20
826,97	-53,79
827,15	-47,42
827,34	-52,99
827,52	-58,04
827,70	-52,18
827,89	-50,61
828,07	-39,81
828,25	-52,34
828,44	-49,43
828,62	-52,61
828,80	-56,36
828,98	-59,85
829,17	-50,55
829,35	-49,97
829,53	-44,66
829,72	-46,30
829,90	-35,78
830,08	-36,86
830,27	-34,28
830,45	-36,18
830,63	-30,57
830,81	-26,85
831,00	-17,45
831,18	-8,22
831,36	-14,77
831,55	-13,04
831,73	-16,30
831,91	-32,04
832,09	-29,79
832,28	-46,32
832,46	-42,65
832,64	-49,04
832,82	-49,37
833,01	-52,12
833,19	-47,21
833,37	-46,96
833,55	-56,64
833,74	-42,85
833,92	-43,85
834,10	-33,12
834,29	-19,55
834,47	-15,83
834,65	-3,53
834,83	-11,98
835,02	-3,61
835,20	-3,37
835,38	-2,78
835,56	-6,60
835,75	-11,23
835,93	-5,78
836,11	-13,43
836,29	-16,39
836,47	-15,74
836,66	-16,31
836,84	-14,07
837,02	-18,63
837,20	-13,43
837,39	-13,83
837,57	-15,99
837,75	-24,42
837,93	-30,60
838,12	-22,89
838,30	-24,73
838,48	-28,27
838,66	-19,84
838,84	-24,81
839,03	-26,47
839,21	-24,32
839,39	-20,99
839,57	-12,00
839,75	-19,15
839,94	-16,65
840,12	-4,57
840,30	4,52
840,48	5,35
840,66	4,96
840,85	10,00
841,03	-0,95
841,21	-3,03
841,39	-6,26
841,57	-14,20
841,76	-13,80
841,94	-23,87
842,12	-20,70
842,30	-19,46
842,48	-25,79
842,67	-34,52
842,85	-45,98
843,03	-50,44
843,21	-48,03
843,39	-38,80
843,57	-43,75
843,76	-47,40
843,94	-37,10
844,12	-42,34
844,30	-37,95
844,48	-39,77
844,66	-44,68
844,85	-37,27
845,03	-30,12
845,21	-31,26
845,39	-26,91
845,57	-21,34
845,75	-27,32
845,94	-17,15
846,12	-21,00
846,30	-30,16
846,48	-23,09
846,66	-25,40
846,84	-32,75
847,02	-32,68
847,21	-30,85
847,39	-27,11
847,57	-24,00
847,75	-22,42
847,93	-28,66
848,11	-27,50
848,29	-27,32
848,48	-21,25
848,66	-25,44
848,84	-23,45
849,02	-26,12
849,20	-12,86
849,38	-15,66
849,56	-20,56
849,74	-27,81
849,93	-26,73
850,11	-26,56
850,29	-27,47
850,47	-33,07
850,65	-30,57
850,83	-31,81
851,01	-17,06
851,19	-24,79
851,37	-14,71
851,56	-16,89
851,74	-18,55
851,92	-18,06
852,10	-21,97
852,28	-17,64
852,46	-13,16
852,64	-15,32
852,82	-12,23
853,00	-10,83
853,18	-10,32
853,37	-20,64
853,55	-14,97
853,73	-28,54
853,91	-40,16
854,09	-39,70
854,27	-37,54
854,45	-28,78
854,63	-25,62
854,81	-36,12
854,99	-36,79
855,17	-26,62
855,35	-36,58
855,53	-31,60
855,72	-29,11
855,90	-30,19
856,08	-26,61
856,26	-12,41
856,44	0,19
856,62	-2,47
856,80	-7,29
856,98	-14,20
857,16	-4,69
857,34	-7,24
857,52	-15,89
857,70	-19,76
857,88	-19,09
858,06	-28,64
858,24	-34,54
858,42	-39,80
858,60	-42,39
858,78	-45,88
858,96	-48,13
859,15	-38,06
859,33	-40,24
859,51	-44,81
859,69	-38,52
859,87	-36,46
860,05	-21,86
860,23	-27,27
860,41	-20,54
860,59	-17,49
860,77	-10,73
860,95	-14,23
861,13	-14,90
861,31	-9,91
861,49	-19,74
861,67	-15,23
861,85	-12,82
862,03	-11,31
862,21	-7,88
862,39	-22,38
862,57	-19,46
862,75	-23,57
862,93	-20,65
863,11	-18,15
863,29	-27,90
863,47	-28,57
863,65	-32,41
863,83	-28,74
864,01	-26,08
864,19	-27,59
864,37	-32,19
864,55	-39,02
864,73	-38,53
864,91	-40,45
865,09	-40,54
865,27	-39,63
865,45	-47,27
865,63	-44,39
865,81	-37,79
865,99	-38,35
866,17	-39,27
866,35	-40,68
866,53	-42,69
866,71	-41,34
866,89	-44,27
867,07	-39,45
867,24	-42,37
867,42	-37,84
867,60	-35,67
867,78	-37,38
867,96	-41,31
868,14	-48,25
868,32	-48,26
868,50	-48,60
868,68	-55,13
868,86	-57,22
869,04	-61,90
869,22	-53,82
869,40	-56,09
869,58	-52,24
869,76	-48,41
869,94	-57,93
870,12	-53,59
870,30	-44,88
870,48	-43,37
870,66	-43,72
870,83	-48,57
871,01	-41,21
871,19	-40,35
871,37	-41,21
871,55	-40,29
871,73	-37,35
871,91	-46,34
872,09	-51,44
872,27	-49,02
872,45	-46,68
872,63	-47,09
872,81	-50,10
872,98	-49,18
873,16	-42,00
873,34	-43,67
873,52	-36,58
873,70	-32,05
873,88	-34,39
874,06	-36,30
874,24	-32,35
874,42	-29,42
874,60	-29,82
874,78	-32,33
874,95	-36,21
875,13	-38,22
875,31	-43,64
875,49	-50,72
875,67	-53,57
875,85	-53,41
876,03	-46,33
876,21	-44,66
876,39	-43,08
876,56	-34,80
876,74	-42,94
876,92	-39,77
877,10	-38,53
877,28	-30,14
877,46	-19,05
877,64	-18,60
877,82	-11,93
877,99	-17,70
878,17	-28,86
878,35	-40,33
878,53	-47,53
878,71	-46,86
878,89	-50,71
879,07	-33,41
879,24	-39,11
879,42	-44,23
879,60	-33,57
879,78	-39,31
879,96	-35,17
880,14	-39,19
880,32	-31,15
880,49	-31,51
880,67	-26,45
880,85	-24,61
881,03	-29,61
881,21	-32,35
881,39	-37,99
881,56	-36,49
881,74	-30,62
881,92	-47,39
882,10	-49,39
882,28	-46,04
882,46	-42,94
882,63	-46,28
882,81	-31,57
882,99	-39,85
883,17	-41,58
883,35	-34,67
883,52	-29,75
883,70	-29,92
883,88	-23,05
884,06	-23,46
884,24	-18,78
884,42	-26,57
884,59	-32,21
884,77	-36,54
884,95	-20,56
885,13	-24,33
885,31	-14,71
885,48	-6,79
885,66	-11,22
885,84	-21,94
886,02	-25,20
886,20	-38,94
886,37	-40,62
886,55	-40,54
886,73	-35,41
886,91	-29,76
887,08	-20,24
887,26	-30,63
887,44	-39,64
887,62	-32,13
887,80	-33,04
887,97	-38,84
888,15	-36,85
888,33	-37,19
888,51	-21,42
888,68	-18,91
888,86	-24,33
889,04	-15,66
889,22	-19,35
889,40	-30,41
889,57	-29,58
889,75	-24,41
889,93	-36,53
890,11	-35,61
890,28	-29,64
890,46	-16,31
890,64	-22,87
890,82	-28,66
890,99	-30,92
891,17	-33,44
891,35	-35,59
891,53	-32,67
891,70	-24,46
891,88	-29,39
892,06	-28,75
892,24	-26,57
892,41	-27,66
892,59	-27,15
892,77	-35,45
892,94	-25,62
893,12	-19,92
893,30	-10,82
893,48	-5,57
893,65	-6,92
893,83	-7,09
894,01	-10,18
894,19	-11,05
894,36	-10,46
894,54	-9,62
894,72	-7,44
894,89	-10,42
895,07	-7,56
895,25	-19,19
895,43	-24,22
895,60	-29,55
895,78	-28,12
895,96	-37,32
896,13	-39,34
896,31	-41,03
896,49	-38,25
896,66	-37,65
896,84	-29,19
897,02	-30,61
897,20	-27,07
897,37	-27,32
897,55	-21,46
897,73	-23,41
897,90	-28,14
898,08	-28,30
898,26	-21,95
898,43	-25,51
898,61	-19,60
898,79	-24,03
898,96	-17,93
899,14	-27,66
899,32	-38,95
899,49	-35,26
899,67	-36,92
899,85	-32,82
900,02	-27,43
900,20	-23,63
900,38	-24,72
900,55	-30,71
900,73	-21,01
900,91	-26,31
901,08	-20,88
901,26	-29,17
901,44	-29,93
901,61	-20,90
901,79	-22,16
901,97	-23,62
902,14	-24,80
902,32	-31,01
902,50	-33,87
902,67	-32,37
902,85	-32,27
903,02	-36,56
903,20	-38,07
903,38	-41,69
903,55	-40,18
903,73	-44,18
903,91	-40,58
904,08	-45,47
904,26	-46,82
904,44	-50,50
904,61	-48,41
904,79	-49,68
904,96	-51,79
905,14	-41,12
905,32	-40,78
905,49	-44,50
905,67	-45,94
905,84	-44,50
906,02	-37,63
906,20	-41,92
906,37	-43,01
906,55	-34,17
906,73	-31,16
906,90	-29,31
907,08	-23,24
907,25	-16,35
907,43	-20,89
907,61	-29,59
907,78	-28,50
907,96	-26,11
908,13	-25,02
908,31	-27,39
908,48	-30,26
908,66	-32,84
908,84	-35,61
909,01	-33,77
909,19	-37,05
909,36	-35,40
909,54	-42,70
909,72	-42,79
909,89	-35,21
910,07	-39,32
910,24	-38,74
910,42	-47,02
910,59	-49,56
910,77	-44,58
910,95	-41,30
911,12	-41,56
911,30	-39,53
911,47	-32,97
911,65	-45,03
911,82	-39,47
912,00	-35,76
912,17	-32,64
912,35	-25,06
912,53	-20,09
912,70	-9,44
912,88	-5,13
913,05	-9,77
913,23	-4,06
913,40	-7,53
913,58	-8,29
913,75	-9,97
913,93	-2,85
914,10	-13,15
914,28	-15,51
914,46	-16,44
914,63	-23,12
914,81	-26,25
914,98	-32,83
915,16	-28,95
915,33	-27,60
915,51	-26,93
915,68	-19,78
915,86	-23,56
916,03	-25,24
916,21	-22,46
916,38	-18,71
916,56	-12,06
916,73	-19,98
916,91	-6,72
917,08	-13,20
917,26	-15,88
917,43	-24,74
917,61	-19,08
917,78	-20,26
917,96	-22,35
918,13	-16,21
918,31	-17,14
918,48	-13,88
918,66	-10,43
918,83	-25,08
919,01	-19,43
919,18	-33,59
919,36	-38,21
919,53	-35,71
919,71	-31,99
919,88	-36,70
920,06	-39,31
920,23	-37,03
920,41	-41,99
920,58	-44,92
920,76	-55,15
920,93	-50,96
921,11	-42,88
921,28	-49,11
921,45	-33,38
921,63	-27,77
921,80	-30,63
921,98	-33,31
922,15	-32,30
922,33	-33,82
922,50	-45,04
922,68	-41,67
922,85	-34,64
923,03	-33,32
923,20	-37,96
923,38	-43,89
923,55	-32,78
923,72	-41,95
923,90	-37,82
924,07	-29,74
924,25	-31,56
924,42	-28,79
924,60	-28,21
924,77	-23,99
924,95	-27,19
925,12	-23,28
925,29	-22,19
925,47	-17,47
925,64	-11,45
925,82	-14,82
925,99	-15,66
926,17	-12,72
926,34	-15,50
926,51	-8,21
926,69	-6,94
926,86	-1,95
927,04	-6,28
927,21	-7,30
927,38	-22,87
927,56	-17,03
927,73	-12,07
927,91	-12,75
928,08	-10,30
928,25	-4,55
928,43	-9,86
928,60	-11,81
928,78	-15,97
928,95	-12,86
929,12	-12,94
929,30	-8,29
929,47	-3,21
929,65	5,60
929,82	9,57
929,99	5,98
930,17	7,51
930,34	10,54
930,52	10,12
930,69	7,31
930,86	14,77
931,04	25,35
931,21	10,29
931,38	7,83
931,56	14,95
931,73	17,57
931,91	21,88
932,08	6,91
932,25	5,21
932,43	3,44
932,60	3,45
932,77	3,71
932,95	14,06
933,12	9,31
933,29	5,50
933,47	16,27
933,64	17,80
933,82	16,67
933,99	9,31
934,16	5,08
934,34	10,15
934,51	2,20
934,68	2,19
934,86	-4,16
935,03	-6,63
935,20	-13,25
935,38	-12,74
935,55	-20,44
935,72	-22,14
935,90	-18,92
936,07	-26,93
936,24	-24,13
936,42	-20,99
936,59	-18,18
936,76	-10,23
936,94	-9,64
937,11	-8,19
937,28	-4,55
937,46	0,95
937,63	-2,46
937,80	-2,46
937,97	5,66
938,15	7,00
938,32	13,67
938,49	19,28
938,67	18,25
938,84	21,46
939,01	18,42
939,19	17,23
939,36	19,68
939,53	14,95
939,70	11,06
939,88	14,72
940,05	23,53
940,22	13,96
940,40	8,38
940,57	3,79
940,74	-0,63
940,92	-5,35
941,09	-13,49
941,26	-14,69
941,43	-13,33
941,61	-13,15
941,78	-11,89
941,95	-11,46
942,12	-7,13
942,30	-7,48
942,47	0,86
942,64	6,98
942,82	9,28
942,99	8,35
943,16	5,78
943,33	15,29
943,51	12,95
943,68	14,47
943,85	13,37
944,02	7,16
944,20	12,23
944,37	7,91
944,54	0,89
944,71	-7,96
944,89	-7,26
945,06	-7,68
945,23	-7,68
945,40	1,16
945,58	-1,41
945,75	-1,01
945,92	2,57
946,09	3,76
946,27	6,26
946,44	2,54
946,61	13,34
946,78	18,27
946,95	23,44
947,13	19,08
947,30	13,82
947,47	8,63
947,64	4,47
947,82	5,49
947,99	11,24
948,16	0,88
948,33	-4,88
948,50	3,32
948,68	3,75
948,85	-11,98
949,02	-9,47
949,19	-9,30
949,36	-11,76
949,54	-11,86
949,71	-2,30
949,88	-8,04
950,05	-6,92
950,22	-12,69
950,40	-7,85
950,57	-7,01
950,74	-9,63
950,91	-8,61
951,08	0,71
951,26	-3,68
951,43	-7,92
951,60	-8,85
951,77	-2,30
951,94	-7,52
952,11	0,93
952,29	-4,17
952,46	-3,15
952,63	-4,50
952,80	-6,30
952,97	-6,63
953,15	-8,59
953,32	-17,76
953,49	-21,67
953,66	-17,50
953,83	-21,61
954,00	-18,57
954,17	-17,47
954,35	-23,75
954,52	-24,50
954,69	-22,63
954,86	-15,00
955,03	-10,91
955,20	-7,70
955,38	-7,78
955,55	-1,55
955,72	2,02
955,89	-1,30
956,06	5,61
956,23	3,42
956,40	-1,08
956,58	7,23
956,75	12,21
956,92	10,42
957,09	5,23
957,26	1,27
957,43	1,01
957,60	6,45
957,77	10,10
957,95	9,01
958,12	15,85
958,29	11,61
958,46	13,06
958,63	23,64
958,80	29,73
958,97	29,15
959,14	28,65
959,31	26,03
959,49	25,16
959,66	21,28
959,83	22,63
960,00	15,93
960,17	5,63
960,34	0,06
960,51	8,55
960,68	10,64
960,85	3,88
961,02	-2,46
961,20	-4,24
961,37	6,67
961,54	5,98
961,71	9,62
961,88	16,75
962,05	7,77
962,22	3,80
962,39	15,27
962,56	11,79
962,73	-0,55
962,90	-6,62
963,07	-6,96
963,24	-11,79
963,42	-7,09
963,59	-11,31
963,76	-7,42
963,93	-1,06
964,10	-7,09
964,27	-6,50
964,44	-1,69
964,61	-10,69
964,78	-9,41
964,95	4,29
965,12	-1,25
965,29	1,38
965,46	4,50
965,63	-0,04
965,80	-2,40
965,97	-2,99
966,14	-11,53
966,31	-11,10
966,48	-4,67
966,66	-5,69
966,83	-1,84
967,00	-2,25
967,17	-6,32
967,34	1,82
967,51	2,49
967,68	3,01
967,85	5,80
968,02	4,79
968,19	8,59
968,36	12,88
968,53	14,92
968,70	6,79
968,87	15,72
969,04	22,40
969,21	23,74
969,38	17,46
969,55	12,72
969,72	6,22
969,89	1,23
970,06	-2,84
970,23	-5,29
970,40	-12,80
970,57	-15,58
970,74	-19,49
970,91	-16,44
971,08	-26,88
971,25	-28,15
971,42	-27,39
971,59	-21,12
971,76	-21,88
971,93	-22,24
972,10	-19,10
972,27	-22,56
972,44	-15,04
972,61	-6,50
972,78	-8,37
972,95	-6,25
973,12	-6,00
973,29	-8,06
973,46	-6,44
973,63	2,31
973,80	4,84
973,97	8,81
974,14	10,42
974,30	7,47
974,47	18,86
974,64	21,34
974,81	11,42
974,98	25,01
975,15	23,32
975,32	22,39
975,49	21,55
975,66	17,57
975,83	11,85
976,00	9,85
976,17	17,64
976,34	15,69
976,51	23,10
976,68	14,06
976,85	8,38
977,02	13,47
977,19	7,82
977,36	10,45
977,52	7,65
977,69	11,73
977,86	11,16
978,03	4,39
978,20	-0,11
978,37	-14,47
978,54	-7,36
978,71	-16,31
978,88	-3,62
979,05	-2,87
979,22	-4,63
979,39	-9,78
979,56	-12,58
979,72	-6,48
979,89	-9,45
980,06	-11,68
980,23	-14,98
980,40	-15,06
980,57	-8,41
980,74	-15,19
980,91	-16,11
981,08	-23,49
981,25	-24,32
981,41	-20,09
981,58	-17,29
981,75	-11,63
981,92	-13,74
982,09	-10,37
982,26	-6,05
982,43	2,09
982,60	4,20
982,77	8,69
982,93	12,43
983,10	16,41
983,27	11,02
983,44	9,33
983,61	2,11
983,78	1,43
983,95	-2,38
984,11	-6,88
984,28	-5,69
984,45	-7,55
984,62	-20,06
984,79	-17,51
984,96	-25,15
985,13	-17,36
985,30	-17,19
985,46	-16,45
985,63	-19,17
985,80	-17,12
985,97	-22,78
986,14	-27,26
986,31	-24,63
986,47	-22,77
986,64	-19,47
986,81	-3,81
986,98	-12,63
987,15	-11,46
987,32	-16,05
987,48	-16,73
987,65	-17,66
987,82	-11,22
987,99	-4,48
988,16	2,29
988,33	-1,36
988,49	-2,02
988,66	-0,41
988,83	-3,29
989,00	-7,28
989,17	-2,02
989,34	-8,73
989,50	-6,92
989,67	-7,77
989,84	-7,16
990,01	-6,32
990,18	-16,48
990,34	-21,41
990,51	-7,55
990,68	-8,32
990,85	-6,86
991,02	-3,46
991,18	-5,50
991,35	-10,23
991,52	-4,27
991,69	-6,81
991,86	0,97
992,02	-1,13
992,19	-5,27
992,36	0,17
992,53	2,30
992,69	-18,21
992,86	-14,31
993,03	-16,95
993,20	-18,82
993,37	-10,95
993,53	-6,90
993,70	-6,40
993,87	4,03
994,04	1,15
994,20	2,30
994,37	4,26
994,54	9,17
994,71	10,69
994,87	22,85
995,04	22,85
995,21	18,54
995,38	14,24
995,55	8,24
995,71	8,16
995,88	14,31
996,05	19,25
996,22	10,52
996,38	12,47
996,55	8,58
996,72	-1,39
996,88	-1,39
997,05	-5,04
997,22	-14,07
997,39	-11,55
997,55	-2,24
997,72	-5,21
997,89	0,53
998,06	-4,50
998,22	-22,67
998,39	-13,24
998,56	-8,94
998,73	-6,83
998,89	-2,37
999,06	-3,64
999,23	6,61
999,39	8,98
999,56	9,40
999,73	-3,79
999,90	-2,76
1000,06	-6,05
1000,23	-4,62
1000,40	1,07
1000,56	-3,26
1000,73	-10,01
1000,90	-8,48
1001,06	-6,52
1001,23	-4,58
1001,40	-11,08
1001,57	-8,09
1001,73	-3,92
1001,90	2,99
1002,07	2,91
1002,23	2,92
1002,40	0,79
1002,57	-7,09
1002,73	-6,42
1002,90	-3,28
1003,07	-3,20
1003,23	-4,98
1003,40	-5,74
1003,57	-6,34
1003,73	-0,89
1003,90	-3,11
1004,07	-1,08
1004,23	2,40
1004,40	3,50
1004,57	9,52
1004,73	11,98
1004,90	12,06
1005,07	10,88
1005,23	9,18
1005,40	9,09
1005,57	10,03
1005,73	14,20
1005,90	12,49
1006,07	6,23
1006,23	7,85
1006,40	4,45
1006,57	3,33
1006,73	3,57
1006,90	-0,60
1007,06	-1,54
1007,23	1,85
1007,40	3,62
1007,56	2,08
1007,73	-0,30
1007,90	-0,40
1008,06	0,44
1008,23	-0,19
1008,40	0,58
1008,56	3,46
1008,73	2,20
1008,89	-0,92
1009,06	6,06
1009,23	10,97
1009,39	5,89
1009,56	8,11
1009,72	8,11
1009,89	7,69
1010,06	10,14
1010,22	4,29
1010,39	10,08
1010,55	3,81
1010,72	-0,17
1010,89	8,00
1011,05	5,19
1011,22	2,13
1011,38	-3,12
1011,55	-3,30
1011,72	-8,83
1011,88	-11,43
1012,05	-8,05
1012,21	-12,01
1012,38	-0,80
1012,55	-7,91
1012,71	-7,99
1012,88	-0,53
1013,04	-9,37
1013,21	-6,91
1013,37	-6,32
1013,54	0,14
1013,71	8,14
1013,87	14,75
1014,04	19,15
1014,20	21,29
1014,37	22,81
1014,53	13,31
1014,70	19,83
1014,87	20,83
1015,03	16,92
1015,20	18,36
1015,36	18,36
1015,53	20,15
1015,69	16,06
1015,86	9,09
1016,02	-0,04
1016,19	-0,89
1016,36	-4,04
1016,52	-6,92
1016,69	-5,23
1016,85	-4,12
1017,02	-2,08
1017,18	-0,82
1017,35	-6,29
1017,51	-8,33
1017,68	-14,54
1017,84	-17,25
1018,01	-15,72
1018,17	-10,14
1018,34	-3,84
1018,50	-4,11
1018,67	-2,84
1018,84	1,92
1019,00	3,01
1019,17	12,28
1019,33	12,29
1019,50	18,86
1019,66	17,59
1019,83	27,67
1019,99	28,26
1020,16	28,94
1020,32	36,42
1020,49	33,68
1020,65	34,53
1020,82	33,94
1020,98	30,62
1021,15	33,31
1021,31	26,93
1021,48	25,41
1021,64	24,05
1021,81	23,05
1021,97	23,66
1022,14	25,27
1022,30	23,65
1022,47	20,45
1022,63	21,39
1022,79	22,84
1022,96	24,03
1023,12	24,45
1023,29	23,62
1023,45	23,13
1023,62	24,49
1023,78	22,37
1023,95	23,05
1024,11	20,78
1024,28	16,27
1024,44	25,32
1024,61	10,61
1024,77	3,74
1024,94	2,04
1025,10	4,16
1025,26	2,47
1025,43	-0,83
1025,59	0,28
1025,76	-7,75
1025,92	-7,16
1026,09	-0,37
1026,25	-1,07
1026,42	3,36
1026,58	-6,01
1026,74	2,36
1026,91	8,57
1027,07	5,26
1027,24	-2,10
1027,40	-4,15
1027,57	-12,49
1027,73	-12,77
1027,90	-3,50
1028,06	-8,36
1028,22	-9,47
1028,39	-9,72
1028,55	-11,16
1028,72	-7,18
1028,88	-5,56
1029,04	-8,11
1029,21	-2,71
1029,37	5,60
1029,54	10,19
1029,70	16,57
1029,87	14,55
1030,03	12,29
1030,19	12,04
1030,36	11,17
1030,52	12,36
1030,69	19,76
1030,85	17,89
1031,01	20,51
1031,18	17,55
1031,34	15,89
1031,50	5,85
1031,67	3,73
1031,83	7,11
1032,00	4,05
1032,16	-3,11
1032,32	4,29
1032,49	-1,19
1032,65	-2,61
1032,82	-10,37
1032,98	-12,57
1033,14	-17,06
1033,31	-11,38
1033,47	-11,47
1033,63	-6,02
1033,80	1,90
1033,96	2,27
1034,13	9,66
1034,29	9,94
1034,45	13,15
1034,62	18,64
1034,78	14,21
1034,94	11,09
1035,11	13,63
1035,27	11,49
1035,43	10,22
1035,60	2,87
1035,76	-2,02
1035,92	-12,24
1036,09	-18,98
1036,25	-20,27
1036,41	-18,96
1036,58	-23,09
1036,74	-24,20
1036,90	-21,57
1037,07	-16,74
1037,23	-18,60
1037,39	-12,82
1037,56	-12,65
1037,72	-1,70
1037,88	7,95
1038,05	9,99
1038,21	9,77
1038,37	1,98
1038,54	13,86
1038,70	9,77
1038,86	16,81
1039,03	18,07
1039,19	18,75
1039,35	17,73
1039,52	14,83
1039,68	15,09
1039,84	5,87
1040,00	3,92
1040,17	9,00
1040,33	11,28
1040,49	14,50
1040,66	6,83
1040,82	13,11
1040,98	-3,30
1041,15	-5,92
1041,31	-7,70
1041,47	-2,29
1041,63	2,47
1041,80	1,80
1041,96	5,03
1042,12	-0,89
1042,29	0,47
1042,45	4,55
1042,61	6,68
1042,77	10,65
1042,94	7,36
1043,10	11,10
1043,26	15,62
1043,42	15,37
1043,59	12,71
1043,75	45,50
1043,91	-6,10
1044,07	-64,81
1044,24	55,88
1044,40	-14,88
