345,22	-75,50
345,44	-75,50
345,66	-75,50
345,88	40,37
346,10	-34,32
346,32	-48,40
346,54	-12,67
346,75	-6,24
346,97	-3,56
347,19	-3,57
347,41	-8,10
347,63	-9,18
347,85	-6,38
348,07	-10,28
348,29	-18,99
348,51	-19,94
348,73	-24,71
348,95	-26,57
349,16	-25,47
349,38	-27,68
349,60	-24,03
349,82	-15,91
350,04	-6,35
350,26	-0,66
350,48	7,25
350,70	11,84
350,92	12,69
351,14	14,88
351,35	14,63
351,57	17,44
351,79	18,03
352,01	14,89
352,23	17,53
352,45	12,43
352,67	12,26
352,89	6,94
353,10	-0,12
353,32	-8,93
353,54	-14,18
353,76	-13,85
353,98	-15,81
354,20	-13,42
354,42	-16,55
354,64	-12,56
354,85	-11,54
355,07	-5,26
355,29	-2,56
355,51	-10,69
355,73	-10,27
355,95	-9,58
356,17	-2,82
356,38	-4,88
356,60	-7,86
356,82	-12,21
357,04	-11,62
357,26	-10,02
357,48	-17,41
357,69	-16,99
357,91	-17,18
358,13	-22,53
358,35	-17,17
358,57	-14,37
358,79	-8,87
359,01	-8,25
359,22	-2,55
359,44	1,45
359,66	12,15
359,88	6,63
360,10	9,95
360,32	9,55
360,53	10,14
360,75	5,00
360,97	8,82
361,19	13,18
361,41	11,73
361,62	2,31
361,84	-2,89
362,06	-0,53
362,28	6,24
362,50	-1,57
362,72	1,92
362,93	7,68
363,15	12,66
363,37	7,47
363,59	9,51
363,81	3,25
364,02	-1,20
364,24	-2,39
364,46	3,14
364,68	8,67
364,90	7,88
365,11	-7,39
365,33	-7,81
365,55	-4,00
365,77	-11,54
365,99	-19,71
366,20	-17,33
366,42	-26,25
366,64	-22,70
366,86	-25,23
367,07	-25,74
367,29	-29,12
367,51	-26,76
367,73	-37,42
367,95	-35,11
368,16	-28,56
368,38	-36,02
368,60	-38,74
368,82	-34,99
369,03	-33,37
369,25	-27,77
369,47	-28,29
369,69	-35,84
369,91	-36,85
370,12	-36,35
370,34	-45,51
370,56	-33,62
370,78	-32,73
370,99	-31,38
371,21	-29,61
371,43	-28,94
371,65	-24,35
371,86	-24,35
372,08	-27,58
372,30	-26,05
372,52	-19,09
372,73	-13,85
372,95	-9,18
373,17	-7,56
373,39	-11,48
373,60	-7,94
373,82	-15,58
374,04	-13,37
374,26	-8,11
374,47	-12,34
374,69	-13,54
374,91	-5,80
375,12	-4,69
375,34	-4,10
375,56	-10,21
375,78	-17,87
375,99	-17,17
376,21	-23,78
376,43	-27,80
376,65	-25,16
376,86	-23,71
377,08	-25,73
377,30	-23,11
377,51	-27,78
377,73	-28,06
377,95	-29,07
378,17	-33,58
378,38	-28,22
378,60	-27,61
378,82	-24,15
379,03	-20,01
379,25	-20,43
379,47	-15,77
379,68	-20,93
379,90	-21,52
380,12	-25,27
380,34	-21,36
380,55	-23,37
380,77	-25,51
380,99	-24,32
381,20	-27,72
381,42	-19,83
381,64	-19,56
381,85	-18,80
382,07	-12,85
382,29	-14,03
382,50	-6,49
382,72	-8,10
382,94	-2,15
383,15	2,16
383,37	-3,45
383,59	-1,75
383,80	2,93
384,02	2,51
384,24	1,75
384,45	6,18
384,67	9,22
384,89	10,06
385,10	13,13
385,32	9,47
385,54	10,74
385,75	12,02
385,97	9,83
386,19	10,16
386,40	10,43
386,62	7,13
386,84	10,27
387,05	4,14
387,27	-3,08
387,49	-5,11
387,70	-5,35
387,92	-9,43
388,14	-9,76
388,35	-12,37
388,57	-14,83
388,79	-17,38
389,00	-19,72
389,22	-16,17
389,43	-9,47
389,65	-8,96
389,87	1,29
390,08	-0,90
390,30	-3,27
390,52	-2,59
390,73	0,45
390,95	-1,93
391,17	-3,07
391,38	1,19
391,60	8,57
391,81	12,70
392,03	8,97
392,25	3,95
392,46	9,25
392,68	-2,92
392,89	-1,75
393,11	-2,52
393,33	-1,07
393,54	-12,16
393,76	-9,70
393,98	-6,46
394,19	-12,41
394,41	-18,08
394,62	-21,06
394,84	-17,65
395,06	-19,84
395,27	-24,90
395,49	-15,07
395,70	-12,77
395,92	-4,73
396,13	-0,29
396,35	2,48
396,57	3,76
396,78	4,10
397,00	7,98
397,21	5,59
397,43	8,99
397,65	7,63
397,86	9,65
398,08	2,70
398,29	2,53
398,51	0,74
398,72	-9,56
398,94	-20,38
399,16	-13,49
399,37	-18,71
399,59	-20,06
399,80	-18,16
400,02	-15,09
400,23	-20,27
400,45	-22,81
400,67	-22,90
400,88	-22,32
401,10	-29,87
401,31	-32,58
401,53	-26,23
401,74	-25,21
401,96	-29,71
402,17	-25,08
402,39	-32,16
402,61	-36,85
402,82	-36,59
403,04	-29,29
403,25	-32,95
403,47	-37,55
403,68	-31,51
403,90	-28,29
404,11	-25,75
404,33	-22,87
404,54	-24,31
404,76	-29,69
404,97	-36,26
405,19	-34,12
405,41	-39,11
405,62	-42,83
405,84	-51,00
406,05	-48,62
406,27	-47,96
406,48	-48,55
406,70	-50,69
406,91	-53,33
407,13	-58,41
407,34	-51,89
407,56	-43,29
407,77	-32,65
407,99	-26,27
408,20	-21,28
408,42	-16,20
408,63	-15,83
408,85	-11,16
409,06	-5,87
409,28	-14,70
409,49	-23,29
409,71	-24,37
409,92	-18,72
410,14	-22,44
410,35	-29,00
410,57	-40,01
410,78	-42,79
411,00	-47,30
411,21	-58,10
411,43	-58,48
411,64	-59,75
411,86	-64,93
412,07	-61,88
412,29	-57,37
412,50	-53,06
412,72	-68,21
412,93	-74,25
413,15	-74,94
413,36	-75,01
413,58	-80,65
413,79	-83,12
414,01	-75,95
414,22	-72,27
414,43	-74,73
414,65	-74,39
414,86	-80,01
415,08	-74,71
415,29	-80,16
415,51	-80,28
415,72	-76,44
415,94	-75,11
416,15	-70,32
416,37	-62,15
416,58	-60,34
416,80	-62,60
417,01	-65,60
417,22	-66,87
417,44	-71,40
417,65	-64,07
417,87	-64,26
418,08	-63,57
418,30	-62,60
418,51	-69,02
418,73	-68,81
418,94	-69,23
419,15	-69,82
419,37	-68,03
419,58	-68,00
419,80	-70,45
420,01	-71,93
420,23	-66,61
420,44	-67,22
420,65	-74,63
420,87	-76,04
421,08	-80,23
421,30	-77,84
421,51	-83,36
421,73	-93,23
421,94	-97,91
422,15	-103,15
422,37	-103,49
422,58	-102,87
422,80	-97,99
423,01	-102,78
423,22	-112,83
423,44	-108,44
423,65	-108,29
423,87	-100,99
424,08	-105,56
424,29	-106,17
424,51	-95,85
424,72	-100,02
424,94	-99,91
425,15	-102,90
425,36	-100,11
425,58	-110,39
425,79	-113,19
426,01	-106,18
426,22	-110,35
426,43	-111,99
426,65	-116,57
426,86	-109,50
427,08	-114,83
427,29	-121,92
427,50	-123,35
427,72	-119,40
427,93	-121,55
428,14	-122,50
428,36	-118,09
428,57	-114,64
428,79	-113,42
429,00	-113,37
429,21	-115,01
429,43	-114,71
429,64	-120,36
429,85	-115,76
430,07	-112,86
430,28	-108,39
430,49	-117,03
430,71	-117,42
430,92	-122,51
431,14	-131,37
431,35	-137,61
431,56	-144,55
431,78	-145,56
431,99	-150,04
432,20	-151,25
432,42	-155,55
432,63	-158,51
432,84	-160,21
433,06	-160,04
433,27	-155,53
433,48	-161,74
433,70	-156,67
433,91	-154,97
434,12	-157,11
434,34	-156,49
434,55	-156,80
434,76	-160,96
434,98	-155,17
435,19	-158,35
435,40	-162,76
435,62	-167,73
435,83	-175,60
436,04	-179,94
436,26	-182,10
436,47	-191,53
436,68	-187,00
436,90	-179,86
437,11	-176,42
437,32	-175,08
437,54	-172,89
437,75	-181,65
437,96	-169,45
438,17	-165,92
438,39	-166,42
438,60	-169,74
438,81	-163,14
439,03	-161,92
439,24	-161,58
439,45	-173,77
439,67	-179,65
439,88	-183,64
440,09	-184,31
440,30	-176,55
440,52	-179,61
440,73	-188,74
440,94	-189,73
441,16	-190,97
441,37	-182,26
441,58	-198,14
441,80	-197,68
442,01	-204,47
442,22	-198,11
442,43	-203,47
442,65	-208,68
442,86	-215,90
443,07	-224,77
443,28	-225,55
443,50	-236,06
443,71	-243,43
443,92	-245,20
444,14	-255,88
444,35	-243,17
444,56	-250,81
444,77	-246,65
444,99	-250,36
445,20	-251,22
445,41	-255,88
445,62	-263,64
445,84	-265,23
446,05	-270,86
446,26	-269,70
446,47	-261,42
446,69	-266,95
446,90	-266,68
447,11	-282,47
447,32	-271,26
447,54	-272,94
447,75	-272,43
447,96	-280,42
448,17	-278,79
448,39	-276,64
448,60	-273,40
448,81	-265,03
449,02	-260,45
449,23	-266,04
449,45	-259,39
449,66	-256,04
449,87	-247,42
450,08	-254,95
450,30	-253,81
450,51	-255,08
450,72	-244,03
450,93	-255,22
451,15	-250,95
451,36	-258,74
451,57	-258,12
451,78	-256,55
451,99	-257,48
452,21	-265,80
452,42	-267,39
452,63	-274,44
452,84	-272,95
453,05	-281,45
453,27	-278,51
453,48	-277,70
453,69	-269,80
453,90	-275,42
454,11	-273,77
454,33	-279,78
454,54	-278,98
454,75	-281,52
454,96	-273,35
455,17	-272,50
455,39	-277,93
455,60	-281,59
455,81	-277,17
456,02	-280,92
456,23	-278,54
456,45	-271,19
456,66	-272,27
456,87	-271,95
457,08	-276,67
457,29	-283,71
457,50	-284,34
457,72	-284,10
457,93	-294,82
458,14	-285,11
458,35	-288,37
458,56	-293,87
458,77	-295,78
458,99	-305,63
459,20	-314,84
459,41	-312,14
459,62	-318,45
459,83	-319,33
460,04	-317,48
460,26	-319,12
460,47	-323,82
460,68	-322,84
460,89	-324,19
461,10	-325,64
461,31	-321,30
461,52	-329,87
461,74	-324,07
461,95	-321,38
462,16	-314,63
462,37	-309,01
462,58	-312,46
462,79	-315,82
463,00	-313,47
463,22	-316,33
463,43	-312,60
463,64	-313,24
463,85	-310,27
464,06	-313,07
464,27	-305,97
464,48	-313,45
464,70	-313,80
464,91	-321,95
465,12	-322,43
465,33	-317,53
465,54	-324,92
465,75	-327,08
465,96	-329,10
466,17	-336,10
466,38	-344,91
466,60	-345,59
466,81	-344,39
467,02	-351,99
467,23	-353,36
467,44	-360,75
467,65	-356,89
467,86	-366,25
468,07	-367,46
468,28	-358,87
468,50	-370,59
468,71	-369,11
468,92	-367,06
469,13	-372,64
469,34	-373,86
469,55	-373,62
469,76	-371,65
469,97	-370,69
470,18	-363,79
470,39	-371,13
470,60	-366,91
470,82	-372,01
471,03	-377,78
471,24	-369,90
471,45	-375,95
471,66	-383,40
471,87	-379,05
472,08	-380,85
472,29	-385,62
472,50	-388,18
472,71	-394,73
472,92	-405,51
473,13	-418,25
473,34	-426,85
473,55	-425,26
473,77	-417,26
473,98	-416,87
474,19	-422,95
474,40	-426,10
474,61	-428,02
474,82	-433,70
475,03	-440,47
475,24	-444,51
475,45	-445,64
475,66	-440,86
475,87	-437,99
476,08	-439,24
476,29	-442,64
476,50	-453,58
476,71	-462,68
476,92	-463,33
477,13	-468,43
477,34	-478,43
477,55	-482,83
477,76	-479,48
477,97	-477,82
478,18	-486,60
478,40	-503,90
478,61	-507,13
478,82	-513,08
479,03	-525,36
479,24	-528,81
479,45	-536,03
479,66	-541,30
479,87	-535,45
480,08	-537,42
480,29	-538,85
480,50	-547,84
480,71	-554,00
480,92	-556,89
481,13	-549,40
481,34	-552,58
481,55	-551,40
481,76	-546,66
481,97	-550,43
482,18	-543,84
482,39	-550,25
482,60	-558,82
482,81	-553,17
483,02	-561,66
483,23	-565,76
483,44	-574,48
483,65	-578,03
483,86	-579,75
484,07	-587,47
484,28	-590,13
484,49	-592,25
484,70	-594,06
484,91	-600,05
485,12	-602,45
485,33	-606,05
485,54	-609,93
485,75	-609,07
485,96	-607,13
486,17	-610,62
486,38	-610,98
486,59	-619,54
486,80	-619,87
487,01	-624,94
487,21	-638,83
487,42	-640,78
487,63	-650,81
487,84	-643,13
488,05	-646,22
488,26	-651,96
488,47	-658,22
488,68	-670,70
488,89	-671,54
489,10	-673,72
489,31	-684,08
489,52	-686,42
489,73	-689,55
489,94	-677,64
490,15	-689,15
490,36	-692,04
490,57	-703,78
490,78	-707,82
490,99	-719,63
491,20	-722,43
491,41	-715,65
491,61	-719,66
491,82	-724,54
492,03	-719,92
492,24	-720,67
492,45	-724,75
492,66	-740,15
492,87	-743,47
493,08	-742,54
493,29	-743,16
493,50	-750,21
493,71	-744,23
493,92	-739,00
494,13	-744,75
494,34	-753,06
494,54	-750,22
494,75	-758,27
494,96	-771,12
495,17	-776,07
495,38	-775,67
495,59	-779,25
495,80	-783,46
496,01	-784,36
496,22	-777,25
496,43	-780,15
496,64	-794,61
496,84	-797,27
497,05	-797,85
497,26	-798,76
497,47	-802,69
497,68	-799,30
497,89	-796,90
498,10	-797,84
498,31	-801,28
498,52	-808,66
498,72	-808,73
498,93	-812,21
499,14	-814,77
499,35	-811,32
499,56	-824,38
499,77	-825,75
499,98	-825,11
500,19	-820,22
500,40	-809,57
500,60	-804,14
500,81	-808,37
501,02	-800,59
501,23	-799,18
501,44	-805,55
501,65	-814,75
501,86	-813,22
502,06	-812,08
502,27	-804,68
502,48	-801,20
502,69	-818,75
502,90	-827,21
503,11	-840,77
503,32	-845,66
503,53	-847,12
503,73	-853,59
503,94	-854,54
504,15	-850,99
504,36	-847,82
504,57	-854,26
504,78	-866,89
504,98	-867,00
505,19	-872,20
505,40	-870,23
505,61	-864,14
505,82	-871,69
506,03	-881,84
506,23	-878,11
506,44	-881,94
506,65	-879,79
506,86	-894,54
507,07	-906,65
507,28	-906,80
507,48	-904,50
507,69	-910,11
507,90	-914,97
508,11	-916,91
508,32	-922,28
508,53	-920,24
508,73	-912,33
508,94	-922,89
509,15	-919,15
509,36	-919,70
509,57	-913,22
509,77	-904,11
509,98	-902,30
510,19	-903,50
510,40	-908,14
510,61	-906,53
510,81	-907,99
511,02	-914,90
511,23	-909,91
511,44	-920,17
511,65	-924,20
511,85	-926,55
512,06	-926,47
512,27	-931,25
512,48	-939,98
512,69	-951,36
512,89	-942,03
513,10	-944,17
513,31	-940,67
513,52	-940,33
513,73	-933,66
513,93	-936,89
514,14	-947,72
514,35	-941,81
514,56	-944,87
514,76	-948,78
514,97	-952,77
515,18	-937,56
515,39	-943,67
515,60	-955,33
515,80	-952,90
516,01	-962,34
516,22	-965,50
516,43	-967,45
516,63	-970,39
516,84	-966,24
517,05	-971,25
517,26	-977,58
517,46	-982,93
517,67	-989,30
517,88	-999,26
518,09	-992,37
518,29	-993,68
518,50	-995,20
518,71	-993,16
518,92	-996,80
519,12	-1012,38
519,33	-1025,09
519,54	-1022,25
519,75	-1017,65
519,95	-1023,31
520,16	-1033,70
520,37	-1032,59
520,57	-1041,77
520,78	-1051,24
520,99	-1055,77
521,20	-1062,24
521,40	-1069,36
521,61	-1073,75
521,82	-1068,75
522,03	-1069,86
522,23	-1084,70
522,44	-1094,11
522,65	-1093,30
522,85	-1095,56
523,06	-1102,39
523,27	-1107,87
523,48	-1106,43
523,68	-1115,14
523,89	-1114,58
524,10	-1115,56
524,30	-1117,79
524,51	-1114,97
524,72	-1112,59
524,93	-1111,29
525,13	-1120,17
525,34	-1125,03
525,55	-1129,08
525,75	-1125,46
525,96	-1127,23
526,17	-1131,16
526,37	-1130,39
526,58	-1140,23
526,79	-1142,93
526,99	-1143,36
527,20	-1162,55
527,41	-1167,65
527,62	-1173,77
527,82	-1181,58
528,03	-1180,86
528,24	-1176,14
528,44	-1182,14
528,65	-1189,35
528,86	-1193,20
529,06	-1198,65
529,27	-1202,86
529,48	-1210,43
529,68	-1218,82
529,89	-1217,36
530,10	-1227,43
530,30	-1221,98
530,51	-1216,68
530,72	-1229,38
530,92	-1244,91
531,13	-1246,98
531,34	-1249,51
531,54	-1259,36
531,75	-1269,96
531,96	-1267,29
532,16	-1268,10
532,37	-1270,07
532,57	-1270,30
532,78	-1260,02
532,99	-1271,77
533,19	-1276,40
533,40	-1271,21
533,61	-1260,35
533,81	-1263,59
534,02	-1255,19
534,23	-1253,00
534,43	-1243,83
534,64	-1250,74
534,84	-1255,58
535,05	-1250,17
535,26	-1245,55
535,46	-1250,08
535,67	-1250,44
535,88	-1249,46
536,08	-1247,59
536,29	-1256,58
536,49	-1257,74
536,70	-1267,78
536,91	-1262,15
537,11	-1267,83
537,32	-1276,36
537,53	-1273,14
537,73	-1272,78
537,94	-1275,10
538,14	-1282,19
538,35	-1267,49
538,56	-1274,58
538,76	-1284,57
538,97	-1273,59
539,17	-1276,05
539,38	-1338,16
539,59	-1340,83
539,79	-1340,38
540,00	-1339,77
540,20	-1341,35
540,41	-1352,61
540,62	-1359,70
540,82	-1362,56
541,03	-1366,87
541,23	-1365,95
541,44	-1364,65
541,64	-1371,39
541,85	-1359,50
542,06	-1288,71
542,26	-1301,33
542,47	-1305,03
542,67	-1291,61
542,88	-1297,66
543,08	-1299,00
543,29	-1297,52
543,50	-1292,16
543,70	-1304,25
543,91	-1306,68
544,11	-1301,50
544,32	-1308,48
544,52	-1324,42
544,73	-1333,27
544,94	-1324,88
545,14	-1319,55
545,35	-1317,57
545,55	-1317,26
545,76	-1309,09
545,96	-1310,00
546,17	-1309,25
546,37	-1303,50
546,58	-1303,80
546,78	-1302,66
546,99	-1294,83
547,20	-1296,24
547,40	-1294,03
547,61	-1295,31
547,81	-1297,34
548,02	-1315,51
548,22	-1309,58
548,43	-1312,09
548,63	-1308,63
548,84	-1304,12
549,04	-1299,03
549,25	-1281,92
549,45	-1289,86
549,66	-1287,21
549,86	-1277,42
550,07	-1272,98
550,27	-1262,65
550,48	-1262,28
550,69	-1254,16
550,89	-1253,31
551,10	-1256,00
551,30	-1258,02
551,51	-1265,24
551,71	-1267,40
551,92	-1273,59
552,12	-1276,84
552,33	-1282,75
552,53	-1283,22
552,74	-1280,90
552,94	-1286,43
553,15	-1285,64
553,35	-1276,78
553,56	-1276,78
553,76	-1269,85
553,97	-1267,08
554,17	-1258,35
554,38	-1263,45
554,58	-1269,76
554,79	-1266,92
554,99	-1264,06
555,19	-1264,55
555,40	-1266,43
555,60	-1263,23
555,81	-1255,47
556,01	-1244,39
556,22	-1248,73
556,42	-1250,28
556,63	-1257,03
556,83	-1268,65
557,04	-1268,19
557,24	-1271,19
557,45	-1260,50
557,65	-1259,68
557,86	-1259,14
558,06	-1262,83
558,27	-1268,38
558,47	-1273,98
558,67	-1286,48
558,88	-1282,82
559,08	-1288,19
559,29	-1270,02
559,49	-1264,28
559,70	-1261,19
559,90	-1256,73
560,11	-1258,44
560,31	-1251,99
560,52	-1252,01
560,72	-1250,87
560,92	-1254,64
561,13	-1251,07
561,33	-1249,51
561,54	-1247,96
561,74	-1242,32
561,95	-1250,61
562,15	-1242,88
562,35	-1244,00
562,56	-1243,74
562,76	-1254,83
562,97	-1267,73
563,17	-1258,22
563,38	-1255,15
563,58	-1253,30
563,78	-1257,50
563,99	-1255,13
564,19	-1256,58
564,40	-1252,76
564,60	-1257,58
564,80	-1265,45
565,01	-1255,82
565,21	-1249,53
565,42	-1235,44
565,62	-1226,67
565,83	-1229,69
566,03	-1228,94
566,23	-1230,42
566,44	-1223,58
566,64	-1222,17
566,85	-1217,55
567,05	-1222,52
567,25	-1208,43
567,46	-1204,33
567,66	-1201,63
567,86	-1210,33
568,07	-1204,12
568,27	-1205,94
568,48	-1212,51
568,68	-1211,14
568,88	-1199,32
569,09	-1198,98
569,29	-1203,62
569,50	-1195,06
569,70	-1186,26
569,90	-1190,71
570,11	-1186,34
570,31	-1193,41
570,51	-1170,53
570,72	-1174,58
570,92	-1167,15
571,13	-1160,23
571,33	-1151,91
571,53	-1152,60
571,74	-1157,09
571,94	-1149,78
572,14	-1144,39
572,35	-1136,53
572,55	-1131,15
572,75	-1130,06
572,96	-1126,92
573,16	-1131,07
573,36	-1134,63
573,57	-1129,00
573,77	-1124,90
573,97	-1125,49
574,18	-1116,38
574,38	-1106,62
574,59	-1107,74
574,79	-1120,33
574,99	-1133,13
575,20	-1133,87
575,40	-1121,33
575,60	-1115,35
575,81	-1118,85
576,01	-1113,21
576,21	-1108,22
576,42	-1105,74
576,62	-1106,93
576,82	-1105,78
577,02	-1102,73
577,23	-1094,68
577,43	-1086,63
577,63	-1070,70
577,84	-1069,80
578,04	-1075,46
578,24	-1075,32
578,45	-1069,91
578,65	-1065,97
578,85	-1065,22
579,06	-1058,59
579,26	-1051,41
579,46	-1046,95
579,67	-1047,30
579,87	-1044,51
580,07	-1043,77
580,27	-1039,51
580,48	-1030,39
580,68	-1020,48
580,88	-1012,49
581,09	-1008,80
581,29	-996,37
581,49	-999,36
581,69	-1002,00
581,90	-994,86
582,10	-991,89
582,30	-984,47
582,51	-975,24
582,71	-958,55
582,91	-957,51
583,11	-952,42
583,32	-942,33
583,52	-931,62
583,72	-923,82
583,93	-919,17
584,13	-897,24
584,33	-877,84
584,53	-867,01
584,74	-857,15
584,94	-831,67
585,14	-812,77
585,34	-798,08
585,55	-784,78
585,75	-768,69
585,95	-755,46
586,15	-733,20
586,36	-708,48
586,56	-693,24
586,76	-677,05
586,96	-674,60
587,17	-661,21
587,37	-639,54
587,57	-629,05
587,77	-617,02
587,98	-606,67
588,18	-586,79
588,38	-564,59
588,58	-549,85
588,79	-543,64
588,99	-536,56
589,19	-522,50
589,39	-506,37
589,60	-484,05
589,80	-470,28
590,00	-456,93
590,20	-444,82
590,40	-433,38
590,61	-408,79
590,81	-392,20
591,01	-380,78
591,21	-369,07
591,42	-361,65
591,62	-340,89
591,82	-322,85
592,02	-306,84
592,22	-293,95
592,43	-280,39
592,63	-266,96
592,83	-248,38
593,03	-233,93
593,23	-227,97
593,44	-216,10
593,64	-205,83
593,84	-195,58
594,04	-161,18
594,24	-150,46
594,45	-134,32
594,65	-131,45
594,85	-118,36
595,05	-97,92
595,25	-84,44
595,46	-71,39
595,66	-51,75
595,86	-30,19
596,06	-13,84
596,26	11,90
596,46	36,39
596,67	56,27
596,87	79,01
597,07	93,02
597,27	118,07
597,47	151,29
597,67	168,05
597,88	190,41
598,08	212,30
598,28	237,13
598,48	253,40
598,68	278,38
598,88	295,64
599,09	313,28
599,29	320,60
599,49	341,40
599,69	366,71
599,89	391,24
600,09	403,90
600,30	431,84
600,50	450,58
600,70	462,01
600,90	475,85
601,10	503,45
601,30	521,12
601,50	551,45
601,71	579,02
601,91	589,58
602,11	602,45
602,31	620,92
602,51	639,00
602,71	666,52
602,91	688,67
603,11	719,16
603,32	758,16
603,52	779,02
603,72	794,96
603,92	816,96
604,12	831,58
604,32	855,71
604,52	891,42
604,72	920,19
604,93	943,83
605,13	967,60
605,33	987,20
605,53	1007,39
605,73	1030,02
605,93	1048,88
606,13	1075,23
606,33	1089,89
606,53	1119,94
606,74	1138,94
606,94	1163,47
607,14	1182,40
607,34	1207,70
607,54	1240,31
607,74	1266,93
607,94	1296,31
608,14	1320,77
608,34	1343,27
608,54	1367,26
608,74	1384,81
608,95	1414,83
609,15	1434,57
609,35	1468,60
609,55	1491,62
609,75	1529,28
609,95	1558,60
610,15	1589,37
610,35	1623,52
610,55	1651,55
610,75	1677,99
610,95	1708,08
611,15	1739,78
611,35	1776,50
611,55	1815,01
611,76	1853,64
611,96	1874,42
612,16	1902,22
612,36	1920,35
612,56	1959,61
612,76	1979,87
612,96	2007,72
613,16	2032,81
613,36	2072,35
613,56	2105,95
613,76	2137,72
613,96	2178,94
614,16	2214,17
614,36	2242,23
614,56	2289,09
614,76	2329,96
614,96	2369,52
615,16	2402,90
615,36	2437,26
615,56	2472,33
615,76	2506,60
615,97	2540,92
616,17	2578,62
616,37	2613,34
616,57	2642,89
616,77	2674,22
616,97	2715,27
617,17	2751,36
617,37	2780,79
617,57	2826,29
617,77	2873,88
617,97	2920,41
618,17	2961,55
618,37	3017,16
618,57	3058,23
618,77	3100,69
618,97	3167,97
619,17	3217,87
619,37	3260,65
619,57	3312,09
619,77	3354,82
619,97	3412,89
620,17	3463,04
620,37	3500,66
620,57	3559,46
620,77	3608,56
620,97	3662,61
621,17	3710,43
621,37	3768,75
621,57	3798,97
621,77	3840,84
621,97	3910,40
622,17	3953,57
622,37	4016,97
622,57	4076,55
622,77	4125,87
622,97	4169,19
623,17	4217,63
623,37	4271,36
623,57	4322,47
623,77	4393,80
623,97	4439,34
624,16	4491,82
624,36	4549,49
624,56	4594,66
624,76	4669,71
624,96	4722,17
625,16	4777,97
625,36	4839,59
625,56	4914,74
625,76	4980,20
625,96	5034,85
626,16	5092,31
626,36	5143,29
626,56	5215,52
626,76	5294,92
626,96	5377,96
627,16	5444,55
627,36	5492,96
627,56	5561,00
627,76	5628,91
627,96	5685,18
628,16	5747,74
628,35	5822,49
628,55	5884,09
628,75	5960,07
628,95	6029,68
629,15	6095,27
629,35	6147,28
629,55	6216,26
629,75	6287,88
629,95	6374,04
630,15	6446,47
630,35	6516,94
630,55	6604,89
630,75	6681,83
630,95	6746,73
631,14	6824,02
631,34	6898,94
631,54	6990,10
631,74	7074,58
631,94	7169,48
632,14	7229,49
632,34	7307,50
632,54	7376,84
632,74	7451,18
632,94	7524,32
633,14	7607,65
633,33	7700,00
633,53	7780,29
633,73	7894,88
633,93	7977,02
634,13	8055,36
634,33	8141,54
634,53	8236,10
634,73	8335,25
634,93	8428,74
635,12	8528,43
635,32	8622,11
635,52	8726,20
635,72	8817,57
635,92	8892,92
636,12	8989,13
636,32	9076,74
636,52	9181,57
636,71	9270,81
636,91	9362,58
637,11	9458,43
637,31	9557,67
637,51	9669,61
637,71	9767,85
637,91	9866,32
638,11	9958,97
638,30	10058,59
638,50	10178,59
638,70	10269,83
638,90	10372,80
639,10	10469,10
639,30	10577,36
639,50	10679,54
639,69	10745,50
639,89	10849,25
640,09	10943,15
640,29	11046,26
640,49	11144,27
640,69	11256,34
640,88	11364,25
641,08	11469,08
641,28	11582,20
641,48	11689,35
641,68	11791,42
641,88	11903,96
642,07	12011,36
642,27	12134,96
642,47	12241,40
642,67	12357,25
642,87	12472,43
643,07	12598,64
643,26	12702,10
643,46	12804,23
643,66	12900,11
643,86	13022,95
644,06	13131,58
644,26	13256,67
644,45	13342,89
644,65	13462,90
644,85	13582,86
645,05	13707,24
645,25	13801,44
645,44	13894,02
645,64	13995,00
645,84	14126,69
646,04	14256,57
646,24	14378,43
646,43	14502,34
646,63	14607,81
646,83	14722,41
647,03	14869,42
647,23	14988,12
647,42	15110,35
647,62	15211,24
647,82	15332,86
648,02	15464,07
648,22	15593,63
648,41	15696,11
648,61	15799,65
648,81	15917,15
649,01	16030,38
649,20	16142,55
649,40	16270,31
649,60	16391,91
649,80	16509,39
650,00	16641,58
650,19	16785,16
650,39	16921,28
650,59	17066,59
650,79	17178,89
650,98	17320,39
651,18	17434,19
651,38	17580,24
651,58	17693,94
651,77	17838,91
651,97	17952,02
652,17	18075,74
652,37	18203,19
652,56	18330,45
652,76	18438,18
652,96	18562,30
653,16	18694,34
653,35	18847,78
653,55	18967,71
653,75	19132,78
653,95	19270,47
654,14	19398,40
654,34	19522,44
654,54	19654,13
654,74	19789,82
654,93	19934,64
655,13	20084,08
655,33	20217,42
655,52	20351,35
655,72	20471,27
655,92	20588,92
656,12	20723,79
656,31	20839,81
656,51	20955,28
656,71	21086,62
656,91	21203,32
657,10	21334,61
657,30	21438,74
657,50	21563,23
657,69	21667,93
657,89	21799,50
658,09	21916,75
658,29	22033,25
658,48	22166,85
658,68	22284,17
658,88	22425,13
659,07	22548,57
659,27	22673,15
659,47	22796,66
659,66	22919,13
659,86	23073,40
660,06	23184,04
660,26	23303,06
660,45	23433,08
660,65	23590,73
660,85	23712,93
661,04	23807,52
661,24	23956,12
661,44	24053,52
661,63	24170,06
661,83	24307,88
662,03	24461,55
662,22	24577,00
662,42	24684,06
662,62	24790,29
662,81	24928,14
663,01	25050,12
663,21	25129,35
663,40	25225,76
663,60	25374,39
663,80	25480,36
663,99	25611,97
664,19	25721,38
664,39	25823,53
664,58	25921,58
664,78	26048,77
664,98	26155,91
665,17	26285,44
665,37	26380,08
665,57	26484,32
665,76	26587,66
665,96	26735,29
666,16	26833,53
666,35	26935,19
666,55	27030,19
666,74	27150,15
666,94	27254,43
667,14	27376,64
667,33	27463,69
667,53	27593,97
667,73	27703,66
667,92	27808,49
668,12	27921,87
668,32	28052,37
668,51	28129,77
668,71	28216,60
668,90	28329,95
669,10	28440,23
669,30	28518,48
669,49	28605,50
669,69	28677,68
669,89	28769,69
670,08	28835,08
670,28	28944,16
670,47	29035,58
670,67	29120,42
670,87	29200,07
671,06	29299,18
671,26	29407,87
671,45	29497,03
671,65	29587,02
671,85	29681,97
672,04	29767,05
672,24	29843,21
672,43	29922,50
672,63	30021,08
672,83	30096,02
673,02	30191,25
673,22	30298,11
673,41	30406,21
673,61	30466,70
673,81	30533,97
674,00	30575,80
674,20	30666,30
674,39	30733,41
674,59	30833,75
674,78	30909,96
674,98	30994,49
675,18	31046,29
675,37	31099,81
675,57	31153,28
675,76	31209,78
675,96	31234,54
676,15	31303,43
676,35	31368,17
676,55	31446,87
676,74	31489,34
676,94	31571,25
677,13	31604,22
677,33	31667,56
677,52	31716,77
677,72	31804,42
677,91	31849,02
678,11	31895,80
678,31	31918,00
678,50	31982,44
678,70	32037,47
678,89	32017,10
679,09	32063,15
679,28	32111,74
679,48	32149,44
679,67	32204,35
679,87	32255,94
680,06	32305,27
680,26	32305,09
680,46	32382,98
680,65	32419,72
680,85	32454,90
681,04	32472,74
681,24	32531,75
681,43	32615,84
681,63	32640,18
681,82	32670,69
682,02	32676,03
682,21	32698,41
682,41	32735,71
682,60	32765,54
682,80	32816,59
682,99	32814,84
683,19	32847,19
683,38	32870,15
683,58	32912,39
683,77	32946,18
683,97	32995,52
684,16	33005,47
684,36	33019,68
684,55	33056,16
684,75	33104,91
684,94	33106,07
685,14	33116,35
685,33	33127,54
685,53	33121,78
685,72	33137,20
685,92	33153,39
686,11	33154,53
686,31	33119,92
686,50	33127,18
686,70	33143,17
686,89	33129,53
687,09	33143,31
687,28	33103,26
687,48	33141,36
687,67	33131,41
687,87	33130,81
688,06	33124,71
688,26	33122,72
688,45	33124,26
688,65	33123,68
688,84	33127,60
689,03	33075,07
689,23	33067,77
689,42	33082,06
689,62	33014,18
689,81	33039,46
690,01	32992,13
690,20	32984,83
690,40	32974,21
690,59	32989,63
690,79	32962,01
690,98	32955,05
691,17	32942,87
691,37	32917,61
691,56	32948,41
691,76	32962,76
691,95	32913,20
692,15	32938,32
692,34	32918,03
692,54	32901,85
692,73	32875,14
692,92	32835,32
693,12	32792,98
693,31	32777,85
693,51	32746,52
693,70	32719,80
693,90	32691,52
694,09	32656,25
694,28	32598,27
694,48	32585,84
694,67	32541,70
694,87	32500,98
695,06	32444,40
695,26	32428,34
695,45	32377,84
695,64	32350,81
695,84	32286,34
696,03	32240,79
696,23	32204,11
696,42	32160,69
696,61	32110,64
696,81	32067,20
697,00	32023,99
697,20	31981,42
697,39	31933,25
697,58	31886,92
697,78	31840,22
697,97	31813,13
698,17	31740,93
698,36	31735,84
698,55	31691,24
698,75	31607,48
698,94	31539,78
699,14	31465,62
699,33	31365,79
699,52	31297,77
699,72	31232,00
699,91	31142,61
700,10	31083,39
700,30	31004,22
700,49	30926,97
700,69	30869,77
700,88	30752,87
701,07	30694,22
701,27	30619,25
701,46	30556,52
701,65	30507,67
701,85	30485,99
702,04	30409,34
702,23	30356,01
702,43	30290,27
702,62	30215,59
702,82	30152,38
703,01	30096,28
703,20	30031,70
703,40	29953,93
703,59	29856,94
703,78	29820,98
703,98	29751,66
704,17	29655,53
704,36	29545,25
704,56	29476,21
704,75	29385,64
704,94	29306,97
705,14	29227,22
705,33	29133,64
705,52	29026,62
705,72	28955,51
705,91	28908,04
706,10	28802,38
706,30	28725,48
706,49	28641,03
706,68	28547,56
706,88	28473,55
707,07	28396,69
707,26	28335,89
707,46	28263,68
707,65	28213,07
707,84	28117,56
708,04	28067,16
708,23	27936,40
708,42	27819,80
708,62	27762,17
708,81	27649,18
709,00	27568,68
709,19	27486,96
709,39	27407,70
709,58	27313,76
709,77	27194,90
709,97	27105,31
710,16	26992,85
710,35	26914,32
710,55	26812,91
710,74	26751,29
710,93	26682,54
711,12	26583,34
711,32	26493,64
711,51	26402,29
711,70	26322,14
711,90	26228,70
712,09	26131,11
712,28	26056,34
712,47	25961,29
712,67	25856,88
712,86	25780,67
713,05	25676,77
713,24	25592,99
713,44	25499,46
713,63	25394,71
713,82	25288,98
714,02	25193,91
714,21	25106,08
714,40	25013,95
714,59	24937,29
714,79	24840,25
714,98	24735,68
715,17	24651,91
715,36	24535,35
715,56	24417,72
715,75	24321,35
715,94	24210,06
716,13	24137,37
716,33	24047,79
716,52	23932,64
716,71	23822,42
716,90	23721,67
717,10	23602,36
717,29	23497,80
717,48	23415,38
717,67	23308,26
717,87	23207,09
718,06	23123,99
718,25	23004,13
718,44	22925,26
718,63	22801,93
718,83	22711,12
719,02	22630,88
719,21	22532,14
719,40	22420,87
719,60	22326,78
719,79	22215,16
719,98	22098,44
720,17	21989,92
720,36	21888,05
720,56	21777,53
720,75	21673,42
720,94	21538,32
721,13	21433,33
721,33	21311,32
721,52	21197,11
721,71	21080,45
721,90	20966,87
722,09	20851,66
722,29	20759,91
722,48	20637,04
722,67	20532,28
722,86	20428,33
723,05	20336,38
723,24	20227,57
723,44	20137,19
723,63	20054,29
723,82	19962,80
724,01	19854,39
724,20	19791,71
724,40	19711,26
724,59	19625,27
724,78	19518,10
724,97	19441,41
725,16	19352,67
725,35	19277,19
725,55	19173,66
725,74	19089,03
725,93	18997,05
726,12	18887,22
726,31	18799,31
726,51	18725,96
726,70	18617,80
726,89	18536,79
727,08	18435,81
727,27	18342,65
727,46	18252,77
727,65	18162,31
727,85	18061,64
728,04	17988,60
728,23	17895,40
728,42	17810,00
728,61	17729,32
728,80	17631,38
729,00	17540,11
729,19	17444,43
729,38	17360,95
729,57	17288,14
729,76	17204,82
729,95	17128,88
730,14	17031,02
730,33	16935,92
730,53	16841,15
730,72	16753,65
730,91	16681,48
731,10	16595,04
731,29	16514,89
731,48	16408,51
731,67	16318,55
731,86	16208,49
732,06	16102,84
732,25	16011,63
732,44	15902,32
732,63	15822,61
732,82	15731,10
733,01	15637,53
733,20	15556,12
733,39	15446,16
733,59	15352,89
733,78	15262,11
733,97	15187,41
734,16	15113,34
734,35	15033,17
734,54	14939,25
734,73	14872,94
734,92	14797,01
735,11	14711,88
735,30	14635,36
735,49	14546,20
735,69	14456,78
735,88	14371,33
736,07	14300,49
736,26	14210,86
736,45	14145,41
736,64	14063,18
736,83	13965,15
737,02	13905,21
737,21	13820,03
737,40	13742,90
737,59	13661,91
737,78	13579,93
737,98	13514,47
738,17	13431,62
738,36	13354,88
738,55	13263,01
738,74	13201,13
738,93	13097,75
739,12	13009,75
739,31	12950,96
739,50	12877,68
739,69	12779,67
739,88	12692,01
740,07	12606,25
740,26	12543,82
740,45	12465,79
740,64	12385,91
740,83	12311,56
741,02	12233,32
741,22	12148,18
741,41	12083,63
741,60	12018,61
741,79	11933,10
741,98	11849,80
742,17	11785,94
742,36	11711,97
742,55	11650,57
742,74	11563,05
742,93	11475,13
743,12	11408,27
743,31	11324,77
743,50	11249,22
743,69	11163,63
743,88	11080,80
744,07	10998,13
744,26	10926,42
744,45	10860,07
744,64	10782,11
744,83	10710,20
745,02	10632,74
745,21	10565,47
745,40	10505,32
745,59	10450,82
745,78	10401,68
745,97	10348,10
746,16	10290,91
746,35	10236,99
746,54	10165,92
746,73	10107,98
746,92	10032,77
747,11	9973,43
747,30	9905,40
747,49	9849,18
747,68	9793,19
747,87	9724,55
748,06	9660,50
748,25	9592,13
748,44	9539,91
748,63	9486,67
748,82	9421,03
749,01	9369,48
749,20	9301,86
749,39	9244,82
749,58	9191,37
749,77	9143,69
749,96	9069,26
750,15	8991,14
750,34	8932,82
750,53	8877,61
750,72	8815,64
750,91	8744,32
751,10	8686,36
751,29	8632,71
751,48	8573,41
751,67	8525,96
751,86	8469,76
752,04	8407,14
752,23	8338,01
752,42	8302,97
752,61	8258,99
752,80	8205,24
752,99	8138,40
753,18	8093,19
753,37	8035,43
753,56	7985,62
753,75	7929,77
753,94	7896,59
754,13	7845,11
754,32	7817,89
754,51	7785,20
754,70	7755,64
754,89	7719,04
755,08	7684,56
755,27	7653,80
755,45	7629,14
755,64	7600,91
755,83	7578,47
756,02	7537,22
756,21	7507,31
756,40	7463,88
756,59	7430,93
756,78	7384,81
756,97	7358,39
757,16	7336,27
757,35	7299,83
757,54	7264,66
757,72	7232,34
757,91	7199,00
758,10	7158,06
758,29	7123,91
758,48	7099,05
758,67	7075,41
758,86	7035,86
759,05	7007,34
759,24	6970,78
759,43	6921,69
759,61	6877,66
759,80	6832,88
759,99	6807,14
760,18	6783,74
760,37	6752,38
760,56	6723,94
760,75	6680,58
760,94	6646,56
761,13	6600,45
761,31	6565,74
761,50	6521,39
761,69	6482,03
761,88	6447,18
762,07	6403,94
762,26	6368,53
762,45	6302,79
762,64	6239,31
762,82	6185,53
763,01	6131,88
763,20	6084,37
763,39	6030,39
763,58	5976,34
763,77	5920,04
763,96	5880,93
764,14	5824,15
764,33	5765,18
764,52	5723,09
764,71	5677,37
764,90	5624,64
765,09	5584,35
765,27	5530,64
765,46	5477,31
765,65	5417,84
765,84	5360,05
766,03	5308,87
766,22	5254,02
766,41	5197,60
766,59	5146,87
766,78	5086,82
766,97	5028,14
767,16	4970,19
767,35	4921,68
767,54	4862,23
767,72	4815,29
767,91	4763,09
768,10	4716,60
768,29	4678,40
768,48	4632,11
768,66	4590,44
768,85	4541,11
769,04	4510,24
769,23	4483,48
769,42	4423,65
769,61	4398,24
769,79	4376,53
769,98	4336,52
770,17	4302,45
770,36	4270,93
770,55	4257,12
770,73	4217,50
770,92	4178,70
771,11	4155,43
771,30	4116,77
771,49	4073,71
771,67	4034,24
771,86	4035,42
772,05	3992,10
772,24	3946,64
772,42	3923,44
772,61	3892,89
772,80	3857,87
772,99	3806,84
773,18	3777,47
773,36	3771,08
773,55	3736,01
773,74	3721,20
773,93	3700,14
774,11	3664,77
774,30	3628,78
774,49	3607,38
774,68	3593,37
774,87	3565,86
775,05	3545,32
775,24	3525,61
775,43	3504,87
775,62	3482,62
775,80	3452,66
775,99	3434,26
776,18	3411,09
776,37	3395,93
776,55	3382,03
776,74	3355,63
776,93	3338,56
777,12	3305,83
777,30	3292,89
777,49	3260,68
777,68	3234,53
777,87	3209,48
778,05	3174,89
778,24	3137,50
778,43	3113,24
778,62	3085,16
778,80	3056,20
778,99	3027,55
779,18	2994,25
779,36	2968,67
779,55	2951,47
779,74	2919,35
779,93	2893,95
780,11	2881,61
780,30	2863,47
780,49	2860,20
780,68	2847,55
780,86	2808,19
781,05	2788,12
781,24	2767,49
781,42	2743,50
781,61	2738,27
781,80	2706,04
781,98	2686,43
782,17	2674,18
782,36	2664,43
782,55	2645,30
782,73	2639,64
782,92	2597,80
783,11	2579,99
783,29	2566,14
783,48	2547,10
783,67	2529,66
783,85	2515,43
784,04	2485,44
784,23	2468,14
784,42	2446,30
784,60	2430,08
784,79	2406,12
784,98	2380,30
785,16	2354,53
785,35	2363,05
785,54	2352,63
785,72	2344,18
785,91	2333,30
786,10	2317,06
786,28	2312,33
786,47	2299,98
786,66	2288,02
786,84	2275,53
787,03	2257,80
787,22	2238,58
787,40	2227,84
787,59	2215,66
787,78	2192,40
787,96	2159,19
788,15	2153,77
788,34	2129,14
788,52	2116,03
788,71	2095,43
788,89	2090,31
789,08	2063,69
789,27	2054,25
789,45	2021,77
789,64	2019,07
789,83	2006,22
790,01	1988,51
790,20	1969,22
790,39	1966,44
790,57	1936,62
790,76	1929,94
790,95	1912,68
791,13	1893,01
791,32	1869,83
791,50	1864,37
791,69	1830,85
791,88	1833,78
792,06	1814,41
792,25	1799,13
792,43	1785,88
792,62	1783,31
792,81	1764,07
792,99	1768,56
793,18	1751,88
793,37	1733,40
793,55	1729,08
793,74	1710,61
793,92	1706,75
794,11	1708,60
794,30	1687,70
794,48	1669,67
794,67	1644,38
794,85	1628,04
795,04	1608,98
795,23	1589,34
795,41	1576,52
795,60	1565,65
795,78	1564,60
795,97	1555,11
796,15	1553,47
796,34	1533,90
796,53	1519,72
796,71	1513,94
796,90	1514,19
797,08	1516,51
797,27	1512,94
797,46	1509,44
797,64	1508,11
797,83	1485,05
798,01	1473,08
798,20	1466,16
798,38	1461,14
798,57	1461,54
798,76	1468,77
798,94	1470,47
799,13	1451,53
799,31	1433,50
799,50	1425,03
799,68	1417,89
799,87	1411,61
800,05	1412,81
800,24	1418,85
800,43	1410,00
800,61	1394,80
800,80	1382,91
800,98	1362,22
801,17	1344,48
801,35	1337,07
801,54	1329,75
801,72	1331,12
801,91	1325,53
802,09	1312,54
802,28	1308,34
802,46	1290,74
802,65	1273,86
802,84	1264,77
803,02	1257,41
803,21	1243,38
803,39	1238,77
803,58	1219,42
803,76	1200,81
803,95	1194,44
804,13	1182,08
804,32	1166,06
804,50	1166,14
804,69	1147,99
804,87	1151,15
805,06	1157,91
805,24	1165,71
805,43	1149,90
805,61	1154,35
805,80	1147,25
805,98	1147,37
806,17	1156,43
806,35	1153,29
806,54	1140,20
806,72	1134,07
806,91	1116,52
807,09	1101,96
807,28	1090,34
807,46	1069,83
807,65	1052,70
807,83	1050,17
808,02	1039,15
808,20	1039,34
808,39	1030,09
808,57	1020,17
808,76	1023,33
808,94	1033,23
809,13	1028,62
809,31	1040,72
809,49	1043,08
809,68	1039,39
809,86	1048,67
810,05	1048,92
810,23	1056,27
810,42	1061,24
810,60	1051,89
810,79	1045,38
810,97	1041,16
811,16	1031,82
811,34	1032,19
811,53	1040,24
811,71	1025,72
811,89	1023,19
812,08	1023,57
812,26	1015,39
812,45	1013,51
812,63	1009,79
812,82	1004,98
813,00	987,37
813,19	1000,01
813,37	986,67
813,55	995,35
813,74	992,91
813,92	977,61
814,11	989,21
814,29	989,06
814,48	979,29
814,66	972,43
814,84	960,05
815,03	949,61
815,21	941,20
815,40	951,13
815,58	937,56
815,77	940,36
815,95	921,19
816,13	901,41
816,32	902,38
816,50	882,84
816,69	891,74
816,87	886,59
817,05	887,48
817,24	887,05
817,42	873,75
817,61	870,38
817,79	860,30
817,97	856,81
818,16	844,69
818,34	844,01
818,53	845,42
818,71	836,08
818,89	824,68
819,08	799,43
819,26	800,02
819,45	785,61
819,63	777,47
819,81	776,95
820,00	762,77
820,18	756,64
820,36	753,15
820,55	742,03
820,73	737,36
820,92	724,09
821,10	720,27
821,28	727,41
821,47	719,09
821,65	703,92
821,83	691,48
822,02	691,18
822,20	676,09
822,39	670,37
822,57	668,34
822,75	659,38
822,94	660,08
823,12	649,51
823,30	651,69
823,49	643,07
823,67	629,67
823,85	626,00
824,04	621,91
824,22	618,74
824,40	611,60
824,59	617,92
824,77	611,13
824,95	613,01
825,14	605,75
825,32	603,72
825,50	597,87
825,69	578,35
825,87	573,00
826,05	559,04
826,24	554,32
826,42	549,45
826,60	547,64
826,79	529,59
826,97	515,20
827,15	510,50
827,34	487,97
827,52	472,36
827,70	469,88
827,89	470,97
828,07	474,16
828,25	466,54
828,44	464,20
828,62	457,29
828,80	454,33
828,98	444,56
829,17	439,34
829,35	441,72
829,53	450,44
829,72	441,35
829,90	452,64
830,08	434,69
830,27	423,18
830,45	410,51
830,63	417,61
830,81	416,62
831,00	409,76
831,18	408,29
831,36	398,80
831,55	390,76
831,73	376,75
831,91	358,91
832,09	360,44
832,28	335,45
832,46	344,98
832,64	337,78
832,82	335,49
833,01	315,46
833,19	308,18
833,37	300,99
833,55	290,76
833,74	297,01
833,92	292,03
834,10	291,28
834,29	289,85
834,47	288,35
834,65	295,35
834,83	282,00
835,02	274,44
835,20	268,10
835,38	262,94
835,56	256,94
835,75	252,41
835,93	242,40
836,11	227,89
836,29	234,08
836,47	237,51
836,66	221,50
836,84	223,52
837,02	220,83
837,20	224,13
837,39	219,12
837,57	214,79
837,75	210,77
837,93	207,62
838,12	206,57
838,30	203,11
838,48	208,56
838,66	206,83
838,84	195,75
839,03	187,28
839,21	181,74
839,39	175,39
839,57	166,77
839,75	174,74
839,94	170,80
840,12	174,60
840,30	172,54
840,48	164,65
840,66	163,16
840,85	151,70
841,03	134,36
841,21	126,55
841,39	133,55
841,57	116,90
841,76	114,06
841,94	99,09
842,12	89,33
842,30	91,38
842,48	91,38
842,67	77,67
842,85	73,35
843,03	56,82
843,21	57,39
843,39	69,26
843,57	65,18
843,76	59,58
843,94	74,72
844,12	70,64
844,30	76,51
844,48	70,64
844,66	69,54
844,85	61,47
845,03	65,04
845,21	57,92
845,39	56,21
845,57	53,79
845,75	45,24
845,94	51,05
846,12	39,01
846,30	31,11
846,48	38,89
846,66	41,33
846,84	45,84
847,02	34,45
847,21	40,01
847,39	44,41
847,57	51,04
847,75	65,77
847,93	68,91
848,11	68,99
848,29	68,37
848,48	78,93
848,66	69,96
848,84	63,57
849,02	61,26
849,20	59,85
849,38	56,05
849,56	45,67
849,74	42,19
849,93	38,35
850,11	31,61
850,29	19,16
850,47	14,50
850,65	8,67
850,83	7,59
851,01	26,03
851,19	18,99
851,37	17,00
851,56	21,36
851,74	23,51
851,92	24,18
852,10	22,59
852,28	30,90
852,46	37,14
852,64	35,46
852,82	37,63
853,00	36,13
853,18	37,62
853,37	20,32
853,55	20,82
853,73	14,49
853,91	0,23
854,09	0,38
854,27	3,05
854,45	6,45
854,63	-1,27
854,81	-9,34
854,99	-5,75
855,17	-4,92
855,35	-3,02
855,53	-2,66
855,72	0,26
855,90	-1,32
856,08	-7,47
856,26	-1,16
856,44	-3,24
856,62	-6,57
856,80	-15,72
856,98	-23,39
857,16	-32,99
857,34	-39,36
857,52	-51,82
857,70	-61,23
857,88	-62,40
858,06	-68,98
858,24	-75,87
858,42	-72,72
858,60	-79,40
858,78	-78,06
858,96	-91,28
859,15	-91,21
859,33	-88,48
859,51	-82,69
859,69	-76,81
859,87	-76,53
860,05	-71,20
860,23	-82,86
860,41	-82,21
860,59	-76,91
860,77	-78,76
860,95	-73,41
861,13	-76,08
861,31	-66,03
861,49	-67,88
861,67	-64,95
861,85	-69,61
862,03	-68,96
862,21	-66,72
862,39	-66,72
862,57	-59,21
862,75	-63,74
862,93	-56,64
863,11	-49,12
863,29	-57,53
863,47	-49,45
863,65	-56,31
863,83	-57,04
864,01	-55,95
864,19	-49,81
864,37	-53,16
864,55	-51,28
864,73	-52,37
864,91	-55,56
865,09	-57,99
865,27	-78,06
865,45	-86,36
865,63	-96,27
865,81	-94,60
865,99	-92,06
866,17	-88,98
866,35	-87,33
866,53	-91,26
866,71	-98,13
866,89	-99,14
867,07	-105,01
867,24	-113,03
867,42	-105,49
867,60	-103,45
867,78	-106,67
867,96	-97,63
868,14	-102,56
868,32	-105,02
868,50	-107,97
868,68	-117,01
868,86	-116,18
869,04	-117,48
869,22	-118,85
869,40	-124,74
869,58	-126,79
869,76	-138,07
869,94	-136,84
870,12	-136,19
870,30	-135,59
870,48	-139,61
870,66	-139,05
870,83	-144,57
871,01	-144,10
871,19	-152,67
871,37	-156,16
871,55	-155,92
871,73	-144,84
871,91	-142,90
872,09	-137,41
872,27	-131,75
872,45	-127,45
872,63	-130,61
872,81	-131,87
872,98	-137,75
873,16	-132,21
873,34	-124,89
873,52	-118,61
873,70	-115,82
873,88	-114,03
874,06	-118,03
874,24	-114,42
874,42	-120,29
874,60	-126,61
874,78	-131,21
874,95	-133,72
875,13	-143,34
875,31	-147,04
875,49	-147,54
875,67	-154,17
875,85	-160,62
876,03	-157,04
876,21	-160,30
876,39	-164,20
876,56	-163,21
876,74	-159,62
876,92	-154,37
877,10	-157,09
877,28	-149,12
877,46	-138,71
877,64	-127,64
877,82	-126,94
877,99	-125,92
878,17	-135,05
878,35	-135,21
878,53	-140,02
878,71	-140,83
878,89	-137,71
879,07	-127,31
879,24	-132,97
879,42	-135,49
879,60	-133,95
879,78	-135,38
879,96	-144,33
880,14	-153,63
880,32	-155,53
880,49	-146,49
880,67	-144,32
880,85	-142,73
881,03	-149,87
881,21	-155,02
881,39	-160,23
881,56	-160,67
881,74	-160,98
881,92	-169,28
882,10	-169,15
882,28	-162,34
882,46	-165,58
882,63	-166,32
882,81	-162,04
882,99	-171,31
883,17	-172,84
883,35	-163,28
883,52	-163,01
883,70	-170,96
883,88	-166,66
884,06	-161,60
884,24	-156,51
884,42	-166,23
884,59	-171,06
884,77	-168,64
884,95	-156,62
885,13	-158,02
885,31	-158,04
885,48	-146,35
885,66	-150,03
885,84	-151,95
886,02	-151,66
886,20	-160,00
886,37	-162,64
886,55	-168,54
886,73	-168,20
886,91	-162,42
887,08	-151,73
887,26	-165,74
887,44	-174,63
887,62	-162,21
887,80	-176,83
887,97	-180,64
888,15	-178,05
888,33	-173,99
888,51	-162,12
888,68	-155,59
888,86	-154,67
889,04	-141,00
889,22	-140,44
889,40	-151,34
889,57	-143,35
889,75	-127,74
889,93	-134,98
890,11	-126,68
890,28	-114,15
890,46	-108,17
890,64	-111,24
890,82	-113,44
890,99	-119,12
891,17	-124,85
891,35	-125,04
891,53	-126,00
891,70	-113,92
891,88	-116,60
892,06	-121,10
892,24	-107,67
892,41	-103,88
892,59	-113,64
892,77	-120,39
892,94	-110,06
893,12	-98,14
893,30	-84,74
893,48	-72,81
893,65	-76,34
893,83	-72,46
894,01	-69,20
894,19	-68,74
894,36	-62,62
894,54	-69,16
894,72	-65,56
894,89	-59,46
895,07	-49,87
895,25	-48,36
895,43	-51,37
895,60	-52,88
895,78	-52,64
895,96	-51,34
896,13	-46,22
896,31	-48,93
896,49	-46,16
896,66	-41,87
896,84	-30,72
897,02	-37,98
897,20	-33,59
897,37	-35,43
897,55	-39,12
897,73	-37,19
897,90	-42,93
898,08	-45,27
898,26	-43,44
898,43	-47,91
898,61	-45,55
898,79	-45,85
898,96	-47,35
899,14	-58,36
899,32	-58,70
899,49	-52,99
899,67	-56,05
899,85	-53,81
900,02	-61,81
900,20	-64,12
900,38	-56,81
900,55	-59,95
900,73	-57,00
900,91	-58,56
901,08	-65,89
901,26	-68,76
901,44	-69,95
901,61	-65,29
901,79	-71,40
901,97	-72,65
902,14	-71,81
902,32	-72,03
902,50	-63,72
902,67	-66,34
902,85	-71,79
903,02	-71,93
903,20	-67,17
903,38	-60,62
903,55	-66,53
903,73	-64,48
903,91	-58,44
904,08	-63,45
904,26	-69,52
904,44	-77,15
904,61	-77,84
904,79	-84,68
904,96	-90,75
905,14	-83,09
905,32	-84,84
905,49	-95,87
905,67	-98,41
905,84	-89,97
906,02	-86,28
906,20	-93,36
906,37	-86,60
906,55	-74,72
906,73	-69,52
906,90	-64,06
907,08	-59,26
907,25	-47,40
907,43	-43,28
907,61	-49,23
907,78	-43,16
907,96	-40,51
908,13	-37,74
908,31	-51,43
908,48	-47,55
908,66	-49,39
908,84	-51,16
909,01	-52,20
909,19	-55,31
909,36	-47,68
909,54	-51,03
909,72	-56,77
909,89	-47,75
910,07	-51,27
910,24	-58,87
910,42	-68,24
910,59	-64,78
910,77	-64,27
910,95	-55,21
911,12	-51,67
911,30	-44,23
911,47	-38,42
911,65	-46,29
911,82	-46,21
912,00	-43,85
912,17	-42,83
912,35	-35,85
912,53	-25,27
912,70	-18,60
912,88	-8,28
913,05	-9,89
913,23	-17,80
913,40	-19,57
913,58	-25,22
913,75	-24,88
913,93	-28,11
914,10	-36,13
914,28	-34,02
914,46	-38,39
914,63	-43,37
914,81	-45,14
914,98	-46,40
915,16	-48,67
915,33	-44,37
915,51	-51,28
915,68	-48,92
915,86	-47,90
916,03	-49,84
916,21	-46,96
916,38	-50,52
916,56	-50,10
916,73	-57,11
916,91	-56,95
917,08	-59,38
917,26	-71,98
917,43	-79,85
917,61	-86,53
917,78	-85,78
917,96	-92,16
918,13	-92,00
918,31	-97,24
918,48	-98,31
918,66	-90,73
918,83	-97,46
919,01	-96,55
919,18	-95,60
919,36	-99,12
919,53	-93,61
919,71	-89,55
919,88	-88,91
920,06	-93,94
920,23	-92,87
920,41	-95,22
920,58	-90,47
920,76	-93,17
920,93	-90,11
921,11	-89,64
921,28	-87,67
921,45	-83,55
921,63	-83,16
921,80	-88,21
921,98	-89,10
922,15	-95,89
922,33	-92,38
922,50	-93,47
922,68	-95,75
922,85	-101,84
923,03	-105,43
923,20	-114,64
923,38	-119,66
923,55	-112,84
923,72	-116,39
923,90	-114,28
924,07	-103,14
924,25	-104,87
924,42	-96,59
924,60	-93,07
924,77	-92,47
924,95	-90,20
925,12	-81,01
925,29	-72,22
925,47	-65,96
925,64	-49,55
925,82	-53,69
925,99	-46,67
926,17	-41,94
926,34	-46,03
926,51	-39,20
926,69	-36,07
926,86	-27,27
927,04	-25,06
927,21	-22,54
927,38	-26,77
927,56	-21,02
927,73	-16,30
927,91	-20,17
928,08	-16,13
928,25	-20,86
928,43	-11,52
928,60	-7,30
928,78	-9,94
928,95	-4,97
929,12	-2,08
929,30	-0,94
929,47	-0,69
929,65	2,53
929,82	2,02
929,99	7,28
930,17	11,95
930,34	18,12
930,52	27,91
930,69	22,87
930,86	32,80
931,04	52,08
931,21	51,55
931,38	51,22
931,56	63,86
931,73	77,57
931,91	82,73
932,08	78,42
932,25	75,87
932,43	79,03
932,60	81,50
932,77	80,69
932,95	82,66
933,12	83,91
933,29	72,67
933,47	71,63
933,64	69,85
933,82	63,20
933,99	55,35
934,16	55,45
934,34	57,83
934,51	59,85
934,68	60,13
934,86	52,76
935,03	53,27
935,20	50,79
935,38	48,90
935,55	43,83
935,72	41,96
935,90	48,32
936,07	43,01
936,24	40,38
936,42	41,57
936,59	49,82
936,76	51,51
936,94	43,66
937,11	47,31
937,28	45,77
937,46	48,62
937,63	46,12
937,80	44,85
937,97	50,26
938,15	45,08
938,32	46,68
938,49	48,81
938,67	44,63
938,84	36,20
939,01	39,59
939,19	38,58
939,36	38,30
939,53	36,76
939,70	38,50
939,88	34,67
940,05	42,04
940,22	36,63
940,40	35,62
940,57	39,28
940,74	38,00
940,92	38,16
941,09	37,66
941,26	26,99
941,43	34,16
941,61	33,16
941,78	31,24
941,95	22,41
942,12	27,84
942,30	24,28
942,47	26,50
942,64	31,61
942,82	27,95
942,99	32,59
943,16	30,74
943,33	33,13
943,51	36,09
943,68	38,12
943,85	36,93
944,02	23,92
944,20	29,17
944,37	30,23
944,54	25,91
944,71	21,65
944,89	21,91
945,06	21,66
945,23	17,54
945,40	20,60
945,58	14,34
945,75	6,99
945,92	2,21
946,09	3,74
946,27	17,07
946,44	19,45
946,61	15,25
946,78	28,00
946,95	31,39
947,13	32,26
947,30	33,03
947,47	25,97
947,64	28,71
947,82	35,55
947,99	42,91
948,16	38,58
948,33	37,89
948,50	42,28
948,68	38,90
948,85	36,52
949,02	30,28
949,19	32,13
949,36	22,50
949,54	18,51
949,71	24,36
949,88	19,90
950,05	22,72
950,22	17,13
950,40	27,01
950,57	29,55
950,74	20,67
950,91	17,53
951,08	21,25
951,26	25,71
951,43	25,91
951,60	25,91
951,77	33,70
951,94	33,11
952,11	33,80
952,29	25,90
952,46	31,92
952,63	21,54
952,80	12,11
952,97	11,86
953,15	10,42
953,32	4,37
953,49	-5,69
953,66	-11,72
953,83	-14,91
954,00	-18,28
954,17	-13,78
954,35	-22,18
954,52	-21,50
954,69	-27,66
954,86	-24,87
955,03	-20,69
955,20	-19,25
955,38	-15,53
955,55	-11,32
955,72	-10,81
955,89	-11,48
956,06	1,45
956,23	4,33
956,40	-4,83
956,58	6,35
956,75	4,15
956,92	9,38
957,09	8,19
957,26	9,80
957,43	14,95
957,60	13,93
957,77	11,81
957,95	10,90
958,12	16,99
958,29	3,34
958,46	-0,64
958,63	9,27
958,80	12,65
958,97	17,31
959,14	11,37
959,31	10,79
959,49	6,55
959,66	-3,34
959,83	2,35
960,00	6,58
960,17	4,22
960,34	-2,22
960,51	1,60
960,68	5,23
960,85	3,61
961,02	-4,76
961,20	-4,42
961,37	5,73
961,54	10,80
961,71	12,75
961,88	18,34
962,05	16,54
962,22	6,74
962,39	13,91
962,56	13,66
962,73	11,31
962,90	5,58
963,07	-4,40
963,24	-5,68
963,42	-7,97
963,59	-7,98
963,76	-17,63
963,93	-20,34
964,10	-22,71
964,27	-24,65
964,44	-22,48
964,61	-29,45
964,78	-30,62
964,95	-18,51
965,12	-24,73
965,29	-19,22
965,46	-26,02
965,63	-24,76
965,80	-32,78
965,97	-29,65
966,14	-29,44
966,31	-26,99
966,48	-28,93
966,66	-31,56
966,83	-31,45
967,00	-42,29
967,17	-46,86
967,34	-41,59
967,51	-47,94
967,68	-42,82
967,85	-45,44
968,02	-44,34
968,19	-49,24
968,36	-43,35
968,53	-50,05
968,70	-57,59
968,87	-44,99
969,04	-41,52
969,21	-34,77
969,38	-43,42
969,55	-42,57
969,72	-43,90
969,89	-50,79
970,06	-53,42
970,23	-57,73
970,40	-47,60
970,57	-51,91
970,74	-54,69
970,91	-55,83
971,08	-66,46
971,25	-69,85
971,42	-65,28
971,59	-56,56
971,76	-53,77
971,93	-47,87
972,10	-45,81
972,27	-45,28
972,44	-40,88
972,61	-49,59
972,78	-52,73
972,95	-41,80
973,12	-34,55
973,29	-36,53
973,46	-35,69
973,63	-24,82
973,80	-28,95
973,97	-31,74
974,14	-38,20
974,30	-37,90
974,47	-36,30
974,64	-35,12
974,81	-35,80
974,98	-19,59
975,15	-26,86
975,32	-31,71
975,49	-33,57
975,66	-31,94
975,83	-41,96
976,00	-39,76
976,17	-38,58
976,34	-34,49
976,51	-23,29
976,68	-27,30
976,85	-31,11
977,02	-29,83
977,19	-44,49
977,36	-40,94
977,52	-37,80
977,69	-34,70
977,86	-33,68
978,03	-38,01
978,20	-45,23
978,37	-56,68
978,54	-54,39
978,71	-59,28
978,88	-55,37
979,05	-47,93
979,22	-46,30
979,39	-48,45
979,56	-50,49
979,72	-47,69
979,89	-48,90
980,06	-55,02
980,23	-55,69
980,40	-55,91
980,57	-48,78
980,74	-50,24
980,91	-56,07
981,08	-53,79
981,25	-59,19
981,41	-58,81
981,58	-53,63
981,75	-57,08
981,92	-68,99
982,09	-68,60
982,26	-67,43
982,43	-62,16
982,60	-58,78
982,77	-55,99
982,93	-57,52
983,10	-59,30
983,27	-52,00
983,44	-58,03
983,61	-59,55
983,78	-55,41
983,95	-51,42
984,11	-47,42
984,28	-48,35
984,45	-48,92
984,62	-51,45
984,79	-52,66
984,96	-52,65
985,13	-47,80
985,30	-42,04
985,46	-49,60
985,63	-52,07
985,80	-53,32
985,97	-61,52
986,14	-66,79
986,31	-63,30
986,47	-58,79
986,64	-59,02
986,81	-57,09
986,98	-58,20
987,15	-124,13
987,32	-129,43
987,48	-132,58
987,65	-138,10
987,82	-133,39
987,99	-125,54
988,16	-124,47
988,33	-121,59
988,49	-123,58
988,66	-123,60
988,83	-120,75
989,00	-126,19
989,17	-124,22
989,34	-63,58
989,50	-55,23
989,67	-52,26
989,84	-44,90
990,01	-41,18
990,18	-48,55
990,34	-46,94
990,51	-38,64
990,68	-30,62
990,85	-27,40
991,02	-30,47
991,18	-27,32
991,35	-32,14
991,52	-34,00
991,69	-41,56
991,86	-35,63
992,02	-49,34
992,19	-49,36
992,36	-47,92
992,53	-45,03
992,69	-59,64
992,86	-64,73
993,03	-61,68
993,20	-55,20
993,37	-48,34
993,53	-45,42
993,70	-45,34
993,87	-31,90
994,04	-34,44
994,20	-29,96
994,37	-36,35
994,54	-39,98
994,71	-48,60
994,87	-37,71
995,04	-37,62
995,21	-42,53
995,38	-46,83
995,55	-55,41
995,71	-61,02
995,88	-48,65
996,05	-10,02
996,22	-17,14
996,38	-12,48
996,55	-7,58
996,72	-3,59
996,88	-0,83
997,05	-4,99
997,22	-8,59
997,39	-13,09
997,55	-8,03
997,72	-3,52
997,89	7,78
998,06	-0,64
998,22	-48,46
998,39	-45,92
998,56	-44,13
998,73	-44,99
998,89	-42,21
999,06	-41,68
999,23	-33,80
999,39	-33,11
999,56	-30,75
999,73	-30,07
999,90	-29,12
1000,06	-25,75
1000,23	-26,04
1000,40	-26,80
1000,56	-22,89
1000,73	-22,47
1000,90	-18,16
1001,06	-24,89
1001,23	-24,27
1001,40	-31,71
1001,57	-27,96
1001,73	-26,95
1001,90	-27,20
1002,07	-30,49
1002,23	-34,20
1002,40	-35,47
1002,57	-41,23
1002,73	-40,55
1002,90	-39,45
1003,07	-40,04
1003,23	-31,80
1003,40	-28,00
1003,57	-29,30
1003,73	-27,60
1003,90	-26,14
1004,07	-28,25
1004,23	-29,39
1004,40	-35,78
1004,57	-28,39
1004,73	-21,44
1004,90	-25,09
1005,07	-23,49
1005,23	-19,52
1005,40	-24,76
1005,57	-30,21
1005,73	-28,26
1005,90	-29,77
1006,07	-32,39
1006,23	-28,49
1006,40	-25,35
1006,57	-18,12
1006,73	-18,96
1006,90	-22,36
1007,06	-23,63
1007,23	-22,28
1007,40	-29,71
1007,56	-31,60
1007,73	-30,07
1007,90	-24,72
1008,06	-25,96
1008,23	-27,95
1008,40	-27,95
1008,56	-29,73
1008,73	-27,87
1008,89	-20,81
1009,06	-19,79
1009,23	-13,59
1009,39	-20,78
1009,56	-14,87
1009,72	-12,15
1009,89	-9,25
1010,06	-0,97
1010,22	-2,80
1010,39	-2,37
1010,55	-8,21
1010,72	-6,77
1010,89	-8,53
1011,05	-24,12
1011,22	-24,19
1011,38	-24,70
1011,55	-26,75
1011,72	-28,87
1011,88	-30,20
1012,05	-27,15
1012,21	-41,56
1012,38	-33,65
1012,55	-27,02
1012,71	-30,07
1012,88	-23,36
1013,04	-29,31
1013,21	-23,98
1013,37	-21,62
1013,54	-20,42
1013,71	-16,17
1013,87	-18,87
1014,04	-13,97
1014,20	-10,23
1014,37	-1,03
1014,53	-5,61
1014,70	-2,66
1014,87	1,30
1015,03	-0,56
1015,20	6,80
1015,36	5,68
1015,53	8,74
1015,69	3,64
1015,86	3,22
1016,02	5,77
1016,19	4,07
1016,36	-2,31
1016,52	-5,20
1016,69	-1,23
1016,85	-5,80
1017,02	-7,42
1017,18	-13,94
1017,35	-20,41
1017,51	-20,27
1017,68	-24,27
1017,84	-25,17
1018,01	-30,69
1018,17	-28,15
1018,34	-23,98
1018,50	-21,18
1018,67	-32,49
1018,84	-35,03
1019,00	-34,77
1019,17	-24,99
1019,33	-20,94
1019,50	-18,18
1019,66	-18,35
1019,83	-13,53
1019,99	-10,24
1020,16	-5,75
1020,32	-0,23
1020,49	-2,53
1020,65	-1,00
1020,82	5,63
1020,98	3,50
1021,15	2,57
1021,31	2,29
1021,48	-1,20
1021,64	-3,83
1021,81	-2,36
1021,97	1,46
1022,14	-1,44
1022,30	0,18
1022,47	-0,14
1022,63	0,79
1022,79	-1,74
1022,96	4,05
1023,12	7,20
1023,29	5,16
1023,45	-0,68
1023,62	3,49
1023,78	8,41
1023,95	11,11
1024,11	10,22
1024,28	9,88
1024,44	17,15
1024,61	10,07
1024,77	5,40
1024,94	3,61
1025,10	-0,64
1025,26	-3,84
1025,43	1,17
1025,59	5,35
1025,76	5,93
1025,92	5,25
1026,09	6,44
1026,25	1,33
1026,42	-0,77
1026,58	-11,24
1026,74	-16,01
1026,91	-18,14
1027,07	-18,56
1027,24	-23,80
1027,40	-20,95
1027,57	-28,43
1027,73	-26,85
1027,90	-33,25
1028,06	-38,44
1028,22	-39,04
1028,39	-41,50
1028,55	-36,66
1028,72	-36,18
1028,88	-31,33
1029,04	-21,72
1029,21	-22,13
1029,37	-14,26
1029,54	-11,79
1029,70	-10,25
1029,87	-14,72
1030,03	-8,57
1030,19	-8,99
1030,36	-9,50
1030,52	-11,70
1030,69	-4,72
1030,85	-0,29
1031,01	0,21
1031,18	-5,38
1031,34	-3,28
1031,50	-5,32
1031,67	-1,54
1031,83	2,70
1032,00	0,40
1032,16	-3,60
1032,32	2,26
1032,49	2,01
1032,65	5,92
1032,82	-1,50
1032,98	-4,13
1033,14	-3,37
1033,31	1,63
1033,47	-1,94
1033,63	-1,77
1033,80	2,36
1033,96	3,81
1034,13	6,53
1034,29	5,35
1034,45	13,11
1034,62	17,02
1034,78	9,95
1034,94	7,24
1035,11	11,56
1035,27	8,51
1035,43	4,34
1035,60	3,12
1035,76	6,91
1035,92	-8,48
1036,09	-11,81
1036,25	-9,53
1036,41	-12,53
1036,58	-20,28
1036,74	-26,32
1036,90	-13,85
1037,07	-11,14
1037,23	-17,77
1037,39	-14,53
1037,56	-16,38
1037,72	-0,80
1037,88	-7,49
1038,05	1,03
1038,21	1,48
1038,37	0,21
1038,54	6,43
1038,70	-0,72
1038,86	-3,26
1039,03	-9,18
1039,19	-13,18
1039,35	-12,85
1039,52	-14,55
1039,68	-8,29
1039,84	-24,35
1040,00	-21,63
1040,17	-27,32
1040,33	-26,56
1040,49	-30,90
1040,66	-24,51
1040,82	-26,16
1040,98	-24,53
1041,15	-26,06
1041,31	-21,97
1041,47	-17,88
1041,63	-14,91
1041,80	-20,59
1041,96	-15,23
1042,12	-19,00
1042,29	-11,46
1042,45	-11,38
1042,61	-6,27
1042,77	-8,43
1042,94	1,48
1043,10	1,69
1043,26	4,68
1043,42	5,19
1043,59	26,85
1043,75	43,04
1043,91	31,10
1044,07	-47,36
1044,24	24,61
1044,40	-5,25
