345,22	-14,26
345,44	-14,26
345,66	-14,26
345,88	18,06
346,10	9,14
346,32	49,98
346,54	35,63
346,75	37,00
346,97	44,33
347,19	49,59
347,41	51,34
347,63	49,64
347,85	42,49
348,07	45,55
348,29	43,34
348,51	38,36
348,73	32,91
348,95	42,44
349,16	42,09
349,38	34,12
349,60	37,95
349,82	35,70
350,04	33,67
350,26	32,24
350,48	35,81
350,70	38,79
350,92	34,54
351,14	35,58
351,35	35,58
351,57	40,42
351,79	33,94
352,01	27,88
352,23	31,87
352,45	26,44
352,67	24,25
352,89	22,06
353,10	26,22
353,32	28,23
353,54	35,23
353,76	34,38
353,98	37,19
354,20	39,90
354,42	41,00
354,64	38,98
354,85	34,47
355,07	30,56
355,29	33,44
355,51	31,66
355,73	30,47
355,95	30,88
356,17	26,66
356,38	21,78
356,60	23,57
356,82	15,93
357,04	12,61
357,26	16,70
357,48	14,65
357,69	25,30
357,91	31,55
358,13	34,62
358,35	37,76
358,57	39,20
358,79	33,10
359,01	36,76
359,22	38,29
359,44	34,39
359,66	38,44
359,88	38,37
360,10	40,32
360,32	44,28
360,53	40,91
360,75	32,54
360,97	29,31
361,19	28,53
361,41	34,37
361,62	35,65
361,84	24,66
362,06	33,27
362,28	39,44
362,50	41,85
362,72	43,97
362,93	39,63
363,15	39,80
363,37	41,29
363,59	40,86
363,81	40,43
364,02	39,17
364,24	32,39
364,46	31,12
364,68	42,60
364,90	37,06
365,11	35,04
365,33	34,87
365,55	41,46
365,77	40,51
365,99	43,79
366,20	33,83
366,42	36,55
366,64	40,77
366,86	40,95
367,07	38,31
367,29	47,86
367,51	50,04
367,73	50,76
367,95	58,40
368,16	63,97
368,38	57,29
368,60	60,61
368,82	63,50
369,03	78,16
369,25	81,89
369,47	89,92
369,69	98,81
369,91	114,47
370,12	119,50
370,34	122,78
370,56	124,66
370,78	131,42
370,99	135,54
371,21	144,47
371,43	157,99
371,65	169,31
371,86	180,35
372,08	194,06
372,30	201,02
372,52	215,23
372,73	226,76
372,95	236,20
373,17	244,85
373,39	264,15
373,60	277,92
373,82	290,73
374,04	303,45
374,26	323,84
374,47	339,03
374,69	347,33
374,91	366,27
375,12	401,01
375,34	415,19
375,56	438,32
375,78	464,81
375,99	504,88
376,21	542,69
376,43	576,67
376,65	616,27
376,86	659,61
377,08	703,01
377,30	751,48
377,51	798,35
377,73	865,88
377,95	908,06
378,17	975,72
378,38	1039,45
378,60	1104,53
378,82	1168,56
379,03	1235,36
379,25	1309,22
379,47	1400,17
379,68	1495,43
379,90	1578,47
380,12	1682,16
380,34	1796,31
380,55	1897,77
380,77	2021,87
380,99	2146,38
381,20	2280,83
381,42	2426,84
381,64	2586,32
381,85	2739,96
382,07	2905,13
382,29	3078,53
382,50	3262,57
382,72	3464,44
382,94	3655,67
383,15	3851,09
383,37	4060,26
383,59	4277,38
383,80	4512,31
384,02	4763,52
384,24	5014,31
384,45	5269,98
384,67	5547,28
384,89	5832,89
385,10	6120,37
385,32	6428,00
385,54	6733,17
385,75	7066,41
385,97	7425,96
386,19	7781,44
386,40	8146,66
386,62	8518,45
386,84	8911,91
387,05	9329,08
387,27	9748,75
387,49	10181,25
387,70	10627,25
387,92	11089,81
388,14	11561,34
388,35	12046,96
388,57	12529,92
388,79	13042,48
389,00	13567,85
389,22	14123,46
389,43	14692,52
389,65	15258,08
389,87	15870,03
390,08	16486,13
390,30	17084,98
390,52	17788,36
390,73	18434,88
390,95	19131,39
391,17	19795,44
391,38	20494,03
391,60	21205,76
391,81	21977,06
392,03	22682,30
392,25	23412,53
392,46	24182,36
392,68	24890,57
392,89	25649,81
393,11	26499,69
393,33	27158,55
393,54	27909,38
393,76	28605,86
393,98	29392,13
394,19	30148,21
394,41	30860,39
394,62	31530,82
394,84	32229,60
395,06	32912,50
395,27	33580,89
395,49	34257,20
395,70	34868,54
395,92	35456,73
396,13	36104,15
396,35	36665,56
396,57	37263,87
396,78	37764,79
397,00	38260,96
397,21	38692,77
397,43	39026,92
397,65	39354,71
397,86	39605,76
398,08	39854,07
398,29	40085,60
398,51	40222,21
398,72	40236,52
398,94	40248,61
399,16	40239,64
399,37	40181,52
399,59	40115,53
399,80	39857,49
400,02	39595,66
400,23	39425,98
400,45	39184,43
400,67	38904,88
400,88	38561,40
401,10	38080,70
401,31	37680,50
401,53	37336,82
401,74	36853,44
401,96	36407,51
402,17	35773,25
402,39	35132,62
402,61	34573,50
402,82	34058,73
403,04	33460,76
403,25	32872,24
403,47	32210,62
403,68	31540,86
403,90	30969,24
404,11	30302,44
404,33	29544,69
404,54	28848,44
404,76	28131,16
404,97	27534,17
405,19	26904,75
405,41	26226,15
405,62	25507,64
405,84	24835,19
406,05	24183,16
406,27	23569,17
406,48	22890,20
406,70	22206,66
406,91	21612,79
407,13	21013,17
407,34	20477,50
407,56	19885,11
407,77	19312,40
407,99	18737,10
408,20	18264,69
408,42	17776,01
408,63	17213,96
408,85	16652,19
409,06	16194,22
409,28	15759,95
409,49	15312,71
409,71	14853,13
409,92	14448,28
410,14	14037,16
410,35	13665,31
410,57	13259,90
410,78	12905,28
411,00	12557,81
411,21	12245,67
411,43	11947,03
411,64	11682,42
411,86	11388,95
412,07	11093,97
412,29	10830,13
412,50	10555,27
412,72	10271,92
412,93	9998,67
413,15	9756,13
413,36	9558,00
413,58	9332,03
413,79	9098,51
414,01	8853,51
414,22	8644,39
414,43	8412,66
414,65	8166,41
414,86	7960,77
415,08	7748,59
415,29	7577,10
415,51	7402,13
415,72	7208,19
415,94	7010,50
416,15	6807,01
416,37	6625,92
416,58	6449,17
416,80	6292,37
417,01	6126,97
417,22	5961,77
417,44	5812,93
417,65	5666,11
417,87	5507,70
418,08	5351,59
418,30	5204,55
418,51	5072,10
418,73	4922,61
418,94	4785,25
419,15	4675,14
419,37	4557,41
419,58	4437,69
419,80	4326,10
420,01	4231,03
420,23	4139,39
420,44	4044,97
420,65	3958,61
420,87	3860,80
421,08	3771,48
421,30	3692,89
421,51	3626,03
421,73	3558,20
421,94	3473,08
422,15	3394,49
422,37	3315,83
422,58	3257,69
422,80	3176,29
423,01	3111,32
423,22	3042,40
423,44	2984,13
423,65	2920,82
423,87	2867,19
424,08	2802,23
424,29	2737,42
424,51	2676,69
424,72	2611,31
424,94	2550,81
425,15	2508,79
425,36	2459,30
425,58	2421,54
425,79	2381,05
426,01	2339,35
426,22	2306,17
426,43	2263,27
426,65	2213,31
426,86	2176,36
427,08	2134,54
427,29	2104,56
427,50	2074,79
427,72	2044,12
427,93	2006,77
428,14	1958,65
428,36	1920,91
428,57	1880,65
428,79	1845,75
429,00	1800,34
429,21	1768,69
429,43	1744,23
429,64	1717,95
429,85	1691,32
430,07	1651,66
430,28	1627,85
430,49	1607,82
430,71	1575,56
430,92	1565,93
431,14	1539,26
431,35	1520,04
431,56	1502,93
431,78	1477,94
431,99	1457,02
432,20	1449,79
432,42	1429,61
432,63	1407,04
432,84	1391,25
433,06	1363,30
433,27	1338,14
433,48	1322,27
433,70	1296,27
433,91	1279,90
434,12	1257,59
434,34	1231,46
434,55	1226,40
434,76	1219,26
434,98	1193,62
435,19	1174,50
435,40	1163,43
435,62	1154,66
435,83	1138,51
436,04	1127,97
436,26	1118,93
436,47	1103,72
436,68	1093,70
436,90	1076,72
437,11	1069,66
437,32	1057,64
437,54	1031,79
437,75	1016,70
437,96	1007,64
438,17	1005,09
438,39	983,43
438,60	967,84
438,81	960,32
439,03	941,17
439,24	930,90
439,45	925,25
439,67	919,90
439,88	909,62
440,09	894,16
440,30	886,83
440,52	876,46
440,73	863,98
440,94	845,92
441,16	836,71
441,37	841,02
441,58	827,52
441,80	822,54
442,01	807,78
442,22	798,77
442,43	790,92
442,65	777,60
442,86	776,33
443,07	777,03
443,28	773,73
443,50	767,96
443,71	764,97
443,92	753,32
444,14	745,28
444,35	743,31
444,56	733,93
444,77	734,29
444,99	727,49
445,20	718,94
445,41	719,93
445,62	712,95
445,84	712,41
446,05	706,91
446,26	697,20
446,47	684,57
446,69	681,94
446,90	663,91
447,11	660,30
447,32	661,15
447,54	657,87
447,75	644,50
447,96	629,87
448,17	627,47
448,39	625,53
448,60	605,40
448,81	593,42
449,02	589,73
449,23	594,59
449,45	593,59
449,66	599,83
449,87	587,78
450,08	585,37
450,30	579,09
450,51	569,78
450,72	578,86
450,93	566,56
451,15	560,28
451,36	557,13
451,57	560,13
451,78	556,67
451,99	555,32
452,21	547,13
452,42	542,02
452,63	549,23
452,84	541,34
453,05	537,89
453,27	548,53
453,48	536,73
453,69	532,93
453,90	530,42
454,11	527,29
454,33	525,71
454,54	520,87
454,75	510,34
454,96	509,06
455,17	506,21
455,39	494,86
455,60	490,57
455,81	490,52
456,02	482,50
456,23	483,06
456,45	479,26
456,66	474,64
456,87	472,26
457,08	470,04
457,29	477,26
457,50	475,78
457,72	485,78
457,93	474,31
458,14	475,47
458,35	476,55
458,56	470,30
458,77	468,65
458,99	473,36
459,20	469,80
459,41	473,11
459,62	477,67
459,83	473,90
460,04	467,42
460,26	467,80
460,47	452,02
460,68	457,08
460,89	452,32
461,10	447,13
461,31	441,43
461,52	434,25
461,74	432,07
461,95	429,61
462,16	420,53
462,37	411,25
462,58	405,31
462,79	402,22
463,00	397,24
463,22	399,40
463,43	397,08
463,64	396,52
463,85	395,76
464,06	403,06
464,27	404,23
464,48	397,69
464,70	404,83
464,91	405,54
465,12	412,00
465,33	420,54
465,54	424,16
465,75	415,66
465,96	417,11
466,17	414,25
466,38	410,35
466,60	410,52
466,81	405,99
467,02	407,83
467,23	406,75
467,44	401,76
467,65	399,54
467,86	391,46
468,07	383,46
468,28	379,13
468,50	385,27
468,71	391,20
468,92	393,12
469,13	395,60
469,34	399,26
469,55	398,70
469,76	401,97
469,97	398,98
470,18	401,80
470,39	405,37
470,60	406,79
470,82	406,63
471,03	399,42
471,24	404,26
471,45	393,69
471,66	391,74
471,87	392,31
472,08	390,89
472,29	385,82
472,50	375,42
472,71	378,94
472,92	380,09
473,13	380,47
473,34	379,83
473,55	375,05
473,77	383,52
473,98	384,97
474,19	390,48
474,40	389,67
474,61	386,66
474,82	386,27
475,03	391,54
475,24	395,23
475,45	391,84
475,66	391,17
475,87	390,93
476,08	394,60
476,29	408,83
476,50	406,35
476,71	400,98
476,92	403,11
477,13	404,99
477,34	412,58
477,55	409,87
477,76	407,59
477,97	407,46
478,18	415,17
478,40	407,45
478,61	405,98
478,82	406,70
479,03	393,47
479,24	388,60
479,45	394,10
479,66	400,85
479,87	397,52
480,08	391,45
480,29	391,61
480,50	389,46
480,71	382,96
480,92	377,70
481,13	385,68
481,34	383,61
481,55	383,14
481,76	387,58
481,97	397,13
482,18	395,29
482,39	377,07
482,60	385,18
482,81	389,18
483,02	393,72
483,23	389,36
483,44	398,64
483,65	398,47
483,86	397,10
484,07	393,03
484,28	382,79
484,49	382,45
484,70	370,73
484,91	362,97
485,12	370,61
485,33	371,04
485,54	370,96
485,75	358,93
485,96	362,89
486,17	355,59
486,38	354,33
486,59	351,66
486,80	356,41
487,01	364,54
487,21	367,35
487,42	370,93
487,63	372,62
487,84	371,13
488,05	368,62
488,26	361,37
488,47	368,60
488,68	370,95
488,89	374,92
489,10	370,05
489,31	364,34
489,52	369,07
489,73	370,46
489,94	364,72
490,15	369,23
490,36	371,70
490,57	375,45
490,78	371,55
490,99	367,93
491,20	371,88
491,41	375,24
491,61	368,46
491,82	365,26
492,03	360,78
492,24	346,71
492,45	347,51
492,66	341,72
492,87	339,78
493,08	333,98
493,29	325,40
493,50	322,16
493,71	332,00
493,92	326,56
494,13	319,53
494,34	321,60
494,54	331,33
494,75	341,26
494,96	348,02
495,17	345,03
495,38	353,88
495,59	347,21
495,80	347,99
496,01	352,94
496,22	355,41
496,43	346,51
496,64	348,78
496,84	345,52
497,05	349,01
497,26	343,17
497,47	336,31
497,68	328,65
497,89	320,30
498,10	318,42
498,31	315,60
498,52	309,69
498,72	304,94
498,93	295,92
499,14	293,11
499,35	283,22
499,56	278,58
499,77	274,44
499,98	270,95
500,19	258,30
500,40	263,23
500,60	268,51
500,81	257,02
501,02	261,08
501,23	266,56
501,44	269,56
501,65	268,88
501,86	271,48
502,06	266,06
502,27	276,38
502,48	270,56
502,69	269,49
502,90	290,82
503,11	283,81
503,32	277,35
503,53	278,33
503,73	274,43
503,94	267,12
504,15	253,53
504,36	258,30
504,57	256,22
504,78	258,82
504,98	249,72
505,19	245,15
505,40	244,82
505,61	229,27
505,82	228,71
506,03	225,24
506,23	220,24
506,44	218,29
506,65	218,00
506,86	221,22
507,07	214,60
507,28	209,27
507,48	205,43
507,69	205,59
507,90	215,60
508,11	215,79
508,32	212,31
508,53	215,44
508,73	216,92
508,94	220,55
509,15	219,71
509,36	224,02
509,57	230,48
509,77	233,30
509,98	236,52
510,19	234,82
510,40	230,04
510,61	227,93
510,81	223,50
511,02	230,54
511,23	228,83
511,44	231,61
511,65	226,03
511,85	226,60
512,06	222,76
512,27	217,89
512,48	218,45
512,69	216,01
512,89	226,55
513,10	221,76
513,31	219,10
513,52	220,92
513,73	218,05
513,93	217,89
514,14	213,03
514,35	211,42
514,56	210,54
514,76	206,82
514,97	198,77
515,18	198,09
515,39	192,91
515,60	189,54
515,80	197,65
516,01	183,01
516,22	182,65
516,43	182,07
516,63	177,06
516,84	180,44
517,05	191,43
517,26	195,92
517,46	193,81
517,67	202,50
517,88	199,36
518,09	209,36
518,29	204,12
518,50	201,14
518,71	204,32
518,92	199,83
519,12	193,62
519,33	192,34
519,54	187,97
519,75	178,00
519,95	173,99
520,16	171,37
520,37	165,30
520,57	163,49
520,78	158,07
520,99	152,15
521,20	155,82
521,40	174,07
521,61	176,41
521,82	179,36
522,03	181,91
522,23	187,46
522,44	195,30
522,65	200,39
522,85	204,20
523,06	204,35
523,27	203,62
523,48	205,71
523,68	214,10
523,89	208,39
524,10	200,23
524,30	199,03
524,51	203,32
524,72	201,71
524,93	195,20
525,13	182,51
525,34	175,56
525,55	180,31
525,75	180,27
525,96	174,59
526,17	170,72
526,37	169,88
526,58	169,05
526,79	165,02
526,99	165,15
527,20	168,57
527,41	170,33
527,62	173,71
527,82	178,42
528,03	176,77
528,24	176,25
528,44	173,79
528,65	168,96
528,86	173,46
529,06	163,78
529,27	161,50
529,48	162,12
529,68	157,64
529,89	151,79
530,10	149,56
530,30	146,63
530,51	151,22
530,72	150,80
530,92	147,45
531,13	155,61
531,34	168,64
531,54	163,34
531,75	171,29
531,96	174,90
532,16	178,47
532,37	185,53
532,57	190,15
532,78	187,08
532,99	187,77
533,19	180,66
533,40	172,82
533,61	172,26
533,81	162,21
534,02	165,60
534,23	170,57
534,43	175,85
534,64	181,57
534,84	178,91
535,05	179,24
535,26	180,45
535,46	184,57
535,67	187,94
535,88	186,34
536,08	196,34
536,29	201,95
536,49	198,51
536,70	191,41
536,91	184,18
537,11	181,05
537,32	176,78
537,53	171,28
537,73	165,48
537,94	156,58
538,14	157,48
538,35	156,43
538,56	151,09
538,76	143,64
538,97	142,15
539,17	148,40
539,38	187,86
539,59	186,28
539,79	176,01
540,00	175,74
540,20	182,52
540,41	176,95
540,62	179,00
540,82	173,17
541,03	168,34
541,23	187,25
541,44	188,57
541,64	185,51
541,85	192,70
542,06	158,75
542,26	160,51
542,47	168,09
542,67	169,33
542,88	163,58
543,08	166,19
543,29	168,54
543,50	173,65
543,70	169,68
543,91	159,82
544,11	160,93
544,32	158,17
544,52	156,10
544,73	146,93
544,94	146,06
545,14	146,77
545,35	142,32
545,55	147,89
545,76	145,97
545,96	143,45
546,17	140,21
546,37	140,23
546,58	138,86
546,78	143,08
546,99	145,12
547,20	140,87
547,40	141,28
547,61	142,15
547,81	145,44
548,02	151,11
548,22	145,24
548,43	153,77
548,63	156,98
548,84	158,12
549,04	159,40
549,25	166,51
549,45	164,14
549,66	160,58
549,86	157,60
550,07	165,82
550,27	169,46
550,48	161,59
550,69	156,86
550,89	159,03
551,10	160,68
551,30	156,23
551,51	152,86
551,71	152,87
551,92	147,53
552,12	146,76
552,33	146,85
552,53	150,76
552,74	149,79
552,94	145,70
553,15	151,82
553,35	153,51
553,56	157,00
553,76	153,93
553,97	152,33
554,17	156,99
554,38	162,88
554,58	163,33
554,79	163,59
554,99	167,87
555,19	170,67
555,40	164,79
555,60	166,55
555,81	163,02
556,01	152,10
556,22	148,16
556,42	151,05
556,63	154,20
556,83	153,54
557,04	156,42
557,24	157,19
557,45	160,11
557,65	151,58
557,86	142,68
558,06	144,90
558,27	148,40
558,47	148,06
558,67	163,97
558,88	155,60
559,08	155,26
559,29	163,48
559,49	163,72
559,70	157,63
559,90	161,08
560,11	155,17
560,31	161,43
560,52	157,71
560,72	157,66
560,92	152,55
561,13	153,56
561,33	149,17
561,54	154,40
561,74	158,61
561,95	147,80
562,15	145,59
562,35	145,88
562,56	145,81
562,76	149,08
562,97	141,66
563,17	151,11
563,38	155,45
563,58	157,22
563,78	160,16
563,99	157,45
564,19	161,99
564,40	155,80
564,60	155,73
564,80	161,05
565,01	155,17
565,21	154,79
565,42	150,15
565,62	160,99
565,83	159,67
566,03	161,94
566,23	152,06
566,44	147,87
566,64	151,73
566,85	149,16
567,05	152,44
567,25	152,02
567,46	149,03
567,66	153,45
567,86	148,63
568,07	152,38
568,27	144,89
568,48	146,64
568,68	143,16
568,88	153,07
569,09	157,47
569,29	156,28
569,50	157,59
569,70	148,77
569,90	147,78
570,11	148,09
570,31	141,15
570,51	141,94
570,72	135,53
570,92	138,83
571,13	136,40
571,33	138,70
571,53	136,69
571,74	133,43
571,94	132,33
572,14	136,08
572,35	143,48
572,55	144,06
572,75	137,87
572,96	146,46
573,16	148,49
573,36	149,70
573,57	145,99
573,77	148,62
573,97	148,27
574,18	144,93
574,38	139,12
574,59	133,42
574,79	130,81
574,99	119,06
575,20	119,55
575,40	122,06
575,60	119,36
575,81	110,40
576,01	119,20
576,21	134,33
576,42	131,54
576,62	122,37
576,82	123,46
577,02	124,55
577,23	126,02
577,43	115,69
577,63	129,44
577,84	133,64
578,04	141,92
578,24	140,42
578,45	140,50
578,65	138,85
578,85	127,78
579,06	128,18
579,26	131,89
579,46	129,99
579,67	136,80
579,87	138,50
580,07	143,81
580,27	137,83
580,48	129,90
580,68	123,68
580,88	129,70
581,09	131,36
581,29	123,75
581,49	122,66
581,69	110,40
581,90	110,92
582,10	115,98
582,30	106,30
582,51	108,76
582,71	102,17
582,91	100,60
583,11	99,44
583,32	93,01
583,52	91,99
583,72	96,74
583,93	99,32
584,13	92,13
584,33	109,64
584,53	114,83
584,74	112,61
584,94	111,09
585,14	102,13
585,34	111,26
585,55	109,70
585,75	108,94
585,95	115,23
586,15	111,81
586,36	106,07
586,56	104,46
586,76	111,65
586,96	100,46
587,17	93,82
587,37	88,83
587,57	95,78
587,77	101,55
587,98	97,73
588,18	97,73
588,38	95,52
588,58	90,46
588,79	90,06
588,99	90,73
589,19	86,33
589,39	86,54
589,60	83,09
589,80	69,81
590,00	74,49
590,20	70,30
590,40	67,18
590,61	62,80
590,81	53,53
591,01	62,26
591,21	68,56
591,42	63,00
591,62	65,56
591,82	75,88
592,02	72,29
592,22	72,46
592,43	83,00
592,63	87,38
592,83	92,04
593,03	86,12
593,23	91,82
593,44	106,30
593,64	102,40
593,84	102,48
594,04	97,58
594,24	94,65
594,45	81,30
594,65	75,39
594,85	86,26
595,05	85,93
595,25	77,12
595,46	73,60
595,66	81,43
595,86	74,87
596,06	64,61
596,26	61,15
596,46	58,52
596,67	67,87
596,87	68,41
597,07	64,53
597,27	69,65
597,47	64,41
597,67	59,02
597,88	57,33
598,08	53,51
598,28	46,18
598,48	47,79
598,68	50,23
598,88	55,18
599,09	50,66
599,29	46,03
599,49	45,27
599,69	50,41
599,89	52,42
600,09	50,56
600,30	58,07
600,50	68,09
600,70	77,55
600,90	78,74
601,10	74,26
601,30	78,44
601,50	76,10
601,71	77,31
601,91	81,03
602,11	84,36
602,31	85,28
602,51	85,16
602,71	79,52
602,91	77,39
603,11	66,18
603,32	58,65
603,52	65,67
603,72	77,43
603,92	71,20
604,12	80,62
604,32	81,13
604,52	81,28
604,72	76,25
604,93	72,71
605,13	70,68
605,33	78,59
605,53	78,59
605,73	73,63
605,93	67,65
606,13	65,51
606,33	61,76
606,53	60,93
606,74	53,06
606,94	50,65
607,14	43,49
607,34	42,66
607,54	48,90
607,74	44,76
607,94	44,05
608,14	45,85
608,34	48,04
608,54	55,93
608,74	50,79
608,95	45,90
609,15	46,66
609,35	45,28
609,55	44,04
609,75	41,76
609,95	41,85
610,15	40,73
610,35	47,33
610,55	44,59
610,75	41,11
610,95	54,27
611,15	48,89
611,35	51,09
611,55	55,55
611,76	55,03
611,96	61,69
612,16	65,65
612,36	76,53
612,56	84,83
612,76	77,96
612,96	78,36
613,16	79,47
613,36	85,17
613,56	81,08
613,76	78,06
613,96	81,62
614,16	86,17
614,36	84,58
614,56	73,73
614,76	73,82
614,96	74,80
615,16	64,30
615,36	65,63
615,56	67,59
615,76	68,80
615,97	57,88
616,17	51,85
616,37	57,00
616,57	52,92
616,77	47,32
616,97	52,98
617,17	54,92
617,37	58,91
617,57	52,53
617,77	58,68
617,97	56,50
618,17	52,49
618,37	49,99
618,57	53,45
618,77	58,01
618,97	61,50
619,17	66,12
619,37	65,06
619,57	60,24
619,77	61,73
619,97	56,20
620,17	63,39
620,37	64,91
620,57	79,81
620,77	82,48
620,97	78,95
621,17	80,47
621,37	75,65
621,57	73,39
621,77	70,82
621,97	72,18
622,17	80,78
622,37	79,94
622,57	69,51
622,77	62,33
622,97	55,41
623,17	39,19
623,37	36,99
623,57	40,54
623,77	43,06
623,97	45,58
624,16	47,30
624,36	49,24
624,56	45,27
624,76	40,35
624,96	44,42
625,16	51,84
625,36	57,42
625,56	63,37
625,76	65,11
625,96	60,88
626,16	61,20
626,36	55,88
626,56	53,02
626,76	51,35
626,96	53,38
627,16	46,51
627,36	44,60
627,56	35,58
627,76	42,05
627,96	44,91
628,16	41,92
628,35	48,93
628,55	54,53
628,75	47,71
628,95	48,57
629,15	50,09
629,35	55,42
629,55	53,94
629,75	61,15
629,95	55,91
630,15	59,11
630,35	53,96
630,55	44,18
630,75	47,12
630,95	48,12
631,14	45,61
631,34	45,10
631,54	43,76
631,74	43,16
631,94	42,22
632,14	33,13
632,34	31,96
632,54	31,89
632,74	32,73
632,94	31,98
633,14	36,87
633,33	26,26
633,53	25,91
633,73	22,23
633,93	24,68
634,13	31,29
634,33	34,07
634,53	23,18
634,73	18,96
634,93	22,89
635,12	29,77
635,32	32,14
635,52	30,37
635,72	34,78
635,92	48,98
636,12	49,67
636,32	44,35
636,52	51,37
636,71	40,38
636,91	31,54
637,11	33,65
637,31	53,87
637,51	50,03
637,71	48,36
637,91	48,28
638,11	51,72
638,30	43,76
638,50	39,09
638,70	37,32
638,90	42,21
639,10	32,93
639,30	39,75
639,50	43,87
639,69	50,09
639,89	42,60
640,09	54,12
640,29	56,81
640,49	60,00
640,69	61,59
640,88	55,11
641,08	50,55
641,28	52,97
641,48	59,52
641,68	66,43
641,88	57,82
642,07	60,68
642,27	62,42
642,47	58,88
642,67	43,65
642,87	42,29
643,07	36,99
643,26	33,73
643,46	41,32
643,66	46,03
643,86	42,07
644,06	33,93
644,26	25,32
644,45	31,56
644,65	34,17
644,85	24,86
645,05	26,81
645,25	36,12
645,44	41,81
645,64	41,32
645,84	38,79
646,04	43,00
646,24	39,97
646,43	39,04
646,63	35,75
646,83	38,45
647,03	40,37
647,23	33,55
647,42	26,96
647,62	19,88
647,82	13,27
648,02	7,51
648,22	13,59
648,41	10,24
648,61	9,64
648,81	6,19
649,01	5,09
649,20	8,22
649,40	10,32
649,60	13,14
649,80	12,21
650,00	29,49
650,19	34,70
650,39	34,02
650,59	30,31
650,79	26,32
650,98	36,23
651,18	30,61
651,38	35,26
651,58	34,50
651,77	38,11
651,97	34,49
652,17	28,83
652,37	37,34
652,56	34,23
652,76	34,08
652,96	36,36
653,16	38,97
653,35	36,04
653,55	29,13
653,75	29,97
653,95	25,75
654,14	27,35
654,34	21,80
654,54	28,39
654,74	28,05
654,93	21,65
655,13	19,56
655,33	17,71
655,52	15,68
655,72	20,97
655,92	16,74
656,12	14,12
656,31	16,56
656,51	26,64
656,71	22,43
656,91	29,18
657,10	26,72
657,30	27,05
657,50	29,16
657,69	22,74
657,89	17,86
658,09	29,78
658,29	19,10
658,48	19,44
658,68	33,94
658,88	33,94
659,07	20,73
659,27	26,29
659,47	23,23
659,66	19,79
659,86	23,10
660,06	23,18
660,26	26,73
660,45	32,78
660,65	20,60
660,85	27,86
661,04	30,90
661,24	29,10
661,44	24,05
661,63	30,22
661,83	29,04
662,03	28,71
662,22	27,76
662,42	24,80
662,62	26,14
662,81	32,73
663,01	27,59
663,21	30,71
663,40	33,70
663,60	42,78
663,80	28,30
663,99	31,35
664,19	39,74
664,39	36,56
664,58	37,75
664,78	36,64
664,98	41,10
665,17	50,48
665,37	43,14
665,57	49,22
665,76	46,61
665,96	37,21
666,16	24,42
666,35	33,45
666,55	37,73
666,74	30,49
666,94	33,42
667,14	31,64
667,33	36,96
667,53	36,38
667,73	28,52
667,92	25,65
668,12	25,29
668,32	25,38
668,51	25,29
668,71	31,03
668,90	32,28
669,10	27,39
669,30	22,43
669,49	20,06
669,69	21,32
669,89	21,49
670,08	21,16
670,28	18,30
670,47	26,01
670,67	23,57
670,87	30,57
671,06	36,24
671,26	32,35
671,45	24,78
671,65	24,48
671,85	24,47
672,04	26,08
672,24	21,54
672,43	18,25
672,63	12,43
672,83	14,83
673,02	13,27
673,22	9,39
673,41	-0,32
673,61	0,25
673,81	3,35
674,00	0,73
674,20	0,30
674,39	3,34
674,59	8,13
674,78	7,44
674,98	11,50
675,18	14,54
675,37	11,87
675,57	17,13
675,76	10,62
675,96	13,33
676,15	10,04
676,35	9,63
676,55	11,41
676,74	10,31
676,94	12,59
677,13	8,47
677,33	14,64
677,52	11,35
677,72	13,10
677,91	11,08
678,11	-1,76
678,31	12,15
678,50	11,22
678,70	12,59
678,89	78,31
679,09	83,68
679,28	85,95
679,48	84,27
679,67	78,53
679,87	78,93
680,06	78,77
680,26	73,30
680,46	74,65
680,65	84,16
680,85	83,34
681,04	85,62
681,24	84,18
681,43	15,76
681,63	16,20
681,82	15,20
682,02	12,49
682,21	17,65
682,41	14,21
682,60	20,96
682,80	33,54
682,99	42,47
683,19	35,92
683,38	36,77
683,58	36,94
683,77	40,63
683,97	45,76
684,16	40,11
684,36	37,83
684,55	38,00
684,75	39,76
684,94	42,98
685,14	35,45
685,33	29,68
685,53	31,01
685,72	27,88
685,92	22,65
686,11	25,75
686,31	20,88
686,50	12,53
686,70	18,20
686,89	17,78
687,09	18,53
687,28	16,85
687,48	16,43
687,67	27,44
687,87	23,59
688,06	16,29
688,26	16,63
688,45	13,69
688,65	13,27
688,84	12,34
689,03	22,74
689,23	19,27
689,42	29,66
689,62	26,70
689,81	34,39
690,01	39,25
690,20	36,15
690,40	37,76
690,59	29,81
690,79	40,32
690,98	42,08
691,17	37,11
691,37	35,34
691,56	31,01
691,76	26,31
691,95	23,44
692,15	28,60
692,34	24,78
692,54	18,05
692,73	10,56
692,92	5,49
693,12	6,01
693,31	-0,20
693,51	-4,51
693,70	1,08
693,90	9,99
694,09	19,32
694,28	26,64
694,48	26,56
694,67	27,22
694,87	29,18
695,06	34,42
695,26	34,59
695,45	36,29
695,64	40,75
695,84	34,58
696,03	46,67
696,23	41,94
696,42	36,74
696,61	27,59
696,81	23,78
697,00	19,54
697,20	21,65
697,39	17,44
697,58	17,77
697,78	21,39
697,97	19,71
698,17	20,47
698,36	25,80
698,55	32,30
698,75	30,20
698,94	30,36
699,14	30,79
699,33	37,36
699,52	44,60
699,72	37,43
699,91	38,10
700,10	34,38
700,30	28,60
700,49	29,35
700,69	35,11
700,88	34,43
701,07	24,28
701,27	25,20
701,46	30,36
701,65	33,03
701,85	38,09
702,04	25,80
702,23	26,98
702,43	27,31
702,62	18,57
702,82	26,05
703,01	25,29
703,20	19,61
703,40	26,81
703,59	15,65
703,78	22,65
703,98	13,63
704,17	12,62
704,36	6,04
704,56	9,93
704,75	13,21
704,94	16,65
705,14	22,02
705,33	19,49
705,52	22,69
705,72	28,15
705,91	12,42
706,10	25,61
706,30	24,40
706,49	21,72
706,68	21,58
706,88	18,21
707,07	22,30
707,26	23,99
707,46	20,97
707,65	28,75
707,84	28,90
708,04	32,68
708,23	19,80
708,42	28,58
708,62	21,58
708,81	21,34
709,00	27,46
709,19	28,12
709,39	24,93
709,58	26,10
709,77	24,77
709,97	29,32
710,16	19,02
710,35	27,99
710,55	27,09
710,74	33,68
710,93	29,89
711,12	43,58
711,32	44,02
711,51	46,13
711,70	43,18
711,90	45,87
712,09	43,55
712,28	33,24
712,47	30,53
712,67	35,41
712,86	32,37
713,05	33,20
713,24	39,17
713,44	50,93
713,63	44,92
713,82	40,87
714,02	40,75
714,21	42,27
714,40	51,63
714,59	55,02
714,79	58,35
714,98	64,15
715,17	62,04
715,36	63,14
715,56	63,22
715,75	68,08
715,94	53,52
716,13	47,18
716,33	53,12
716,52	55,75
716,71	49,09
716,90	37,61
717,10	34,38
717,29	39,83
717,48	35,15
717,67	36,59
717,87	25,37
718,06	25,87
718,25	15,80
718,44	25,53
718,63	27,97
718,83	25,72
719,02	22,04
719,21	23,90
719,40	29,97
719,60	28,04
719,79	33,46
719,98	26,87
720,17	32,74
720,36	30,47
720,56	30,32
720,75	27,78
720,94	29,61
721,13	28,77
721,33	22,79
721,52	21,10
721,71	19,27
721,90	22,14
722,09	20,28
722,29	17,16
722,48	18,17
722,67	18,35
722,86	26,70
723,05	22,31
723,24	23,91
723,44	25,52
723,63	25,35
723,82	27,47
724,01	28,98
724,20	45,91
724,40	39,51
724,59	42,30
724,78	41,42
724,97	49,57
725,16	42,17
725,35	38,20
725,55	44,68
725,74	53,67
725,93	53,79
726,12	49,14
726,31	55,35
726,51	60,31
726,70	44,78
726,89	47,91
727,08	50,69
727,27	52,81
727,46	47,69
727,65	51,33
727,85	56,95
728,04	52,56
728,23	43,06
728,42	42,37
728,61	45,00
728,80	44,38
729,00	32,26
729,19	33,79
729,38	36,71
729,57	32,32
729,76	31,08
729,95	31,41
730,14	39,81
730,33	30,59
730,53	28,49
730,72	33,38
730,91	30,58
731,10	35,46
731,29	36,60
731,48	40,48
731,67	43,33
731,86	43,46
732,06	40,26
732,25	42,26
732,44	43,76
732,63	39,30
732,82	48,04
733,01	49,38
733,20	49,11
733,39	56,39
733,59	55,13
733,78	52,68
733,97	59,08
734,16	64,39
734,35	56,01
734,54	62,83
734,73	53,17
734,92	55,91
735,11	52,81
735,30	49,27
735,49	51,03
735,69	42,40
735,88	29,91
736,07	26,96
736,26	19,31
736,45	19,94
736,64	13,30
736,83	19,36
737,02	19,85
737,21	30,63
737,40	17,45
737,59	12,74
737,78	14,16
737,98	9,96
738,17	20,72
738,36	29,23
738,55	31,58
738,74	39,55
738,93	37,66
739,12	36,48
739,31	36,87
739,50	33,67
739,69	35,08
739,88	41,32
740,07	43,00
740,26	37,30
740,45	38,48
740,64	29,55
740,83	25,64
741,02	24,39
741,22	23,80
741,41	18,84
741,60	22,67
741,79	21,59
741,98	14,71
742,17	7,80
742,36	13,65
742,55	20,51
742,74	26,30
742,93	24,20
743,12	21,96
743,31	22,14
743,50	19,36
743,69	16,01
743,88	16,85
744,07	13,86
744,26	10,43
744,45	5,47
744,64	13,45
744,83	11,44
745,02	4,08
745,21	8,28
745,40	7,78
745,59	11,78
745,78	3,46
745,97	10,11
746,16	18,98
746,35	15,22
746,54	12,19
746,73	11,35
746,92	22,94
747,11	11,61
747,30	6,25
747,49	13,15
747,68	10,12
747,87	9,45
748,06	12,74
748,25	17,11
748,44	13,74
748,63	7,54
748,82	8,01
749,01	9,03
749,20	8,02
749,39	-0,25
749,58	-4,30
749,77	2,69
749,96	-8,98
750,15	-14,76
750,34	-6,17
750,53	-9,88
750,72	-3,35
750,91	-8,28
751,10	-8,19
751,29	-7,68
751,48	-6,75
751,67	-5,91
751,86	0,36
752,04	2,88
752,23	-3,18
752,42	-0,77
752,61	1,15
752,80	-5,25
752,99	-2,58
753,18	-5,32
753,37	-3,42
753,56	-18,22
753,75	-14,01
753,94	-17,78
754,13	-16,94
754,32	-15,77
754,51	-8,96
754,70	-7,96
754,89	-10,40
755,08	-7,20
755,27	-7,20
755,45	-4,66
755,64	-14,85
755,83	-12,91
756,02	2,63
756,21	7,74
756,40	17,08
756,59	17,92
756,78	14,47
756,97	9,52
757,16	10,03
757,35	16,61
757,54	17,11
757,72	8,18
757,91	8,04
758,10	12,00
758,29	12,42
758,48	2,73
758,67	-0,77
758,86	-5,15
759,05	-8,78
759,24	-4,90
759,43	1,10
759,61	-6,77
759,80	-2,57
759,99	-1,81
760,18	1,88
760,37	-8,94
760,56	-5,73
760,75	-2,35
760,94	2,88
761,13	-4,56
761,31	1,67
761,50	0,41
761,69	-5,43
761,88	-18,45
762,07	-12,02
762,26	-21,02
762,45	-24,39
762,64	-24,23
762,82	-12,48
763,01	-10,21
763,20	-14,77
763,39	-17,64
763,58	-14,32
763,77	-21,23
763,96	-17,36
764,14	-17,27
764,33	-7,30
764,52	-8,06
764,71	-7,48
764,90	-9,92
765,09	-3,25
765,27	-6,38
765,46	-3,92
765,65	-9,32
765,84	-5,53
766,03	-2,42
766,22	-7,74
766,41	-8,58
766,59	-5,94
766,78	-2,59
766,97	-7,39
767,16	-8,74
767,35	-7,56
767,54	-9,08
767,72	-15,14
767,91	-23,92
768,10	-18,01
768,29	-13,82
768,48	-13,48
768,66	-12,63
768,85	-11,29
769,04	-10,03
769,23	-13,21
769,42	-13,05
769,61	-13,19
769,79	-17,80
769,98	-20,83
770,17	-21,42
770,36	-16,28
770,55	-19,12
770,73	-24,99
770,92	-25,33
771,11	-23,63
771,30	-26,24
771,49	-28,00
771,67	-23,95
771,86	-22,26
772,05	-20,67
772,24	-17,33
772,42	-10,84
772,61	-5,45
772,80	-13,16
772,99	-13,44
773,18	-13,69
773,36	-9,58
773,55	-10,91
773,74	-14,12
773,93	-9,57
774,11	-17,07
774,30	-16,46
774,49	-10,67
774,68	-13,70
774,87	-16,56
775,05	-22,50
775,24	-16,39
775,43	-15,88
775,62	-11,27
775,80	-17,24
775,99	-19,54
776,18	-20,38
776,37	-22,16
776,55	-20,89
776,74	-16,70
776,93	-14,07
777,12	-8,18
777,30	-9,19
777,49	-6,96
777,68	-11,50
777,87	-2,94
778,05	-8,56
778,24	-15,13
778,43	-13,11
778,62	-5,20
778,80	-8,72
778,99	-13,10
779,18	-21,03
779,36	-27,36
779,55	-30,38
779,74	-30,72
779,93	-29,37
780,11	-19,13
780,30	-27,59
780,49	-24,56
780,68	-17,15
780,86	-18,71
781,05	-22,48
781,24	-17,19
781,42	-11,55
781,61	-3,95
781,80	-5,54
781,98	-6,81
782,17	-10,11
782,36	-5,57
782,55	-5,91
782,73	-7,27
782,92	-8,45
783,11	-5,27
783,29	7,15
783,48	7,56
783,67	-1,46
783,85	-1,29
784,04	-2,30
784,23	0,81
784,42	3,59
784,60	8,73
784,79	-1,50
784,98	-11,00
785,16	-9,49
785,35	-3,70
785,54	-8,24
785,72	-16,64
785,91	-17,57
786,10	-9,41
786,28	1,43
786,47	2,95
786,66	-1,27
786,84	-0,93
787,03	-0,09
787,22	6,96
787,40	8,40
787,59	12,70
787,78	5,06
787,96	3,54
788,15	3,88
788,34	8,25
788,52	5,65
788,71	-10,42
788,89	-15,82
789,08	-11,19
789,27	-5,98
789,45	-3,44
789,64	-5,30
789,83	0,51
790,01	2,95
790,20	2,35
790,39	6,06
790,57	7,08
790,76	5,73
790,95	10,87
791,13	12,90
791,32	18,98
791,50	16,96
791,69	9,47
791,88	5,50
792,06	14,25
792,25	9,87
792,43	0,43
792,62	5,16
792,81	1,80
792,99	5,32
793,18	4,65
793,37	-9,52
793,55	-14,39
793,74	-19,95
793,92	-24,51
794,11	-24,42
794,30	-15,00
794,48	-21,39
794,67	-32,34
794,85	-28,45
795,04	-30,64
795,23	-29,97
795,41	-35,36
795,60	-27,60
795,78	-19,58
795,97	-10,99
796,15	-12,43
796,34	-9,82
796,53	-7,54
796,71	-12,93
796,90	-12,76
797,08	2,41
797,27	5,85
797,46	3,32
797,64	4,83
797,83	14,04
798,01	7,80
798,20	12,92
798,38	9,37
798,57	17,91
798,76	21,54
798,94	28,59
799,13	24,90
799,31	24,82
799,50	28,30
799,68	28,89
799,87	30,07
800,05	36,31
800,24	28,20
800,43	28,12
800,61	23,41
800,80	27,04
800,98	20,37
801,17	21,46
801,35	13,15
801,54	14,16
801,72	14,41
801,91	2,68
802,09	-4,07
802,28	-2,97
802,46	-6,61
802,65	-6,69
802,84	-8,71
803,02	-8,04
803,21	-5,43
803,39	-5,75
803,58	-14,61
803,76	-15,63
803,95	-17,74
804,13	-18,99
804,32	-13,37
804,50	-16,83
804,69	-15,73
804,87	-13,62
805,06	-16,50
805,24	-11,09
805,43	-15,46
805,61	-12,51
805,80	-7,98
805,98	-0,13
806,17	1,40
806,35	3,75
806,54	10,16
806,72	9,40
806,91	22,55
807,09	26,33
807,28	17,66
807,46	26,10
807,65	19,60
807,83	31,60
808,02	22,17
808,20	19,55
808,39	18,86
808,57	18,35
808,76	7,37
808,94	-2,84
809,13	-6,53
809,31	-15,02
809,49	-17,44
809,68	-13,64
809,86	-18,20
810,05	-11,05
810,23	-11,75
810,42	-7,52
810,60	-2,29
810,79	-0,10
810,97	-5,00
811,16	6,00
811,34	6,27
811,53	10,30
811,71	14,16
811,89	15,77
812,08	19,90
812,26	27,81
812,45	25,73
812,63	18,62
812,82	15,84
813,00	14,32
813,19	8,58
813,37	17,45
813,55	12,98
813,74	21,81
813,92	18,68
814,11	18,26
814,29	15,71
814,48	4,75
814,66	4,35
814,84	-5,30
815,03	-1,83
815,21	0,60
815,40	-6,75
815,58	-9,03
815,77	-8,11
815,95	-5,50
816,13	-12,66
816,32	-9,28
816,50	-0,41
816,69	-0,67
816,87	8,37
817,05	-1,01
817,24	8,02
817,42	2,36
817,61	2,80
817,79	8,38
817,97	18,59
818,16	24,56
818,34	29,73
818,53	28,71
818,71	33,09
818,89	16,93
819,08	12,96
819,26	9,32
819,45	15,06
819,63	10,35
819,81	8,81
820,00	8,56
820,18	11,00
820,36	1,50
820,55	-8,27
820,73	-11,83
820,92	-3,97
821,10	-8,94
821,28	-3,85
821,47	-4,10
821,65	1,97
821,83	-0,39
822,02	9,60
822,20	11,88
822,39	17,41
822,57	18,84
822,75	22,28
822,94	21,60
823,12	20,59
823,30	18,13
823,49	15,59
823,67	20,33
823,85	28,53
824,04	22,13
824,22	27,88
824,40	27,97
824,59	34,56
824,77	20,71
824,95	18,69
825,14	20,05
825,32	22,91
825,50	17,77
825,69	19,73
825,87	30,32
826,05	34,69
826,24	27,19
826,42	28,95
826,60	23,46
826,79	17,35
826,97	16,26
827,15	20,86
827,34	20,10
827,52	21,95
827,70	21,11
827,89	19,39
828,07	18,98
828,25	10,59
828,44	4,44
828,62	5,45
828,80	2,23
828,98	-0,56
829,17	-2,51
829,35	-8,83
829,53	-5,96
829,72	-5,03
829,90	-3,94
830,08	-3,17
830,27	2,25
830,45	-1,90
830,63	3,33
830,81	0,03
831,00	0,37
831,18	2,16
831,36	7,05
831,55	3,07
831,73	7,04
831,91	15,54
832,09	17,30
832,28	10,13
832,46	0,48
832,64	5,02
832,82	5,36
833,01	6,21
833,19	3,00
833,37	11,36
833,55	9,25
833,74	9,77
833,92	12,57
834,10	13,32
834,29	7,18
834,47	-4,46
834,65	-1,84
834,83	3,93
835,02	7,66
835,20	7,57
835,38	-5,11
835,56	-1,81
835,75	-10,91
835,93	-5,43
836,11	-5,53
836,29	-9,81
836,47	-2,32
836,66	-4,59
836,84	2,00
837,02	0,14
837,20	1,07
837,39	-10,17
837,57	-11,36
837,75	-0,97
837,93	3,91
838,12	5,25
838,30	1,61
838,48	-8,75
838,66	0,92
838,84	-8,93
839,03	-13,50
839,21	-3,46
839,39	0,33
839,57	7,37
839,75	12,61
839,94	14,73
840,12	11,61
840,30	7,23
840,48	2,58
840,66	0,91
840,85	13,09
841,03	-0,25
841,21	2,54
841,39	6,93
841,57	-3,27
841,76	-7,83
841,94	-18,59
842,12	-12,55
842,30	-9,70
842,48	-8,60
842,67	-5,81
842,85	-5,12
843,03	4,38
843,21	-0,14
843,39	7,65
843,57	6,13
843,76	15,39
843,94	13,85
844,12	20,37
844,30	29,57
844,48	19,65
844,66	11,13
844,85	9,01
845,03	14,82
845,21	28,63
845,39	14,36
845,57	13,26
845,75	12,84
845,94	10,14
846,12	-0,39
846,30	1,73
846,48	7,87
846,66	5,19
846,84	15,60
847,02	25,42
847,21	25,76
847,39	23,66
847,57	8,74
847,75	12,30
847,93	11,88
848,11	20,41
848,29	16,76
848,48	13,71
848,66	15,90
848,84	7,81
849,02	8,57
849,20	-3,38
849,38	0,13
849,56	7,06
849,74	2,75
849,93	4,86
850,11	11,19
850,29	8,49
850,47	1,31
850,65	8,51
850,83	12,41
851,01	11,65
851,19	4,47
851,37	-2,56
851,56	0,67
851,74	-7,59
851,92	-10,96
852,10	-10,28
852,28	-7,06
852,46	-7,39
852,64	-0,62
852,82	-1,89
853,00	-4,85
853,18	1,13
853,37	-1,91
853,55	-3,59
853,73	6,13
853,91	5,54
854,09	3,59
854,27	-4,63
854,45	-7,58
854,63	-6,32
854,81	-10,12
854,99	-21,21
855,17	-14,11
855,35	-6,55
855,53	-10,92
855,72	-10,16
855,90	2,34
856,08	-1,04
856,26	1,67
856,44	4,55
856,62	15,26
856,80	17,96
856,98	14,49
857,16	17,96
857,34	20,62
857,52	12,18
857,70	3,85
857,88	6,47
858,06	18,05
858,24	8,85
858,42	2,17
858,60	-5,11
858,78	-0,40
858,96	-6,87
859,15	-10,67
859,33	-6,95
859,51	-9,56
859,69	-0,99
859,87	-0,67
860,05	-0,33
860,23	-7,44
860,41	-14,19
860,59	-8,11
860,77	-4,22
860,95	4,40
861,13	7,02
861,31	6,60
861,49	6,34
861,67	9,12
861,85	10,72
862,03	0,50
862,21	2,53
862,39	-4,02
862,57	-1,40
862,75	-3,76
862,93	-8,51
863,11	-8,85
863,29	-13,48
863,47	-21,50
863,65	-17,94
863,83	-6,54
864,01	-9,84
864,19	-9,16
864,37	-4,00
864,55	-2,39
864,73	9,74
864,91	4,91
865,09	8,22
865,27	20,88
865,45	17,86
865,63	17,26
865,81	11,50
865,99	9,89
866,17	4,41
866,35	8,05
866,53	4,58
866,71	1,81
866,89	-7,30
867,07	-6,70
867,24	-8,22
867,42	-12,12
867,60	-19,02
867,78	-16,26
867,96	-8,46
868,14	-5,91
868,32	-6,33
868,50	-15,22
868,68	-21,07
868,86	-18,27
869,04	-16,51
869,22	-7,99
869,40	-14,26
869,58	-7,91
869,76	-2,09
869,94	-4,54
870,12	-0,21
870,30	-11,80
870,48	-5,36
870,66	-5,70
870,83	-5,35
871,01	-3,66
871,19	-5,26
871,37	-4,50
871,55	-6,12
871,73	-1,03
871,91	2,59
872,09	-10,35
872,27	-13,06
872,45	-6,07
872,63	-2,87
872,81	-9,23
872,98	-6,60
873,16	7,09
873,34	9,21
873,52	1,23
873,70	-1,40
873,88	1,98
874,06	-5,46
874,24	-1,12
874,42	8,11
874,60	14,88
874,78	4,92
874,95	0,58
875,13	5,40
875,31	4,55
875,49	-3,72
875,67	-10,34
875,85	-2,36
876,03	6,59
876,21	6,76
876,39	9,45
876,56	-2,32
876,74	-7,47
876,92	-10,76
877,10	-10,42
877,28	-12,37
877,46	-11,80
877,64	-11,63
877,82	-11,64
877,99	-9,42
878,17	-5,54
878,35	-9,49
878,53	-16,27
878,71	-9,32
878,89	3,70
879,07	8,50
879,24	0,69
879,42	-3,38
879,60	9,07
879,78	13,38
879,96	12,96
880,14	14,57
880,32	22,69
880,49	16,53
880,67	10,26
880,85	20,09
881,03	23,37
881,21	20,74
881,39	19,91
881,56	25,34
881,74	30,09
881,92	26,47
882,10	15,57
882,28	14,55
882,46	12,78
882,63	13,78
882,81	14,61
882,99	23,76
883,17	19,10
883,35	11,92
883,52	3,14
883,70	2,04
883,88	5,67
884,06	9,71
884,24	12,42
884,42	17,09
884,59	18,60
884,77	21,89
884,95	13,35
885,13	16,92
885,31	10,32
885,48	14,70
885,66	8,86
885,84	9,63
886,02	16,21
886,20	18,83
886,37	7,24
886,55	7,07
886,73	4,29
886,91	4,12
887,08	-0,86
887,26	1,09
887,44	-0,86
887,62	0,58
887,80	0,53
887,97	8,67
888,15	16,51
888,33	6,80
888,51	3,01
888,68	8,19
888,86	6,99
889,04	14,07
889,22	10,69
889,40	9,50
889,57	9,17
889,75	0,84
889,93	4,39
890,11	-2,99
890,28	-10,87
890,46	-14,14
890,64	-13,39
890,82	-17,29
890,99	-14,08
891,17	-6,97
891,35	-8,21
891,53	-6,60
891,70	1,36
891,88	6,51
892,06	15,93
892,24	12,88
892,41	22,01
892,59	35,16
892,77	36,53
892,94	36,54
893,12	45,93
893,30	50,04
893,48	40,99
893,65	38,10
893,83	41,92
894,01	36,68
894,19	31,35
894,36	26,68
894,54	28,46
894,72	29,97
894,89	17,39
895,07	12,56
895,25	16,62
895,43	13,91
895,60	5,90
895,78	0,29
895,96	5,51
896,13	4,15
896,31	8,91
896,49	10,27
896,66	24,03
896,84	34,75
897,02	30,47
897,20	34,80
897,37	35,31
897,55	27,97
897,73	21,97
897,90	22,39
898,08	32,65
898,26	28,78
898,43	29,64
898,61	33,29
898,79	30,84
898,96	24,61
899,14	16,79
899,32	15,85
899,49	17,78
899,67	20,47
899,85	17,64
900,02	22,56
900,20	21,97
900,38	25,85
900,55	20,09
900,73	12,27
900,91	10,03
901,08	16,79
901,26	14,52
901,44	9,85
901,61	9,58
901,79	13,05
901,97	7,56
902,14	21,07
902,32	18,86
902,50	30,13
902,67	24,31
902,85	24,90
903,02	31,60
903,20	26,20
903,38	25,62
903,55	29,27
903,73	29,95
903,91	31,98
904,08	25,47
904,26	29,29
904,44	21,24
904,61	21,49
904,79	11,57
904,96	8,61
905,14	16,14
905,32	16,56
905,49	17,32
905,67	12,91
905,84	8,58
906,02	8,07
906,20	3,17
906,37	2,24
906,55	4,61
906,73	7,82
906,90	6,21
907,08	8,08
907,25	14,56
907,43	8,55
907,61	8,41
907,78	7,13
907,96	10,84
908,13	15,64
908,31	18,27
908,48	19,38
908,66	23,52
908,84	20,13
909,01	20,64
909,19	27,51
909,36	33,48
909,54	29,46
909,72	29,54
909,89	26,73
910,07	27,83
910,24	27,26
910,42	15,48
910,59	10,73
910,77	11,66
910,95	14,35
911,12	18,09
911,30	22,51
911,47	20,62
911,65	13,97
911,82	14,48
912,00	17,20
912,17	25,92
912,35	36,14
912,53	41,01
912,70	50,02
912,88	57,23
913,05	53,50
913,23	52,78
913,40	55,08
913,58	53,11
913,75	43,25
913,93	45,03
914,10	42,23
914,28	35,37
914,46	28,26
914,63	15,32
914,81	1,30
914,98	-3,37
915,16	-5,40
915,33	-1,58
915,51	-9,23
915,68	-9,79
915,86	-13,77
916,03	-8,88
916,21	-11,94
916,38	-3,41
916,56	8,63
916,73	9,82
916,91	16,79
917,08	20,02
917,26	27,89
917,43	29,52
917,61	27,14
917,78	33,81
917,96	25,28
918,13	27,49
918,31	34,21
918,48	33,79
918,66	27,54
918,83	16,27
919,01	12,45
919,18	10,06
919,36	13,27
919,53	14,47
919,71	6,82
919,88	10,12
920,06	5,40
920,23	11,92
920,41	12,26
920,58	3,69
920,76	4,70
920,93	6,49
921,11	5,63
921,28	10,04
921,45	6,15
921,63	7,76
921,80	1,83
921,98	12,16
922,15	13,17
922,33	14,52
922,50	14,44
922,68	14,18
922,85	23,26
923,03	22,16
923,20	12,57
923,38	20,70
923,55	21,71
923,72	23,65
923,90	21,02
924,07	25,07
924,25	22,34
924,42	16,09
924,60	16,85
924,77	18,29
924,95	17,52
925,12	10,55
925,29	12,51
925,47	19,72
925,64	17,11
925,82	14,32
925,99	9,05
926,17	15,90
926,34	12,45
926,51	8,84
926,69	5,61
926,86	7,12
927,04	5,15
927,21	3,03
927,38	0,91
927,56	11,58
927,73	9,30
927,91	9,64
928,08	8,28
928,25	13,80
928,43	8,81
928,60	5,24
928,78	4,99
928,95	17,70
929,12	20,17
929,30	19,19
929,47	19,36
929,65	25,97
929,82	15,12
929,99	12,98
930,17	10,09
930,34	11,62
930,52	12,63
930,69	11,45
930,86	13,58
931,04	21,19
931,21	15,27
931,38	6,77
931,56	9,58
931,73	6,19
931,91	-0,25
932,08	-2,88
932,25	-1,94
932,43	1,88
932,60	1,12
932,77	-0,57
932,95	-4,49
933,12	1,86
933,29	-1,53
933,47	-9,43
933,64	-4,24
933,82	-4,61
933,99	0,13
934,16	2,08
934,34	3,01
934,51	5,73
934,68	3,20
934,86	2,52
935,03	0,99
935,20	5,67
935,38	2,61
935,55	-2,21
935,72	-2,88
935,90	-4,07
936,07	-7,02
936,24	-4,30
936,42	-8,46
936,59	-7,61
936,76	-1,51
936,94	3,74
937,11	11,31
937,28	13,69
937,46	14,86
937,63	8,67
937,80	6,80
937,97	12,07
938,15	10,80
938,32	13,51
938,49	15,29
938,67	28,42
938,84	30,79
939,01	26,48
939,19	24,28
939,36	21,35
939,53	20,67
939,70	21,46
939,88	26,99
940,05	29,20
940,22	35,56
940,40	35,05
940,57	28,26
940,74	24,78
940,92	16,49
941,09	17,61
941,26	18,97
941,43	16,60
941,61	16,37
941,78	18,66
941,95	10,76
942,12	10,00
942,30	10,25
942,47	4,81
942,64	4,13
942,82	7,02
942,99	6,51
943,16	9,23
943,33	3,11
943,51	1,82
943,68	5,11
943,85	0,01
944,02	-0,57
944,20	10,44
944,37	13,64
944,54	13,98
944,71	15,01
944,89	15,03
945,06	17,56
945,23	17,23
945,40	12,30
945,58	20,33
945,75	21,86
945,92	22,73
946,09	24,35
946,27	23,91
946,44	11,55
946,61	4,69
946,78	1,71
946,95	-1,17
947,13	3,89
947,30	-2,80
947,47	-4,42
947,64	0,83
947,82	-1,60
947,99	-8,04
948,16	-15,70
948,33	-11,56
948,50	-15,20
948,68	-15,63
948,85	-13,67
949,02	-4,61
949,19	-1,22
949,36	-1,29
949,54	0,40
949,71	4,37
949,88	9,37
950,05	8,78
950,22	13,71
950,40	18,72
950,57	18,99
950,74	19,74
950,91	29,42
951,08	34,92
951,26	34,83
951,43	28,53
951,60	25,90
951,77	25,91
951,94	29,38
952,11	18,89
952,29	13,95
952,46	5,47
952,63	6,48
952,80	3,10
952,97	5,48
953,15	7,16
953,32	-1,11
953,49	-8,97
953,66	-11,70
953,83	-10,77
954,00	-4,60
954,17	-14,51
954,35	-14,85
954,52	-11,28
954,69	-1,62
954,86	-4,93
955,03	-13,77
955,20	-13,18
955,38	-13,44
955,55	-8,03
955,72	-10,41
955,89	-0,80
956,06	3,29
956,23	0,51
956,40	-7,74
956,58	-10,27
956,75	-9,08
956,92	-14,42
957,09	-10,25
957,26	-0,66
957,43	-1,43
957,60	-1,32
957,77	-6,34
957,95	-1,33
958,12	0,36
958,29	-7,88
958,46	-9,58
958,63	1,05
958,80	0,63
958,97	6,66
959,14	2,68
959,31	1,22
959,49	-2,07
959,66	-3,09
959,83	-15,76
960,00	-8,72
960,17	-8,12
960,34	-11,51
960,51	-6,16
960,68	-1,08
960,85	10,16
961,02	22,38
961,20	15,75
961,37	17,81
961,54	23,40
961,71	22,29
961,88	31,39
962,05	40,22
962,22	30,40
962,39	28,37
962,56	30,92
962,73	26,77
962,90	22,87
963,07	14,52
963,24	8,06
963,42	8,56
963,59	16,42
963,76	6,33
963,93	13,13
964,10	9,45
964,27	3,45
964,44	3,59
964,61	8,36
964,78	6,24
964,95	7,25
965,12	-0,31
965,29	-0,91
965,46	-1,16
965,63	-6,06
965,80	-7,31
965,97	-1,79
966,14	-7,90
966,31	-12,05
966,48	-5,62
966,66	0,08
966,83	0,99
967,00	0,66
967,17	3,38
967,34	7,72
967,51	10,61
967,68	15,59
967,85	13,28
968,02	16,68
968,19	22,94
968,36	27,07
968,53	23,76
968,70	21,12
968,87	26,10
969,04	18,05
969,21	20,68
969,38	15,07
969,55	20,75
969,72	16,34
969,89	14,92
970,06	24,44
970,23	25,45
970,40	16,72
970,57	12,67
970,74	11,91
970,91	14,54
971,08	13,46
971,25	16,76
971,42	9,21
971,59	18,02
971,76	14,46
971,93	12,59
972,10	4,95
972,27	-0,07
972,44	-7,95
972,61	-6,76
972,78	-8,72
972,95	-9,98
973,12	-3,48
973,29	-3,72
973,46	-0,57
973,63	7,39
973,80	0,29
973,97	-6,13
974,14	3,99
974,30	9,66
974,47	18,46
974,64	20,58
974,81	17,95
974,98	23,45
975,15	30,83
975,32	16,86
975,49	10,74
975,66	4,87
975,83	3,53
976,00	5,81
976,17	12,40
976,34	9,08
976,51	7,48
976,68	0,12
976,85	-4,21
977,02	-2,86
977,19	1,54
977,36	-1,77
977,52	-2,19
977,69	8,20
977,86	3,83
978,03	2,39
978,20	2,90
978,37	6,53
978,54	7,70
978,71	9,74
978,88	6,01
979,05	5,36
979,22	6,62
979,39	-3,11
979,56	-5,41
979,72	6,21
979,89	0,74
980,06	11,39
980,23	15,30
980,40	10,55
980,57	7,09
980,74	-1,30
980,91	-7,33
981,08	-2,50
981,25	-6,94
981,41	-6,08
981,58	-2,67
981,75	7,58
981,92	9,35
982,09	8,25
982,26	6,82
982,43	3,17
982,60	12,70
982,77	11,51
982,93	10,15
983,10	18,03
983,27	20,39
983,44	26,49
983,61	16,46
983,78	21,96
983,95	13,41
984,11	10,48
984,28	6,91
984,45	5,71
984,62	4,02
984,79	-8,07
984,96	-1,87
985,13	1,88
985,30	0,86
985,46	-4,64
985,63	-3,96
985,80	9,45
985,97	3,69
986,14	5,22
986,31	-0,74
986,47	3,08
986,64	6,55
986,81	5,26
986,98	13,75
987,15	86,27
987,32	83,84
987,48	85,05
987,65	84,20
987,82	82,26
987,99	78,78
988,16	86,01
988,33	84,31
988,49	88,47
988,66	85,93
988,83	82,47
989,00	83,57
989,17	82,46
989,34	5,17
989,50	10,58
989,67	2,51
989,84	8,00
990,01	7,84
990,18	2,75
990,34	-6,36
990,51	-1,71
990,68	-4,33
990,85	-1,61
991,02	-11,41
991,18	-10,56
991,35	-1,77
991,52	-6,19
991,69	-7,38
991,86	-2,03
992,02	-9,36
992,19	-11,26
992,36	-15,60
992,53	-9,76
992,69	-7,12
992,86	-9,51
993,03	-12,15
993,20	-2,10
993,37	-0,15
993,53	-7,49
993,70	-4,76
993,87	-4,44
994,04	-6,38
994,20	-2,59
994,37	2,35
994,54	6,53
994,71	7,82
994,87	-5,24
995,04	-0,14
995,21	3,33
995,38	5,52
995,55	6,63
995,71	-3,93
995,88	4,23
996,05	15,91
996,22	12,85
996,38	11,66
996,55	11,75
996,72	17,34
996,88	11,24
997,05	13,44
997,22	11,91
997,39	6,50
997,55	7,29
997,72	6,61
997,89	14,11
998,06	9,68
998,22	-3,52
998,39	4,13
998,56	9,21
998,73	6,83
998,89	2,50
999,06	4,54
999,23	9,98
999,39	8,38
999,56	8,46
999,73	3,10
999,90	1,74
1000,06	4,95
1000,23	3,17
1000,40	2,41
1000,56	-1,76
1000,73	-7,59
1000,90	-3,18
1001,06	-3,26
1001,23	-6,14
1001,40	-5,29
1001,57	-9,13
1001,73	0,05
1001,90	1,07
1002,07	0,23
1002,23	-2,56
1002,40	-2,65
1002,57	-3,33
1002,73	-2,48
1002,90	1,59
1003,07	-0,71
1003,23	3,45
1003,40	4,38
1003,57	-4,12
1003,73	0,57
1003,90	-3,19
1004,07	4,49
1004,23	4,56
1004,40	3,88
1004,57	5,75
1004,73	9,21
1004,90	14,67
1005,07	16,35
1005,23	17,80
1005,40	19,83
1005,57	27,32
1005,73	30,80
1005,90	31,48
1006,07	24,54
1006,23	13,79
1006,40	16,77
1006,57	25,32
1006,73	28,27
1006,90	33,31
1007,06	26,50
1007,23	22,18
1007,40	26,66
1007,56	20,89
1007,73	18,17
1007,90	23,60
1008,06	22,92
1008,23	25,54
1008,40	25,46
1008,56	30,03
1008,73	26,74
1008,89	17,76
1009,06	2,85
1009,23	1,92
1009,39	3,11
1009,56	-0,77
1009,72	-1,71
1009,89	-7,32
1010,06	-13,15
1010,22	-15,79
1010,39	-14,17
1010,55	-3,41
1010,72	-4,51
1010,89	-10,01
1011,05	-9,68
1011,22	-1,50
1011,38	-0,99
1011,55	7,60
1011,72	10,59
1011,88	11,79
1012,05	12,38
1012,21	18,49
1012,38	18,84
1012,55	19,43
1012,71	11,55
1012,88	2,04
1013,04	3,06
1013,21	9,42
1013,37	9,51
1013,54	5,16
1013,71	-1,05
1013,87	-6,24
1014,04	-1,94
1014,20	4,00
1014,37	0,25
1014,53	3,48
1014,70	8,89
1014,87	13,14
1015,03	20,62
1015,20	21,80
1015,36	25,29
1015,53	22,65
1015,69	28,11
1015,86	26,74
1016,02	28,94
1016,19	24,80
1016,36	20,72
1016,52	18,94
1016,69	22,82
1016,85	13,75
1017,02	3,03
1017,18	-6,87
1017,35	-5,86
1017,51	-9,91
1017,68	-7,10
1017,84	-7,52
1018,01	-10,15
1018,17	-6,83
1018,34	-7,59
1018,50	-6,08
1018,67	1,95
1018,84	-2,87
1019,00	-1,08
1019,17	4,72
1019,33	7,40
1019,50	0,87
1019,66	1,29
1019,83	2,39
1019,99	9,39
1020,16	4,45
1020,32	-5,50
1020,49	5,16
1020,65	7,96
1020,82	5,03
1020,98	0,95
1021,15	-1,50
1021,31	-0,48
1021,48	9,37
1021,64	12,69
1021,81	5,91
1021,97	1,43
1022,14	-12,23
1022,30	-5,50
1022,47	-2,34
1022,63	-13,07
1022,79	-14,66
1022,96	-14,92
1023,12	-5,93
1023,29	1,35
1023,45	-1,62
1023,62	-12,18
1023,78	-4,81
1023,95	0,94
1024,11	4,07
1024,28	9,01
1024,44	3,86
1024,61	6,89
1024,77	6,54
1024,94	4,16
1025,10	4,33
1025,26	8,19
1025,43	5,31
1025,59	3,09
1025,76	6,76
1025,92	-0,09
1026,09	-1,61
1026,25	-7,21
1026,42	-3,64
1026,58	7,59
1026,74	4,45
1026,91	6,32
1027,07	10,21
1027,24	5,64
1027,40	0,70
1027,57	-1,60
1027,73	-2,91
1027,90	2,06
1028,06	0,69
1028,22	-3,06
1028,39	4,83
1028,55	7,44
1028,72	6,47
1028,88	3,73
1029,04	4,16
1029,21	5,98
1029,37	8,44
1029,54	1,03
1029,70	1,97
1029,87	12,81
1030,03	4,18
1030,19	-1,78
1030,36	9,48
1030,52	8,80
1030,69	3,22
1030,85	-4,27
1031,01	6,86
1031,18	13,38
1031,34	6,81
1031,50	1,54
1031,67	11,27
1031,83	16,76
1032,00	16,34
1032,16	16,93
1032,32	30,16
1032,49	23,58
1032,65	22,74
1032,82	25,46
1032,98	28,69
1033,14	25,29
1033,31	20,56
1033,47	21,33
1033,63	20,59
1033,80	17,13
1033,96	7,71
1034,13	-1,30
1034,29	4,58
1034,45	-1,59
1034,62	0,38
1034,78	-1,92
1034,94	-2,35
1035,11	-3,28
1035,27	-4,03
1035,43	-0,11
1035,60	-3,50
1035,76	2,43
1035,92	-2,31
1036,09	1,27
1036,25	15,06
1036,41	10,75
1036,58	17,40
1036,74	11,53
1036,90	13,57
1037,07	16,88
1037,23	18,92
1037,39	18,07
1037,56	16,34
1037,72	28,65
1037,88	28,22
1038,05	32,39
1038,21	33,08
1038,37	18,18
1038,54	20,28
1038,70	18,14
1038,86	23,07
1039,03	23,99
1039,19	18,81
1039,35	11,41
1039,52	8,95
1039,68	4,73
1039,84	-2,67
1040,00	-3,09
1040,17	-5,22
1040,33	0,87
1040,49	2,38
1040,66	5,79
1040,82	6,19
1040,98	2,89
1041,15	0,95
1041,31	-1,60
1041,47	5,61
1041,63	10,11
1041,80	10,28
1041,96	7,64
1042,12	2,53
1042,29	1,77
1042,45	-1,68
1042,61	-1,59
1042,77	-2,55
1042,94	-7,80
1043,10	-2,02
1043,26	-7,04
1043,42	-6,60
1043,59	-49,61
1043,75	27,68
1043,91	-13,00
1044,07	58,90
1044,24	-66,22
1044,40	-42,64
