345,22	-39,00
345,44	-39,00
345,66	-39,00
345,88	-51,25
346,10	-10,03
346,32	34,29
346,54	-11,35
346,75	-11,50
346,97	-8,75
347,19	-4,40
347,41	-1,73
347,63	0,66
347,85	-2,23
348,07	-2,74
348,29	-4,35
348,51	-11,32
348,73	-4,43
348,95	-7,91
349,16	-3,35
349,38	-1,92
349,60	1,41
349,82	-1,46
350,04	-8,72
350,26	-2,35
350,48	-4,91
350,70	-9,75
350,92	-0,42
351,14	-2,53
351,35	4,70
351,57	-4,64
351,79	-4,05
352,01	-10,39
352,23	-7,67
352,45	-6,91
352,67	-8,60
352,89	1,04
353,10	-5,93
353,32	1,43
353,54	3,57
353,76	0,87
353,98	1,98
354,20	5,70
354,42	15,27
354,64	11,18
354,85	8,29
355,07	9,99
355,29	11,77
355,51	18,54
355,73	15,57
355,95	15,75
356,17	11,77
356,38	11,40
356,60	5,20
356,82	-6,01
357,04	-11,60
357,26	-19,14
357,48	-23,03
357,69	-17,94
357,91	-17,44
358,13	-19,81
358,35	-23,54
358,57	-24,90
358,79	-27,35
359,01	-27,59
359,22	-25,21
359,44	-24,34
359,66	-10,69
359,88	-11,03
360,10	-3,89
360,32	2,90
360,53	2,90
360,75	1,04
360,97	-0,41
361,19	0,28
361,41	7,38
361,62	13,15
361,84	6,16
362,06	4,47
362,28	11,32
362,50	11,35
362,72	9,82
362,93	7,18
363,15	3,47
363,37	-1,29
363,59	-4,09
363,81	-3,91
364,02	0,46
364,24	-7,49
364,46	-8,69
364,68	-1,79
364,90	2,77
365,11	0,92
365,33	-0,61
365,55	1,51
365,77	-3,82
365,99	-4,80
366,20	0,47
366,42	0,90
366,64	-0,79
366,86	0,10
367,07	2,40
367,29	6,70
367,51	5,59
367,73	4,85
367,95	-2,46
368,16	-4,42
368,38	1,52
368,60	2,26
368,82	7,38
369,03	4,74
369,25	4,91
369,47	6,51
369,69	8,02
369,91	2,44
370,12	-1,87
370,34	-4,08
370,56	-5,77
370,78	1,92
370,99	3,11
371,21	-4,35
371,43	-0,53
371,65	-4,16
371,86	-2,04
372,08	5,44
372,30	4,34
372,52	-1,26
372,73	1,19
372,95	-2,64
373,17	-1,02
373,39	5,84
373,60	8,11
373,82	12,38
374,04	13,40
374,26	12,71
374,47	19,64
374,69	19,22
374,91	16,32
375,12	14,56
375,34	8,23
375,56	11,54
375,78	14,94
375,99	22,35
376,21	16,68
376,43	10,61
376,65	6,86
376,86	7,46
377,08	13,74
377,30	16,47
377,51	21,05
377,73	18,59
377,95	23,83
378,17	27,10
378,38	25,14
378,60	24,72
378,82	13,17
379,03	9,93
379,25	8,49
379,47	8,22
379,68	13,04
379,90	5,66
380,12	3,80
380,34	-1,72
380,55	5,31
380,77	8,89
380,99	14,33
381,20	18,82
381,42	15,44
381,64	21,11
381,85	24,61
382,07	27,91
382,29	28,00
382,50	22,24
382,72	19,86
382,94	11,98
383,15	17,20
383,37	9,67
383,59	1,49
383,80	-1,74
384,02	-9,17
384,24	-1,03
384,45	-0,09
384,67	-1,62
384,89	-6,17
385,10	-7,19
385,32	-3,70
385,54	-5,21
385,75	-3,87
385,97	-10,20
386,19	-5,52
386,40	2,11
386,62	2,54
386,84	9,66
387,05	-2,76
387,27	3,76
387,49	3,75
387,70	12,92
387,92	12,24
388,14	10,54
388,35	14,34
388,57	18,41
388,79	15,43
389,00	13,54
389,22	11,59
389,43	6,49
389,65	4,11
389,87	10,24
390,08	-1,45
390,30	2,28
390,52	-1,05
390,73	-1,81
390,95	-0,53
391,17	3,39
391,38	2,20
391,60	2,30
391,81	-5,82
392,03	-5,29
392,25	5,26
392,46	3,40
392,68	-2,00
392,89	1,22
393,11	-3,28
393,33	-10,85
393,54	-13,80
393,76	-16,43
393,98	-20,95
394,19	-19,09
394,41	-14,01
394,62	-8,09
394,84	-15,92
395,06	-20,02
395,27	-18,33
395,49	-5,54
395,70	-6,90
395,92	-4,02
396,13	-2,38
396,35	1,59
396,57	7,12
396,78	7,88
397,00	5,26
397,21	1,28
397,43	5,27
397,65	7,94
397,86	12,24
398,08	13,76
398,29	6,11
398,51	3,24
398,72	3,07
398,94	8,48
399,16	6,86
399,37	1,51
399,59	4,64
399,80	8,97
400,02	4,28
400,23	-2,76
400,45	1,96
400,67	-7,86
400,88	-12,71
401,10	-11,01
401,31	-12,03
401,53	-15,94
401,74	-18,74
401,96	-23,46
402,17	-20,17
402,39	-24,23
402,61	-24,58
402,82	-21,58
403,04	-23,03
403,25	-25,22
403,47	-18,67
403,68	-19,24
403,90	-22,85
404,11	-17,35
404,33	-17,67
404,54	-22,93
404,76	-10,26
404,97	-12,88
405,19	-6,67
405,41	-12,95
405,62	-1,18
405,84	8,35
406,05	9,03
406,27	1,27
406,48	4,32
406,70	1,38
406,91	-2,27
407,13	-3,80
407,34	-0,48
407,56	-9,27
407,77	-14,54
407,99	-13,35
408,20	-11,49
408,42	-17,66
408,63	-25,64
408,85	-22,94
409,06	-25,13
409,28	-23,69
409,49	-19,27
409,71	-20,52
409,92	-19,74
410,14	-21,63
410,35	-23,08
410,57	-18,99
410,78	-25,54
411,00	-24,78
411,21	-29,80
411,43	-25,82
411,64	-35,75
411,86	-29,89
412,07	-33,38
412,29	-27,29
412,50	-21,80
412,72	-22,66
412,93	-24,96
413,15	-22,47
413,36	-26,10
413,58	-33,76
413,79	-38,43
414,01	-43,88
414,22	-50,22
414,43	-42,06
414,65	-49,72
414,86	-54,76
415,08	-57,79
415,29	-61,69
415,51	-66,89
415,72	-62,04
415,94	-61,20
416,15	-59,78
416,37	-60,78
416,58	-57,88
416,80	-54,74
417,01	-51,28
417,22	-59,52
417,44	-53,37
417,65	-50,52
417,87	-60,12
418,08	-58,17
418,30	-56,95
418,51	-56,78
418,73	-57,89
418,94	-59,43
419,15	-54,57
419,37	-50,00
419,58	-51,77
419,80	-54,14
420,01	-53,91
420,23	-58,57
420,44	-58,07
420,65	-53,83
420,87	-62,03
421,08	-53,05
421,30	-58,08
421,51	-58,42
421,73	-56,53
421,94	-57,32
422,15	-67,61
422,37	-58,69
422,58	-62,58
422,80	-58,04
423,01	-52,81
423,22	-54,96
423,44	-58,71
423,65	-57,88
423,87	-64,43
424,08	-67,57
424,29	-63,50
424,51	-66,53
424,72	-65,00
424,94	-59,97
425,15	-67,30
425,36	-57,81
425,58	-64,11
425,79	-71,00
426,01	-69,11
426,22	-64,56
426,43	-65,36
426,65	-63,22
426,86	-54,03
427,08	-64,01
427,29	-59,47
427,50	-61,68
427,72	-64,35
427,93	-57,78
428,14	-62,37
428,36	-53,95
428,57	-52,54
428,79	-51,34
429,00	-54,42
429,21	-54,43
429,43	-55,18
429,64	-62,61
429,85	-60,44
430,07	-63,58
430,28	-59,58
430,49	-56,55
430,71	-58,93
430,92	-62,59
431,14	-69,96
431,35	-70,11
431,56	-74,14
431,78	-73,70
431,99	-68,07
432,20	-71,16
432,42	-67,98
432,63	-71,62
432,84	-73,41
433,06	-76,19
433,27	-83,18
433,48	-88,11
433,70	-92,96
433,91	-91,35
434,12	-91,07
434,34	-90,46
434,55	-87,11
434,76	-91,51
434,98	-85,96
435,19	-94,48
435,40	-91,25
435,62	-87,52
435,83	-95,29
436,04	-90,02
436,26	-91,58
436,47	-87,38
436,68	-89,44
436,90	-87,14
437,11	-87,03
437,32	-89,98
437,54	-98,01
437,75	-106,17
437,96	-98,98
438,17	-100,02
438,39	-111,77
438,60	-111,01
438,81	-114,62
439,03	-113,08
439,24	-115,76
439,45	-116,38
439,67	-115,59
439,88	-117,12
440,09	-116,41
440,30	-111,37
440,52	-111,15
440,73	-109,71
440,94	-111,56
441,16	-109,31
441,37	-112,45
441,58	-115,95
441,80	-115,75
442,01	-113,52
442,22	-120,38
442,43	-125,69
442,65	-135,29
442,86	-136,06
443,07	-132,12
443,28	-126,88
443,50	-132,01
443,71	-127,50
443,92	-124,58
444,14	-119,42
444,35	-117,21
444,56	-118,91
444,77	-116,73
444,99	-110,94
445,20	-108,61
445,41	-98,34
445,62	-102,45
445,84	-106,49
446,05	-110,43
446,26	-111,51
446,47	-121,97
446,69	-125,53
446,90	-122,94
447,11	-124,64
447,32	-121,67
447,54	-127,83
447,75	-130,28
447,96	-129,88
448,17	-134,39
448,39	-133,01
448,60	-126,47
448,81	-134,08
449,02	-129,48
449,23	-120,70
449,45	-117,51
449,66	-123,37
449,87	-124,81
450,08	-132,89
450,30	-133,98
450,51	-135,76
450,72	-142,29
450,93	-136,99
451,15	-136,04
451,36	-146,13
451,57	-140,09
451,78	-144,50
451,99	-150,62
452,21	-153,77
452,42	-150,11
452,63	-148,83
452,84	-148,56
453,05	-148,07
453,27	-148,79
453,48	-147,54
453,69	-152,58
453,90	-155,81
454,11	-147,46
454,33	-154,33
454,54	-149,77
454,75	-144,60
454,96	-140,72
455,17	-138,49
455,39	-143,40
455,60	-144,08
455,81	-138,51
456,02	-131,45
456,23	-126,50
456,45	-123,34
456,66	-120,92
456,87	-135,20
457,08	-131,68
457,29	-137,11
457,50	-144,55
457,72	-140,35
457,93	-144,63
458,14	-142,20
458,35	-141,92
458,56	-148,17
458,77	-154,86
458,99	-160,83
459,20	-162,90
459,41	-163,74
459,62	-158,33
459,83	-155,17
460,04	-151,97
460,26	-151,77
460,47	-157,54
460,68	-152,20
460,89	-147,74
461,10	-148,35
461,31	-147,39
461,52	-148,58
461,74	-138,25
461,95	-137,29
462,16	-141,04
462,37	-136,45
462,58	-136,15
462,79	-141,30
463,00	-139,57
463,22	-143,74
463,43	-154,51
463,64	-157,87
463,85	-155,40
464,06	-153,19
464,27	-148,75
464,48	-150,85
464,70	-154,73
464,91	-157,62
465,12	-163,06
465,33	-170,49
465,54	-168,87
465,75	-172,74
465,96	-180,31
466,17	-174,04
466,38	-173,92
466,60	-176,12
466,81	-183,18
467,02	-182,55
467,23	-197,36
467,44	-194,30
467,65	-188,63
467,86	-187,37
468,07	-185,92
468,28	-185,99
468,50	-180,72
468,71	-172,70
468,92	-179,56
469,13	-183,54
469,34	-179,50
469,55	-179,04
469,76	-182,85
469,97	-178,33
470,18	-181,48
470,39	-190,59
470,60	-191,25
470,82	-195,34
471,03	-198,40
471,24	-198,09
471,45	-199,88
471,66	-201,28
471,87	-198,26
472,08	-205,72
472,29	-209,89
472,50	-217,36
472,71	-221,10
472,92	-227,12
473,13	-221,24
473,34	-223,66
473,55	-210,24
473,77	-212,86
473,98	-220,34
474,19	-219,32
474,40	-224,26
474,61	-227,81
474,82	-232,11
475,03	-229,77
475,24	-229,15
475,45	-228,88
475,66	-232,21
475,87	-234,39
476,08	-234,23
476,29	-241,52
476,50	-243,83
476,71	-244,40
476,92	-244,99
477,13	-240,28
477,34	-238,04
477,55	-233,75
477,76	-235,36
477,97	-236,37
478,18	-235,82
478,40	-230,23
478,61	-234,72
478,82	-236,31
479,03	-240,22
479,24	-244,15
479,45	-249,18
479,66	-251,76
479,87	-252,11
480,08	-259,14
480,29	-258,70
480,50	-259,75
480,71	-259,90
480,92	-260,15
481,13	-263,11
481,34	-260,44
481,55	-266,97
481,76	-270,23
481,97	-263,63
482,18	-257,35
482,39	-258,05
482,60	-257,78
482,81	-258,71
483,02	-258,44
483,23	-267,44
483,44	-263,64
483,65	-268,21
483,86	-274,63
484,07	-280,23
484,28	-272,06
484,49	-273,16
484,70	-276,49
484,91	-279,21
485,12	-282,44
485,33	-286,29
485,54	-282,93
485,75	-286,88
485,96	-278,40
486,17	-290,66
486,38	-285,15
486,59	-277,38
486,80	-273,25
487,01	-276,40
487,21	-277,29
487,42	-278,63
487,63	-279,79
487,84	-278,09
488,05	-276,85
488,26	-276,71
488,47	-278,42
488,68	-277,29
488,89	-264,16
489,10	-265,40
489,31	-270,84
489,52	-277,66
489,73	-288,23
489,94	-292,99
490,15	-296,23
490,36	-300,59
490,57	-306,27
490,78	-308,95
490,99	-312,77
491,20	-303,10
491,41	-303,87
491,61	-315,60
491,82	-316,38
492,03	-310,99
492,24	-310,02
492,45	-303,89
492,66	-298,74
492,87	-294,55
493,08	-290,57
493,29	-285,60
493,50	-285,82
493,71	-285,16
493,92	-296,58
494,13	-298,14
494,34	-287,78
494,54	-287,48
494,75	-297,78
494,96	-291,54
495,17	-294,39
495,38	-303,91
495,59	-300,27
495,80	-298,61
496,01	-293,10
496,22	-287,16
496,43	-281,43
496,64	-276,58
496,84	-274,44
497,05	-276,80
497,26	-277,85
497,47	-266,90
497,68	-269,13
497,89	-257,88
498,10	-248,10
498,31	-252,60
498,52	-253,30
498,72	-256,33
498,93	-262,54
499,14	-275,30
499,35	-279,04
499,56	-275,83
499,77	-272,25
499,98	-271,12
500,19	-269,32
500,40	-272,52
500,60	-277,19
500,81	-276,11
501,02	-274,50
501,23	-270,53
501,44	-271,75
501,65	-275,80
501,86	-260,98
502,06	-256,81
502,27	-257,67
502,48	-256,82
502,69	-256,67
502,90	-268,89
503,11	-274,43
503,32	-275,81
503,53	-275,33
503,73	-276,84
503,94	-276,01
504,15	-280,38
504,36	-272,08
504,57	-273,33
504,78	-266,46
504,98	-267,73
505,19	-272,71
505,40	-278,81
505,61	-266,34
505,82	-252,60
506,03	-249,39
506,23	-246,21
506,44	-247,18
506,65	-244,20
506,86	-239,99
507,07	-240,70
507,28	-237,32
507,48	-244,08
507,69	-241,54
507,90	-236,87
508,11	-223,38
508,32	-229,20
508,53	-229,45
508,73	-222,59
508,94	-233,46
509,15	-230,54
509,36	-237,03
509,57	-231,43
509,77	-228,55
509,98	-239,61
510,19	-235,63
510,40	-230,71
510,61	-229,78
510,81	-229,72
511,02	-230,57
511,23	-225,93
511,44	-234,32
511,65	-217,91
511,85	-210,65
512,06	-206,74
512,27	-204,22
512,48	-202,07
512,69	-191,78
512,89	-190,64
513,10	-188,39
513,31	-180,74
513,52	-177,26
513,73	-171,51
513,93	-166,61
514,14	-156,05
514,35	-153,87
514,56	-155,80
514,76	-151,75
514,97	-153,73
515,18	-144,72
515,39	-139,39
515,60	-137,71
515,80	-135,84
516,01	-134,23
516,22	-135,42
516,43	-130,01
516,63	-137,90
516,84	-140,42
517,05	-143,21
517,26	-134,50
517,46	-123,12
517,67	-116,30
517,88	-107,72
518,09	-106,12
518,29	-101,08
518,50	-101,16
518,71	-103,64
518,92	-99,56
519,12	-98,91
519,33	-84,33
519,54	-76,29
519,75	-63,45
519,95	-64,27
520,16	-66,46
520,37	-59,48
520,57	-61,24
520,78	-62,46
520,99	-60,86
521,20	-54,72
521,40	-53,90
521,61	-44,15
521,82	-29,73
522,03	-25,04
522,23	-16,61
522,44	-13,33
522,65	-2,81
522,85	-1,79
523,06	2,24
523,27	8,63
523,48	23,61
523,68	39,14
523,89	60,44
524,10	80,42
524,30	88,88
524,51	99,04
524,72	106,89
524,93	128,65
525,13	148,19
525,34	163,80
525,55	192,43
525,75	208,32
525,96	215,10
526,17	235,38
526,37	254,78
526,58	257,82
526,79	267,40
526,99	277,32
527,20	291,69
527,41	312,63
527,62	319,59
527,82	336,64
528,03	357,84
528,24	372,82
528,44	393,23
528,65	411,36
528,86	425,45
529,06	442,65
529,27	457,22
529,48	485,46
529,68	520,79
529,89	549,64
530,10	578,67
530,30	605,72
530,51	629,04
530,72	661,67
530,92	699,14
531,13	725,15
531,34	769,15
531,54	804,47
531,75	836,39
531,96	881,47
532,16	918,60
532,37	949,20
532,57	989,52
532,78	1030,00
532,99	1077,67
533,19	1122,65
533,40	1166,48
533,61	1201,60
533,81	1259,80
534,02	1304,06
534,23	1362,37
534,43	1417,84
534,64	1483,25
534,84	1546,54
535,05	1615,25
535,26	1674,78
535,46	1746,27
535,67	1808,71
535,88	1874,71
536,08	1941,63
536,29	2014,04
536,49	2084,90
536,70	2172,14
536,91	2243,78
537,11	2320,57
537,32	2393,25
537,53	2469,69
537,73	2546,82
537,94	2636,68
538,14	2720,73
538,35	2820,66
538,56	2936,03
538,76	3038,54
538,97	3145,67
539,17	3256,07
539,38	3298,20
539,59	3434,15
539,79	3566,85
540,00	3708,80
540,20	3856,59
540,41	4004,38
540,62	4162,64
540,82	4319,31
541,03	4480,09
541,23	4630,23
541,44	4799,45
541,64	4974,96
541,85	5148,93
542,06	5398,90
542,26	5590,04
542,47	5790,26
542,67	5979,51
542,88	6198,70
543,08	6436,18
543,29	6652,14
543,50	6878,32
543,70	7124,02
543,91	7389,34
544,11	7658,85
544,32	7946,23
544,52	8240,24
544,73	8530,28
544,94	8833,72
545,14	9141,99
545,35	9468,25
545,55	9811,86
545,76	10167,63
545,96	10554,37
546,17	10930,69
546,37	11339,27
546,58	11745,42
546,78	12181,26
546,99	12605,95
547,20	13050,99
547,40	13528,96
547,61	14004,48
547,81	14529,79
548,02	15063,25
548,22	15587,69
548,43	16127,95
548,63	16690,44
548,84	17291,50
549,04	17858,09
549,25	18474,95
549,45	19084,66
549,66	19735,51
549,86	20398,97
550,07	21071,72
550,27	21734,53
550,48	22404,20
550,69	23088,36
550,89	23760,09
551,10	24461,34
551,30	25147,18
551,51	25830,84
551,71	26525,00
551,92	27186,19
552,12	27845,55
552,33	28507,27
552,53	29167,22
552,74	29811,72
552,94	30481,51
553,15	31105,45
553,35	31742,67
553,56	32401,27
553,76	32998,04
553,97	33612,14
554,17	34203,46
554,38	34801,58
554,58	35376,23
554,79	35943,33
554,99	36486,40
555,19	37041,42
555,40	37540,34
555,60	37992,47
555,81	38435,61
556,01	38858,34
556,22	39239,41
556,42	39651,76
556,63	39970,51
556,83	40299,81
557,04	40600,37
557,24	40880,79
557,45	41160,61
557,65	41364,62
557,86	41527,07
558,06	41725,54
558,27	41912,62
558,47	42128,45
558,67	42271,00
558,88	42406,20
559,08	42453,26
559,29	42550,82
559,49	42646,72
559,70	42717,02
559,90	42802,91
560,11	42836,64
560,31	42889,12
560,52	42936,35
560,72	42972,37
560,92	42989,80
561,13	42988,72
561,33	42997,41
561,54	42946,88
561,74	42976,54
561,95	42979,70
562,15	42960,68
562,35	42901,42
562,56	42831,37
562,76	42758,54
562,97	42702,61
563,17	42622,97
563,38	42517,77
563,58	42414,93
563,78	42305,00
563,99	42169,66
564,19	42102,71
564,40	41935,09
564,60	41791,03
564,80	41603,86
565,01	41429,17
565,21	41246,22
565,42	41086,42
565,62	40907,70
565,83	40702,55
566,03	40483,39
566,23	40268,78
566,44	39980,88
566,64	39753,98
566,85	39464,13
567,05	39186,18
567,25	38894,27
567,46	38609,55
567,66	38332,56
567,86	38010,31
568,07	37658,61
568,27	37304,43
568,48	36919,29
568,68	36555,19
568,88	36153,53
569,09	35766,00
569,29	35342,13
569,50	34926,87
569,70	34515,95
569,90	34056,13
570,11	33599,59
570,31	33136,16
570,51	32682,60
570,72	32226,39
570,92	31761,77
571,13	31342,01
571,33	30876,46
571,53	30435,91
571,74	29994,33
571,94	29552,16
572,14	29128,86
572,35	28713,39
572,55	28304,05
572,75	27918,49
572,96	27520,86
573,16	27118,99
573,36	26717,58
573,57	26306,51
573,77	25893,01
573,97	25519,12
574,18	25145,89
574,38	24790,34
574,59	24427,12
574,79	24083,86
574,99	23743,07
575,20	23425,78
575,40	23072,71
575,60	22729,37
575,81	22420,85
576,01	22135,07
576,21	21846,31
576,42	21587,30
576,62	21324,02
576,82	21047,26
577,02	20770,31
577,23	20520,85
577,43	20230,91
577,63	19951,60
577,84	19678,33
578,04	19424,79
578,24	19201,18
578,45	18957,83
578,65	18710,88
578,85	18487,99
579,06	18246,05
579,26	18014,61
579,46	17789,93
579,67	17573,39
579,87	17352,73
580,07	17143,04
580,27	16923,90
580,48	16722,34
580,68	16524,95
580,88	16309,59
581,09	16099,44
581,29	15885,20
581,49	15681,32
581,69	15498,89
581,90	15293,94
582,10	15108,36
582,30	14903,84
582,51	14703,62
582,71	14502,44
582,91	14321,30
583,11	14126,63
583,32	13934,81
583,52	13753,64
583,72	13582,17
583,93	13415,05
584,13	13235,63
584,33	13029,11
584,53	12845,65
584,74	12664,08
584,94	12508,63
585,14	12332,03
585,34	12169,31
585,55	12008,96
585,75	11841,50
585,95	11678,27
586,15	11513,21
586,36	11351,53
586,56	11193,06
586,76	11050,53
586,96	10913,18
587,17	10767,02
587,37	10618,99
587,57	10462,77
587,77	10323,45
587,98	10187,77
588,18	10053,75
588,38	9919,46
588,58	9786,49
588,79	9651,97
588,99	9514,81
589,19	9376,78
589,39	9234,78
589,60	9112,57
589,80	8986,30
590,00	8856,66
590,20	8739,35
590,40	8617,54
590,61	8505,21
590,81	8385,08
591,01	8275,47
591,21	8167,13
591,42	8053,16
591,62	7942,45
591,82	7845,82
592,02	7741,42
592,22	7629,45
592,43	7537,78
592,63	7443,42
592,83	7339,67
593,03	7239,85
593,23	7143,95
593,44	7047,48
593,64	6952,98
593,84	6856,09
594,04	6770,93
594,24	6688,69
594,45	6597,35
594,65	6518,72
594,85	6430,41
595,05	6337,28
595,25	6243,09
595,46	6168,53
595,66	6094,17
595,86	6014,37
596,06	5932,65
596,26	5864,28
596,46	5779,71
596,67	5702,72
596,87	5632,47
597,07	5554,00
597,27	5477,78
597,47	5406,73
597,67	5338,27
597,88	5282,62
598,08	5201,28
598,28	5130,33
598,48	5056,87
598,68	4987,43
598,88	4916,42
599,09	4858,15
599,29	4795,99
599,49	4726,04
599,69	4659,57
599,89	4585,96
600,09	4523,69
600,30	4466,22
600,50	4395,27
600,70	4341,43
600,90	4282,26
601,10	4233,26
601,30	4165,78
601,50	4104,76
601,71	4052,48
601,91	3997,97
602,11	3929,19
602,31	3873,34
602,51	3822,44
602,71	3780,92
602,91	3721,22
603,11	3669,44
603,32	3618,92
603,52	3568,83
603,72	3504,15
603,92	3463,88
604,12	3407,44
604,32	3350,73
604,52	3302,52
604,72	3272,74
604,93	3232,17
605,13	3193,15
605,33	3134,16
605,53	3085,11
605,73	3046,79
605,93	3002,88
606,13	2972,85
606,33	2932,04
606,53	2893,58
606,74	2858,92
606,94	2826,65
607,14	2782,96
607,34	2734,42
607,54	2693,56
607,74	2655,84
607,94	2620,51
608,14	2590,21
608,34	2542,53
608,54	2498,55
608,74	2445,27
608,95	2405,28
609,15	2365,11
609,35	2331,47
609,55	2290,04
609,75	2254,02
609,95	2235,87
610,15	2204,37
610,35	2170,19
610,55	2134,87
610,75	2097,34
610,95	2077,77
611,15	2051,03
611,35	2031,58
611,55	2012,21
611,76	1989,68
611,96	1956,35
612,16	1925,80
612,36	1897,12
612,56	1856,24
612,76	1830,16
612,96	1794,23
613,16	1768,34
613,36	1740,21
613,56	1710,26
613,76	1688,37
613,96	1644,62
614,16	1611,43
614,36	1586,19
614,56	1564,66
614,76	1545,46
614,96	1522,78
615,16	1501,30
615,36	1473,93
615,56	1457,07
615,76	1438,77
615,97	1421,40
616,17	1396,68
616,37	1381,24
616,57	1368,46
616,77	1353,36
616,97	1334,98
617,17	1318,18
617,37	1297,23
617,57	1281,12
617,77	1273,34
617,97	1253,52
618,17	1238,22
618,37	1221,41
618,57	1202,96
618,77	1191,59
618,97	1161,99
619,17	1142,23
619,37	1125,85
619,57	1112,74
619,77	1094,59
619,97	1072,05
620,17	1065,42
620,37	1042,42
620,57	1028,12
620,77	1003,71
620,97	980,73
621,17	964,46
621,37	954,87
621,57	954,88
621,77	948,31
621,97	940,22
622,17	922,44
622,37	908,12
622,57	903,10
622,77	882,56
622,97	864,11
623,17	861,00
623,37	857,55
623,57	848,32
623,77	826,81
623,97	805,74
624,16	790,87
624,36	780,81
624,56	765,90
624,76	759,41
624,96	760,88
625,16	754,38
625,36	746,54
625,56	740,07
625,76	729,43
625,96	717,27
626,16	712,19
626,36	722,75
626,56	718,39
626,76	707,03
626,96	697,08
627,16	702,70
627,36	699,36
627,56	675,10
627,76	660,88
627,96	653,09
628,16	649,32
628,35	640,92
628,55	633,89
628,75	630,93
628,95	633,38
629,15	627,14
629,35	625,39
629,55	625,90
629,75	606,36
629,95	588,87
630,15	582,51
630,35	574,42
630,55	565,05
630,75	560,01
630,95	550,47
631,14	547,71
631,34	543,60
631,54	519,63
631,74	515,97
631,94	504,56
632,14	506,80
632,34	496,47
632,54	495,83
632,74	505,04
632,94	508,33
633,14	504,80
633,33	510,73
633,53	511,60
633,73	510,83
633,93	506,27
634,13	516,81
634,33	509,92
634,53	512,34
634,73	494,53
634,93	498,21
635,12	499,05
635,32	490,27
635,52	484,23
635,72	481,50
635,92	471,73
636,12	468,68
636,32	474,96
636,52	472,57
636,71	457,45
636,91	449,45
637,11	451,01
637,31	451,03
637,51	454,33
637,71	453,21
637,91	453,52
638,11	455,57
638,30	460,82
638,50	454,57
638,70	451,77
638,90	448,35
639,10	444,78
639,30	445,82
639,50	449,67
639,69	438,42
639,89	439,18
640,09	425,55
640,29	417,16
640,49	410,47
640,69	412,02
640,88	402,43
641,08	392,44
641,28	395,38
641,48	381,83
641,68	373,87
641,88	368,66
642,07	374,94
642,27	378,45
642,47	375,31
642,67	381,85
642,87	381,74
643,07	378,71
643,26	368,31
643,46	375,43
643,66	375,95
643,86	371,32
644,06	374,01
644,26	380,53
644,45	379,73
644,65	383,57
644,85	382,45
645,05	386,01
645,25	379,93
645,44	379,21
645,64	379,48
645,84	385,23
646,04	377,39
646,24	375,97
646,43	371,01
646,63	378,09
646,83	369,80
647,03	368,88
647,23	364,81
647,42	359,69
647,62	349,63
647,82	357,77
648,02	353,00
648,22	345,34
648,41	342,60
648,61	341,29
648,81	351,95
649,01	354,92
649,20	352,26
649,40	359,36
649,60	356,10
649,80	351,50
650,00	352,42
650,19	361,65
650,39	359,06
650,59	354,40
650,79	367,11
650,98	362,99
651,18	362,03
651,38	355,02
651,58	350,45
651,77	349,16
651,97	343,59
652,17	353,06
652,37	359,04
652,56	360,60
652,76	352,93
652,96	343,26
653,16	352,22
653,35	352,65
653,55	349,39
653,75	351,73
653,95	350,27
654,14	356,73
654,34	355,93
654,54	359,75
654,74	356,90
654,93	349,32
655,13	357,31
655,33	365,44
655,52	365,91
655,72	372,68
655,92	373,99
656,12	392,46
656,31	396,55
656,51	412,69
656,71	413,33
656,91	412,06
657,10	407,55
657,30	407,80
657,50	413,55
657,69	402,39
657,89	399,86
658,09	411,40
658,29	411,15
658,48	416,87
658,68	412,89
658,88	411,37
659,07	401,75
659,27	400,78
659,47	407,97
659,66	422,67
659,86	426,86
660,06	414,74
660,26	426,95
660,45	435,24
660,65	434,11
660,85	438,70
661,04	435,80
661,24	435,50
661,44	439,04
661,63	442,77
661,83	450,60
662,03	452,46
662,22	450,87
662,42	453,57
662,62	464,47
662,81	467,15
663,01	460,14
663,21	465,62
663,40	462,43
663,60	464,76
663,80	474,81
663,99	476,17
664,19	479,00
664,39	470,46
664,58	471,83
664,78	467,40
664,98	463,99
665,17	469,70
665,37	468,74
665,57	474,71
665,76	471,84
665,96	472,08
666,16	471,47
666,35	458,67
666,55	454,87
666,74	458,73
666,94	468,50
667,14	465,50
667,33	470,00
667,53	471,37
667,73	459,66
667,92	454,52
668,12	449,41
668,32	453,58
668,51	453,62
668,71	458,25
668,90	457,41
669,10	455,58
669,30	449,86
669,49	447,45
669,69	450,99
669,89	448,68
670,08	454,01
670,28	466,11
670,47	469,17
670,67	476,07
670,87	471,97
671,06	474,95
671,26	470,16
671,45	480,72
671,65	483,29
671,85	485,53
672,04	489,06
672,24	490,46
672,43	489,16
672,63	482,66
672,83	469,05
673,02	467,33
673,22	466,44
673,41	467,37
673,61	466,79
673,81	458,62
674,00	447,50
674,20	448,03
674,39	440,60
674,59	429,97
674,78	425,59
674,98	430,69
675,18	432,17
675,37	445,57
675,57	456,49
675,76	441,14
675,96	429,06
676,15	418,92
676,35	422,06
676,55	429,98
676,74	436,66
676,94	441,04
677,13	446,06
677,33	439,92
677,52	437,76
677,72	430,34
677,91	427,90
678,11	423,77
678,31	426,47
678,50	430,48
678,70	435,68
678,89	436,93
679,09	421,46
679,28	417,69
679,48	413,83
679,67	406,21
679,87	400,01
680,06	399,56
680,26	414,24
680,46	410,63
680,65	395,11
680,85	405,65
681,04	406,55
681,24	408,56
681,43	405,99
681,63	407,93
681,82	404,58
682,02	399,14
682,21	409,22
682,41	417,42
682,60	413,38
682,80	398,90
682,99	393,12
683,19	395,89
683,38	390,38
683,58	388,47
683,77	383,30
683,97	379,85
684,16	383,53
684,36	377,62
684,55	375,69
684,75	358,91
684,94	349,42
685,14	338,94
685,33	347,33
685,53	352,22
685,72	341,85
685,92	334,06
686,11	326,72
686,31	318,06
686,50	315,61
686,70	310,03
686,89	314,99
687,09	324,65
687,28	328,44
687,48	322,72
687,67	322,71
687,87	313,38
688,06	301,71
688,26	308,44
688,45	308,25
688,65	306,90
688,84	304,94
689,03	298,36
689,23	299,96
689,42	290,17
689,62	275,17
689,81	269,64
690,01	271,70
690,20	275,36
690,40	275,22
690,59	274,07
690,79	265,86
690,98	265,29
691,17	268,56
691,37	273,33
691,56	279,18
691,76	276,55
691,95	277,50
692,15	284,19
692,34	289,88
692,54	288,04
692,73	276,16
692,92	270,91
693,12	262,12
693,31	273,17
693,51	261,33
693,70	259,09
693,90	249,98
694,09	236,22
694,28	234,37
694,48	236,82
694,67	235,59
694,87	225,13
695,06	223,78
695,26	229,15
695,45	220,37
695,64	224,01
695,84	216,02
696,03	222,42
696,23	223,73
696,42	227,59
696,61	231,93
696,81	231,38
697,00	227,55
697,20	224,82
697,39	228,72
697,58	224,89
697,78	212,91
697,97	210,00
698,17	216,91
698,36	208,82
698,55	210,36
698,75	203,17
698,94	199,11
699,14	209,69
699,33	206,16
699,52	199,47
699,72	187,69
699,91	188,16
700,10	186,52
700,30	189,22
700,49	193,45
700,69	184,04
700,88	181,35
701,07	174,71
701,27	171,74
701,46	171,83
701,65	155,72
701,85	149,47
702,04	144,31
702,23	146,90
702,43	143,28
702,62	138,50
702,82	145,45
703,01	147,79
703,20	154,35
703,40	154,44
703,59	148,85
703,78	152,60
703,98	156,46
704,17	166,53
704,36	168,72
704,56	161,84
704,75	172,28
704,94	164,02
705,14	166,99
705,33	163,27
705,52	151,25
705,72	147,25
705,91	150,17
706,10	153,67
706,30	150,97
706,49	153,22
706,68	148,56
706,88	144,72
707,07	150,18
707,26	148,91
707,46	151,12
707,65	156,57
707,84	152,06
708,04	163,39
708,23	157,94
708,42	164,73
708,62	167,52
708,81	164,89
709,00	151,44
709,19	147,04
709,39	147,29
709,58	152,44
709,77	135,96
709,97	141,44
710,16	143,61
710,35	143,13
710,55	143,55
710,74	148,99
710,93	134,64
711,12	137,02
711,32	141,92
711,51	144,18
711,70	151,07
711,90	145,58
712,09	137,22
712,28	144,19
712,47	141,16
712,67	132,24
712,86	137,50
713,05	129,52
713,24	125,79
713,44	124,12
713,63	119,36
713,82	109,07
714,02	114,70
714,21	102,89
714,40	110,36
714,59	113,81
714,79	114,91
714,98	108,67
715,17	113,56
715,36	109,63
715,56	115,46
715,75	116,54
715,94	126,13
716,13	128,40
716,33	132,35
716,52	127,09
716,71	124,93
716,90	123,43
717,10	131,56
717,29	132,48
717,48	137,04
717,67	125,72
717,87	121,44
718,06	117,85
718,25	109,37
718,44	102,65
718,63	97,16
718,83	99,69
719,02	99,17
719,21	104,03
719,40	109,49
719,60	110,64
719,79	109,71
719,98	112,47
720,17	131,46
720,36	135,22
720,56	133,08
720,75	141,44
720,94	144,74
721,13	152,33
721,33	148,54
721,52	150,95
721,71	149,73
721,90	148,25
722,09	143,93
722,29	143,43
722,48	147,54
722,67	132,46
722,86	135,82
723,05	133,73
723,24	132,12
723,44	132,54
723,63	130,53
723,82	134,55
724,01	132,65
724,20	148,65
724,40	146,41
724,59	142,76
724,78	144,08
724,97	140,82
725,16	147,62
725,35	143,94
725,55	147,92
725,74	145,06
725,93	148,03
726,12	145,83
726,31	148,07
726,51	145,90
726,70	130,96
726,89	127,20
727,08	137,88
727,27	140,58
727,46	136,44
727,65	138,53
727,85	139,87
728,04	135,19
728,23	137,28
728,42	135,98
728,61	140,53
728,80	134,09
729,00	137,62
729,19	137,52
729,38	144,30
729,57	144,64
729,76	141,43
729,95	149,10
730,14	146,45
730,33	144,04
730,53	153,26
730,72	149,67
730,91	158,26
731,10	159,74
731,29	161,45
731,48	162,61
731,67	161,07
731,86	161,72
732,06	149,17
732,25	151,36
732,44	144,06
732,63	146,18
732,82	146,63
733,01	156,47
733,20	156,36
733,39	148,85
733,59	147,99
733,78	152,47
733,97	152,16
734,16	156,58
734,35	150,10
734,54	158,47
734,73	150,45
734,92	157,61
735,11	156,63
735,30	162,20
735,49	155,09
735,69	158,73
735,88	153,61
736,07	144,22
736,26	144,43
736,45	148,97
736,64	149,49
736,83	147,98
737,02	134,00
737,21	139,93
737,40	140,09
737,59	136,00
737,78	134,11
737,98	129,70
738,17	133,73
738,36	132,66
738,55	140,71
738,74	134,64
738,93	139,31
739,12	147,68
739,31	149,35
739,50	157,04
739,69	157,69
739,88	150,20
740,07	146,44
740,26	150,30
740,45	155,34
740,64	147,85
740,83	153,11
741,02	150,74
741,22	150,33
741,41	143,03
741,60	140,12
741,79	143,35
741,98	145,13
742,17	140,55
742,36	145,52
742,55	152,37
742,74	149,19
742,93	136,84
743,12	138,53
743,31	140,43
743,50	136,70
743,69	127,51
743,88	119,35
744,07	113,41
744,26	114,88
744,45	111,47
744,64	115,75
744,83	121,70
745,02	114,53
745,21	117,17
745,40	127,51
745,59	138,40
745,78	135,21
745,97	133,65
746,16	141,68
746,35	156,28
746,54	154,40
746,73	153,66
746,92	155,09
747,11	152,25
747,30	141,05
747,49	152,32
747,68	161,54
747,87	153,51
748,06	149,15
748,25	153,22
748,44	171,01
748,63	185,28
748,82	183,30
749,01	188,60
749,20	189,96
749,39	187,32
749,58	181,64
749,77	174,77
749,96	168,08
750,15	155,44
750,34	161,28
750,53	163,33
750,72	158,46
750,91	146,15
751,10	136,70
751,29	127,57
751,48	133,49
751,67	128,51
751,86	132,54
752,04	142,07
752,23	156,34
752,42	158,65
752,61	155,12
752,80	157,26
752,99	152,80
753,18	150,84
753,37	138,89
753,56	136,74
753,75	141,25
753,94	136,97
754,13	145,34
754,32	146,75
754,51	158,74
754,70	154,65
754,89	151,60
755,08	148,47
755,27	153,42
755,45	156,99
755,64	160,29
755,83	168,54
756,02	170,30
756,21	164,77
756,40	157,38
756,59	146,52
756,78	143,58
756,97	125,72
757,16	128,77
757,35	135,99
757,54	149,07
757,72	145,68
757,91	149,89
758,10	154,19
758,29	160,68
758,48	175,14
758,67	184,76
758,86	184,04
759,05	198,14
759,24	202,91
759,43	203,81
759,61	213,07
759,80	205,29
759,99	207,65
760,18	202,27
760,37	199,56
760,56	201,88
760,75	201,35
760,94	181,79
761,13	177,54
761,31	190,55
761,50	186,89
761,69	184,44
761,88	187,93
762,07	177,95
762,26	177,87
762,45	169,81
762,64	188,39
762,82	196,22
763,01	193,99
763,20	195,15
763,39	200,71
763,58	195,85
763,77	195,09
763,96	188,24
764,14	181,76
764,33	179,44
764,52	172,27
764,71	182,18
764,90	182,46
765,09	170,05
765,27	158,18
765,46	158,02
765,65	146,23
765,84	138,20
766,03	137,37
766,22	127,66
766,41	125,54
766,59	128,29
766,78	128,25
766,97	140,78
767,16	137,42
767,35	135,50
767,54	130,40
767,72	124,91
767,91	118,31
768,10	124,92
768,29	132,18
768,48	144,07
768,66	144,39
768,85	148,63
769,04	145,26
769,23	148,75
769,42	144,93
769,61	137,39
769,79	132,59
769,98	138,16
770,17	149,29
770,36	157,09
770,55	153,99
770,73	157,51
770,92	140,65
771,11	135,98
771,30	135,69
771,49	139,18
771,67	128,48
771,86	112,46
772,05	107,18
772,24	112,51
772,42	100,98
772,61	91,82
772,80	81,58
772,99	85,70
773,18	79,48
773,36	95,44
773,55	104,02
773,74	106,79
773,93	117,69
774,11	132,37
774,30	140,63
774,49	148,77
774,68	151,67
774,87	149,25
775,05	149,05
775,24	152,23
775,43	148,74
775,62	154,01
775,80	151,85
775,99	150,09
776,18	146,10
776,37	142,72
776,55	137,21
776,74	138,41
776,93	131,28
777,12	122,81
777,30	127,94
777,49	117,78
777,68	115,45
777,87	123,49
778,05	122,99
778,24	120,21
778,43	114,92
778,62	121,14
778,80	120,09
778,99	121,94
779,18	126,78
779,36	134,69
779,55	140,48
779,74	140,18
779,93	150,90
780,11	160,55
780,30	154,53
780,49	150,10
780,68	147,31
780,86	142,40
781,05	133,66
781,24	128,53
781,42	124,32
781,61	120,96
781,80	123,83
781,98	126,39
782,17	128,97
782,36	125,45
782,55	119,26
782,73	112,17
782,92	114,91
783,11	106,34
783,29	112,96
783,48	108,43
783,67	117,55
783,85	118,51
784,04	112,04
784,23	123,91
784,42	119,83
784,60	118,85
784,79	113,72
784,98	110,96
785,16	111,63
785,35	124,33
785,54	130,97
785,72	138,59
785,91	142,83
786,10	136,49
786,28	128,88
786,47	134,23
786,66	117,25
786,84	111,27
787,03	109,48
787,22	110,90
787,40	115,44
787,59	115,51
787,78	97,97
787,96	101,09
788,15	95,68
788,34	98,29
788,52	89,86
788,71	90,79
788,89	87,14
789,08	81,13
789,27	82,79
789,45	74,75
789,64	81,92
789,83	78,61
790,01	89,72
790,20	93,83
790,39	83,42
790,57	81,82
790,76	81,40
790,95	87,23
791,13	97,06
791,32	93,88
791,50	94,88
791,69	96,23
791,88	102,74
792,06	97,22
792,25	94,39
792,43	84,71
792,62	81,21
792,81	76,73
792,99	76,22
793,18	75,55
793,37	69,81
793,55	62,31
793,74	74,86
793,92	76,13
794,11	80,12
794,30	77,69
794,48	81,67
794,67	80,53
794,85	82,42
795,04	75,36
795,23	82,98
795,41	84,93
795,60	76,75
795,78	79,54
795,97	72,81
796,15	59,02
796,34	68,85
796,53	71,23
796,71	72,06
796,90	70,51
797,08	74,51
797,27	78,46
797,46	81,53
797,64	89,66
797,83	84,16
798,01	98,09
798,20	96,28
798,38	102,28
798,57	113,55
798,76	104,21
798,94	95,57
799,13	111,00
799,31	119,76
799,50	116,23
799,68	112,35
799,87	116,10
800,05	108,82
800,24	111,39
800,43	97,46
800,61	97,48
800,80	100,88
800,98	99,48
801,17	107,79
801,35	115,64
801,54	104,30
801,72	91,28
801,91	99,59
802,09	94,88
802,28	102,96
802,46	95,73
802,65	93,39
802,84	91,89
803,02	85,31
803,21	90,94
803,39	80,72
803,58	73,17
803,76	63,52
803,95	68,04
804,13	80,45
804,32	76,01
804,50	81,84
804,69	75,05
804,87	86,33
805,06	91,19
805,24	92,61
805,43	99,08
805,61	88,38
805,80	90,22
805,98	97,14
806,17	93,80
806,35	81,54
806,54	71,30
806,72	66,14
806,91	70,30
807,09	74,45
807,28	72,41
807,46	67,83
807,65	68,15
807,83	67,57
808,02	74,17
808,20	74,60
808,39	70,05
808,57	78,88
808,76	88,83
808,94	92,52
809,13	87,93
809,31	89,72
809,49	87,62
809,68	83,55
809,86	81,55
810,05	91,30
810,23	96,35
810,42	92,70
810,60	95,20
810,79	98,13
810,97	97,90
811,16	99,18
811,34	91,25
811,53	102,00
811,71	98,19
811,89	96,71
812,08	95,20
812,26	105,10
812,45	97,47
812,63	99,17
812,82	97,38
813,00	112,84
813,19	106,49
813,37	103,16
813,55	99,01
813,74	106,17
813,92	104,37
814,11	104,12
814,29	98,58
814,48	110,87
814,66	107,08
814,84	104,98
815,03	99,36
815,21	98,11
815,40	88,29
815,58	100,11
815,77	100,26
815,95	105,31
816,13	105,43
816,32	114,42
816,50	101,78
816,69	112,78
816,87	104,87
817,05	100,87
817,24	110,40
817,42	106,81
817,61	121,33
817,79	115,90
817,97	100,38
818,16	105,97
818,34	106,52
818,53	107,54
818,71	105,59
818,89	117,17
819,08	108,19
819,26	114,46
819,45	116,19
819,63	114,03
819,81	115,64
820,00	106,26
820,18	103,72
820,36	107,87
820,55	91,90
820,73	76,46
820,92	73,35
821,10	65,95
821,28	66,77
821,47	67,37
821,65	67,98
821,83	66,81
822,02	52,81
822,20	51,89
822,39	47,24
822,57	40,81
822,75	35,07
822,94	42,54
823,12	43,72
823,30	47,78
823,49	48,89
823,67	44,37
823,85	52,61
824,04	39,59
824,22	40,87
824,40	49,93
824,59	50,42
824,77	48,00
824,95	53,53
825,14	53,53
825,32	54,17
825,50	54,26
825,69	44,00
825,87	33,53
826,05	26,08
826,24	16,06
826,42	22,27
826,60	23,53
826,79	16,58
826,97	12,23
827,15	14,92
827,34	7,38
827,52	19,75
827,70	26,82
827,89	36,37
828,07	42,58
828,25	54,27
828,44	50,10
828,62	45,83
828,80	38,95
828,98	33,91
829,17	39,00
829,35	38,41
829,53	31,04
829,72	33,06
829,90	18,94
830,08	10,80
830,27	3,84
830,45	-2,45
830,63	-6,84
830,81	0,51
831,00	-0,83
831,18	9,64
831,36	7,81
831,55	4,55
831,73	1,78
831,91	10,71
832,09	17,22
832,28	22,58
832,46	25,26
832,64	29,67
832,82	32,59
833,01	26,73
833,19	26,06
833,37	38,69
833,55	25,63
833,74	24,97
833,92	33,02
834,10	41,47
834,29	30,30
834,47	31,82
834,65	32,91
834,83	32,46
835,02	30,88
835,20	31,31
835,38	33,57
835,56	31,56
835,75	19,54
835,93	30,66
836,11	33,33
836,29	33,53
836,47	34,52
836,66	40,27
836,84	29,13
837,02	23,18
837,20	18,10
837,39	18,95
837,57	17,03
837,75	9,60
837,93	16,59
838,12	19,01
838,30	9,04
838,48	11,19
838,66	1,45
838,84	3,58
839,03	-0,78
839,21	7,51
839,39	12,26
839,57	18,05
839,75	10,67
839,94	17,93
840,12	24,77
840,30	28,32
840,48	26,73
840,66	34,16
840,85	30,66
841,03	34,17
841,21	30,81
841,39	35,42
841,57	33,16
841,76	28,82
841,94	26,89
842,12	23,74
842,30	16,15
842,48	22,69
842,67	21,70
842,85	28,64
843,03	24,14
843,21	23,48
843,39	21,81
843,57	24,28
843,76	25,11
843,94	28,89
844,12	31,82
844,30	35,13
844,48	44,81
844,66	43,88
844,85	33,74
845,03	32,13
845,21	25,94
845,39	22,09
845,57	20,49
845,75	17,90
845,94	10,32
846,12	17,19
846,30	19,46
846,48	21,96
846,66	22,07
846,84	15,80
847,02	17,14
847,21	21,08
847,39	16,99
847,57	20,59
847,75	29,65
847,93	31,82
848,11	31,32
848,29	18,55
848,48	17,21
848,66	15,33
848,84	15,15
849,02	12,49
849,20	9,97
849,38	2,87
849,56	1,19
849,74	-2,41
849,93	-2,15
850,11	1,50
850,29	-3,02
850,47	1,84
850,65	28,27
850,83	17,80
851,01	13,22
851,19	1,84
851,37	4,02
851,56	23,66
851,74	34,69
851,92	43,67
852,10	48,80
852,28	47,61
852,46	43,79
852,64	39,58
852,82	42,01
853,00	33,45
853,18	46,48
853,37	48,91
853,55	49,26
853,73	41,29
853,91	26,60
854,09	26,62
854,27	24,86
854,45	27,86
854,63	14,97
854,81	9,53
854,99	18,35
855,17	17,09
855,35	10,82
855,53	4,08
855,72	4,34
855,90	11,04
856,08	13,39
856,26	20,36
856,44	15,48
856,62	5,43
856,80	6,27
856,98	12,29
857,16	14,30
857,34	19,71
857,52	14,19
857,70	15,59
857,88	15,76
858,06	10,97
858,24	14,99
858,42	26,24
858,60	24,06
858,78	26,49
858,96	30,40
859,15	15,33
859,33	20,95
859,51	15,09
859,69	11,26
859,87	13,77
860,05	17,46
860,23	20,56
860,41	23,58
860,59	22,34
860,77	9,74
860,95	8,96
861,13	8,96
861,31	11,23
861,49	25,08
861,67	13,51
861,85	13,59
862,03	10,00
862,21	11,01
862,39	9,74
862,57	3,88
862,75	2,95
862,93	1,95
863,11	7,74
863,29	8,50
863,47	5,06
863,65	0,02
863,83	-19,09
864,01	-8,45
864,19	-3,25
864,37	-5,53
864,55	-8,71
864,73	-6,11
864,91	3,89
865,09	4,14
865,27	7,23
865,45	0,28
865,63	-6,76
865,81	-4,24
865,99	-0,97
866,17	9,66
866,35	11,84
866,53	11,42
866,71	16,29
866,89	19,47
867,07	18,90
867,24	6,38
867,42	8,88
867,60	6,38
867,78	7,96
867,96	13,34
868,14	18,29
868,32	11,75
868,50	20,73
868,68	19,14
868,86	24,27
869,04	18,23
869,22	17,99
869,40	9,57
869,58	18,20
869,76	11,00
869,94	5,54
870,12	2,25
870,30	-1,61
870,48	-11,69
870,66	-3,54
870,83	-17,58
871,01	-20,34
871,19	-27,32
871,37	-24,31
871,55	-23,46
871,73	-17,73
871,91	-17,32
872,09	-20,87
872,27	-16,67
872,45	-15,05
872,63	-16,56
872,81	-11,01
872,98	-21,72
873,16	-15,66
873,34	-12,73
873,52	-20,66
873,70	-18,04
873,88	-19,56
874,06	-20,57
874,24	-26,09
874,42	-14,81
874,60	-17,00
874,78	-10,55
874,95	-10,81
875,13	-16,95
875,31	-8,43
875,49	-12,37
875,67	-16,16
875,85	-8,66
876,03	-19,21
876,21	-22,56
876,39	-18,52
876,56	-19,87
876,74	-29,67
876,92	-35,30
877,10	-41,93
877,28	-40,92
877,46	-38,97
877,64	-37,05
877,82	-32,45
877,99	-40,27
878,17	-37,00
878,35	-35,33
878,53	-39,55
878,71	-36,78
878,89	-35,18
879,07	-27,49
879,24	-17,73
879,42	-22,45
879,60	-25,28
879,78	-23,61
879,96	-19,72
880,14	-18,70
880,32	-8,94
880,49	-11,11
880,67	-7,64
880,85	2,30
881,03	-2,08
881,21	-10,46
881,39	-15,59
881,56	-20,57
881,74	-13,74
881,92	-16,11
882,10	-11,32
882,28	-19,57
882,46	-14,64
882,63	-12,96
882,81	-4,28
882,99	-0,82
883,17	1,01
883,35	-10,43
883,52	-3,23
883,70	-7,94
883,88	-7,50
884,06	-3,73
884,24	0,47
884,42	-3,40
884,59	-0,30
884,77	-4,98
884,95	-0,77
885,13	-0,78
885,31	-6,57
885,48	-17,11
885,66	-4,31
885,84	-4,81
886,02	3,94
886,20	-1,60
886,37	-7,73
886,55	-12,71
886,73	-13,96
886,91	-9,35
887,08	-18,45
887,26	-23,00
887,44	-27,73
887,62	-24,88
887,80	-14,91
887,97	-13,97
888,15	-16,81
888,33	-18,74
888,51	-13,98
888,68	-12,89
888,86	-2,70
889,04	2,58
889,22	-4,81
889,40	8,76
889,57	1,38
889,75	0,12
889,93	4,23
890,11	10,05
890,28	7,59
890,46	13,96
890,64	12,85
890,82	15,13
890,99	14,63
891,17	13,12
891,35	7,07
891,53	10,94
891,70	6,56
891,88	12,60
892,06	4,28
892,24	3,60
892,41	-1,31
892,59	-3,16
892,77	3,19
892,94	2,77
893,12	13,62
893,30	23,16
893,48	20,98
893,65	24,27
893,83	23,59
894,01	22,58
894,19	24,77
894,36	30,17
894,54	33,78
894,72	27,40
894,89	24,19
895,07	7,90
895,25	11,02
895,43	-2,68
895,60	-8,27
895,78	-10,89
895,96	-8,62
896,13	-7,28
896,31	-9,40
896,49	-9,14
896,66	-9,90
896,84	-12,50
897,02	-11,92
897,20	-6,69
897,37	1,58
897,55	-0,60
897,73	7,15
897,90	3,85
898,08	4,96
898,26	0,76
898,43	-0,16
898,61	2,21
898,79	-1,24
898,96	4,62
899,14	6,58
899,32	11,82
899,49	5,94
899,67	6,44
899,85	13,61
900,02	16,07
900,20	22,22
900,38	35,50
900,55	38,03
900,73	37,02
900,91	38,37
901,08	47,55
901,26	48,67
901,44	48,34
901,61	44,11
901,79	53,17
901,97	56,66
902,14	51,41
902,32	48,86
902,50	45,08
902,67	36,43
902,85	41,41
903,02	38,47
903,20	39,31
903,38	35,44
903,55	30,72
903,73	20,10
903,91	20,69
904,08	10,74
904,26	9,14
904,44	14,95
904,61	12,01
904,79	10,23
904,96	8,29
905,14	1,37
905,32	5,97
905,49	9,11
905,67	6,50
905,84	6,15
906,02	10,18
906,20	7,05
906,37	16,45
906,55	7,16
906,73	6,66
906,90	3,70
907,08	4,46
907,25	3,78
907,43	19,02
907,61	12,63
907,78	3,58
907,96	4,58
908,13	2,98
908,31	8,46
908,48	3,39
908,66	-2,61
908,84	2,11
909,01	-9,98
909,19	-10,31
909,36	-6,37
909,54	-4,68
909,72	-22,80
909,89	-19,93
910,07	-23,12
910,24	-27,41
910,42	-25,38
910,59	-29,62
910,77	-21,58
910,95	-26,12
911,12	-21,04
911,30	-12,23
911,47	-8,02
911,65	-12,64
911,82	-14,92
912,00	-10,35
912,17	-12,70
912,35	-6,63
912,53	-2,49
912,70	-1,73
912,88	0,90
913,05	-0,20
913,23	2,39
913,40	0,19
913,58	-0,66
913,75	-7,30
913,93	-13,41
914,10	-9,77
914,28	-6,14
914,46	-2,10
914,63	-2,70
914,81	-6,25
914,98	-11,33
915,16	-16,57
915,33	-9,21
915,51	-5,91
915,68	-7,26
915,86	-3,55
916,03	2,68
916,21	6,24
916,38	1,18
916,56	-5,91
916,73	-5,07
916,91	-6,17
917,08	-5,91
917,26	-2,11
917,43	2,28
917,61	-5,76
917,78	-9,29
917,96	-6,59
918,13	-9,45
918,31	-5,98
918,48	4,04
918,66	6,23
918,83	8,17
919,01	4,87
919,18	4,88
919,36	5,98
919,53	3,62
919,71	4,72
919,88	2,63
920,06	3,96
920,23	8,79
920,41	11,24
920,58	11,70
920,76	2,29
920,93	0,68
921,11	2,37
921,28	6,09
921,45	5,52
921,63	9,91
921,80	18,20
921,98	18,36
922,15	15,67
922,33	12,79
922,50	6,36
922,68	6,87
922,85	1,82
923,03	1,38
923,20	1,80
923,38	2,88
923,55	4,14
923,72	13,79
923,90	16,23
924,07	13,17
924,25	14,09
924,42	19,29
924,60	28,28
924,77	28,53
924,95	20,67
925,12	18,57
925,29	23,23
925,47	30,83
925,64	30,76
925,82	30,76
925,99	20,84
926,17	19,14
926,34	14,25
926,51	14,44
926,69	16,98
926,86	14,42
927,04	9,47
927,21	12,08
927,38	14,96
927,56	15,21
927,73	7,45
927,91	5,18
928,08	-0,92
928,25	5,51
928,43	1,72
928,60	4,35
928,78	9,71
928,95	10,55
929,12	4,54
929,30	14,42
929,47	19,00
929,65	18,06
929,82	17,64
929,99	17,03
930,17	18,14
930,34	21,95
930,52	19,50
930,69	22,39
930,86	23,16
931,04	20,41
931,21	19,98
931,38	29,07
931,56	20,16
931,73	17,36
931,91	14,23
932,08	11,01
932,25	11,69
932,43	16,98
932,60	21,30
932,77	13,24
932,95	13,17
933,12	5,03
933,29	11,27
933,47	10,35
933,64	5,76
933,82	7,38
933,99	16,38
934,16	21,90
934,34	27,17
934,51	26,67
934,68	15,71
934,86	8,84
935,03	16,31
935,20	15,62
935,38	21,46
935,55	5,99
935,72	-2,92
935,90	-3,01
936,07	0,62
936,24	-10,50
936,42	-14,84
936,59	-14,87
936,76	-15,71
936,94	-9,11
937,11	-8,43
937,28	-7,50
937,46	-2,79
937,63	1,55
937,80	10,47
937,97	20,90
938,15	27,16
938,32	25,81
938,49	32,10
938,67	32,27
938,84	32,53
939,01	33,12
939,19	32,19
939,36	38,18
939,53	37,51
939,70	31,02
939,88	34,50
940,05	33,13
940,22	29,48
940,40	26,36
940,57	22,96
940,74	20,74
940,92	22,94
941,09	20,06
941,26	29,07
941,43	29,82
941,61	25,53
941,78	31,72
941,95	29,68
942,12	23,22
942,30	21,27
942,47	15,91
942,64	17,45
942,82	17,63
942,99	10,10
943,16	0,51
943,33	1,28
943,51	-2,41
943,68	-6,46
943,85	-12,49
944,02	-16,39
944,20	-14,10
944,37	-10,74
944,54	-13,62
944,71	-9,53
944,89	-10,17
945,06	-7,29
945,23	-2,73
945,40	11,21
945,58	5,13
945,75	0,32
945,92	6,85
946,09	18,50
946,27	13,92
946,44	12,74
946,61	1,55
946,78	8,02
946,95	9,72
947,13	2,05
947,30	4,77
947,47	0,43
947,64	-5,86
947,82	1,14
947,99	0,03
948,16	-7,45
948,33	-11,97
948,50	-4,95
948,68	-7,75
948,85	1,10
949,02	-2,57
949,19	-1,13
949,36	-1,75
949,54	-4,29
949,71	3,59
949,88	7,31
950,05	9,78
950,22	10,71
950,40	15,29
950,57	17,33
950,74	7,93
950,91	11,66
951,08	6,42
951,26	5,15
951,43	4,98
951,60	7,36
951,77	2,20
951,94	1,96
952,11	-1,85
952,29	-4,40
952,46	1,62
952,63	-0,58
952,80	-0,73
952,97	4,19
953,15	-0,30
953,32	7,28
953,49	10,59
953,66	17,82
953,83	20,28
954,00	28,22
954,17	26,63
954,35	29,60
954,52	26,71
954,69	23,15
954,86	23,65
955,03	20,93
955,20	20,85
955,38	21,02
955,55	19,11
955,72	12,31
955,89	5,08
956,06	4,15
956,23	-5,16
956,40	-8,14
956,58	-6,96
956,75	-6,45
956,92	-4,83
957,09	-1,78
957,26	-1,87
957,43	3,95
957,60	12,35
957,77	10,57
957,95	18,69
958,12	19,70
958,29	16,73
958,46	23,86
958,63	31,99
958,80	38,50
958,97	37,57
959,14	29,51
959,31	29,91
959,49	33,56
959,66	27,23
959,83	19,07
960,00	21,94
960,17	19,76
960,34	21,21
960,51	24,18
960,68	22,82
960,85	20,10
961,02	12,49
961,20	12,75
961,37	17,17
961,54	14,55
961,71	17,20
961,88	17,88
962,05	17,90
962,22	15,61
962,39	20,13
962,56	23,94
962,73	23,94
962,90	24,61
963,07	25,15
963,24	27,27
963,42	28,46
963,59	25,59
963,76	26,61
963,93	19,30
964,10	13,22
964,27	13,05
964,44	11,36
964,61	8,65
964,78	-0,42
964,95	2,04
965,12	2,48
965,29	-1,86
965,46	-5,69
965,63	-3,74
965,80	2,34
965,97	4,63
966,14	3,79
966,31	7,26
966,48	9,87
966,66	11,56
966,83	14,68
967,00	18,39
967,17	10,66
967,34	9,22
967,51	4,05
967,68	3,63
967,85	1,52
968,02	1,35
968,19	7,51
968,36	8,86
968,53	13,01
968,70	12,92
968,87	11,39
969,04	2,00
969,21	-5,62
969,38	6,95
969,55	6,27
969,72	15,24
969,89	16,86
970,06	21,70
970,23	23,98
970,40	13,92
970,57	8,07
970,74	2,30
970,91	4,92
971,08	5,17
971,25	8,89
971,42	19,16
971,59	13,71
971,76	15,06
971,93	18,05
972,10	16,44
972,27	11,26
972,44	9,22
972,61	5,57
972,78	6,42
972,95	12,18
973,12	9,40
973,29	7,02
973,46	9,15
973,63	-1,91
973,80	-0,56
973,97	-3,85
974,14	-17,01
974,30	-16,34
974,47	-17,10
974,64	-18,79
974,81	-15,82
974,98	-2,39
975,15	-6,20
975,32	-5,61
975,49	-1,28
975,66	-2,23
975,83	8,06
976,00	9,60
976,17	4,67
976,34	17,83
976,51	20,53
976,68	21,88
976,85	24,51
977,02	25,70
977,19	18,20
977,36	23,80
977,52	22,61
977,69	24,44
977,86	20,56
978,03	19,21
978,20	11,14
978,37	21,04
978,54	11,47
978,71	7,68
978,88	13,01
979,05	18,72
979,22	21,74
979,39	26,93
979,56	26,60
979,72	23,81
979,89	21,97
980,06	25,78
980,23	26,45
980,40	29,77
980,57	29,53
980,74	33,09
980,91	35,63
981,08	32,65
981,25	24,91
981,41	22,06
981,58	14,16
981,75	7,81
981,92	15,16
982,09	13,47
982,26	4,13
982,43	2,85
982,60	3,44
982,77	2,51
982,93	-0,30
983,10	-0,55
983,27	-5,52
983,44	-3,91
983,61	-3,40
983,78	1,17
983,95	3,46
984,11	0,08
984,28	-4,50
984,45	6,79
984,62	11,86
984,79	8,47
984,96	11,53
985,13	17,39
985,30	21,85
985,46	27,70
985,63	27,02
985,80	21,60
985,97	20,76
986,14	23,47
986,31	23,81
986,47	30,58
986,64	25,67
986,81	15,92
986,98	19,82
987,15	7,17
987,32	1,67
987,48	0,52
987,65	-3,30
987,82	2,96
987,99	7,10
988,16	3,03
988,33	0,14
988,49	6,31
988,66	9,28
988,83	11,66
989,00	11,91
989,17	7,35
989,34	17,70
989,50	20,06
989,67	16,33
989,84	13,97
990,01	3,82
990,18	13,17
990,34	15,55
990,51	20,28
990,68	15,73
990,85	13,54
991,02	18,31
991,18	20,86
991,35	30,15
991,52	29,65
991,69	27,19
991,86	26,50
992,02	32,81
992,19	37,23
992,36	25,66
992,53	28,35
992,69	34,28
992,86	31,22
993,03	26,54
993,20	17,79
993,37	18,98
993,53	11,27
993,70	7,19
993,87	6,70
994,04	5,85
994,20	6,82
994,37	6,14
994,54	7,67
994,71	3,54
994,87	-10,51
995,04	-10,00
995,21	-7,72
995,38	-2,81
995,55	-5,54
995,71	-1,19
995,88	6,22
996,05	14,30
996,22	13,96
996,38	10,40
996,55	9,54
996,72	4,64
996,88	5,91
997,05	11,77
997,22	9,25
997,39	5,19
997,55	7,67
997,72	3,42
997,89	2,05
998,06	-0,02
998,22	-9,91
998,39	-7,95
998,56	-9,23
998,73	-5,25
998,89	10,12
999,06	11,14
999,23	9,95
999,39	10,63
999,56	15,38
999,73	5,84
999,90	15,78
1000,06	15,61
1000,23	7,71
1000,40	13,23
1000,56	11,36
1000,73	10,34
1000,90	-0,27
1001,06	-11,94
1001,23	-17,18
1001,40	-17,27
1001,57	-13,63
1001,73	-17,29
1001,90	-10,82
1002,07	-14,88
1002,23	-13,00
1002,40	-5,93
1002,57	-3,98
1002,73	-6,53
1002,90	3,92
1003,07	14,31
1003,23	10,85
1003,40	9,66
1003,57	7,02
1003,73	7,37
1003,90	3,82
1004,07	2,38
1004,23	6,38
1004,40	3,14
1004,57	3,80
1004,73	2,27
1004,90	0,98
1005,07	-10,90
1005,23	-17,02
1005,40	-11,43
1005,57	-8,57
1005,73	-8,40
1005,90	-10,02
1006,07	-3,76
1006,23	-2,73
1006,40	-3,75
1006,57	7,57
1006,73	-2,22
1006,90	-5,10
1007,06	-0,67
1007,23	8,54
1007,40	11,58
1007,56	12,94
1007,73	20,18
1007,90	22,56
1008,06	27,70
1008,23	26,26
1008,40	25,57
1008,56	23,36
1008,73	15,93
1008,89	20,46
1009,06	24,21
1009,23	21,25
1009,39	7,54
1009,56	8,74
1009,72	5,00
1009,89	4,29
1010,06	5,90
1010,22	2,97
1010,39	1,10
1010,55	-0,17
1010,72	6,19
1010,89	3,57
1011,05	4,93
1011,22	9,56
1011,38	15,91
1011,55	24,04
1011,72	19,95
1011,88	24,03
1012,05	21,73
1012,21	25,16
1012,38	27,71
1012,55	34,92
1012,71	35,76
1012,88	28,21
1013,04	26,35
1013,21	28,97
1013,37	31,45
1013,54	26,87
1013,71	30,36
1013,87	28,76
1014,04	24,63
1014,20	19,71
1014,37	12,22
1014,53	0,26
1014,70	-4,06
1014,87	-3,12
1015,03	-3,55
1015,20	-0,00
1015,36	-0,25
1015,53	-10,84
1015,69	-4,72
1015,86	-8,30
1016,02	1,84
1016,19	2,41
1016,36	5,81
1016,52	5,14
1016,69	13,18
1016,85	11,23
1017,02	7,23
1017,18	3,11
1017,35	-0,68
1017,51	-1,35
1017,68	-2,12
1017,84	0,27
1018,01	2,31
1018,17	-1,72
1018,34	-2,32
1018,50	-0,30
1018,67	-1,80
1018,84	-2,22
1019,00	-4,68
1019,17	-2,12
1019,33	-5,37
1019,50	-2,83
1019,66	-7,85
1019,83	0,27
1019,99	-11,70
1020,16	-16,12
1020,32	-13,99
1020,49	-8,15
1020,65	-14,90
1020,82	-11,12
1020,98	-12,82
1021,15	-4,86
1021,31	2,07
1021,48	9,01
1021,64	10,54
1021,81	14,29
1021,97	8,38
1022,14	8,00
1022,30	8,68
1022,47	5,26
1022,63	7,29
1022,79	10,93
1022,96	14,42
1023,12	19,84
1023,29	13,75
1023,45	3,83
1023,62	4,60
1023,78	-0,41
1023,95	-7,34
1024,11	-10,31
1024,28	-8,18
1024,44	-5,05
1024,61	-10,45
1024,77	-12,12
1024,94	-17,31
1025,10	-14,01
1025,26	-14,36
1025,43	-13,26
1025,59	-10,63
1025,76	-15,42
1025,92	-9,41
1026,09	-3,34
1026,25	-3,34
1026,42	-0,78
1026,58	-3,65
1026,74	3,13
1026,91	3,48
1027,07	12,22
1027,24	5,70
1027,40	5,47
1027,57	0,37
1027,73	0,12
1027,90	12,42
1028,06	4,69
1028,22	2,91
1028,39	6,55
1028,55	10,01
1028,72	13,66
1028,88	7,70
1029,04	10,92
1029,21	8,63
1029,37	8,96
1029,54	-0,56
1029,70	4,29
1029,87	11,76
1030,03	3,83
1030,19	5,03
1030,36	9,28
1030,52	15,63
1030,69	12,35
1030,85	7,33
1031,01	9,55
1031,18	0,81
1031,34	-4,38
1031,50	-1,14
1031,67	5,82
1031,83	11,57
1032,00	6,64
1032,16	9,88
1032,32	12,69
1032,49	11,09
1032,65	1,76
1032,82	1,42
1032,98	-1,20
1033,14	-1,37
1033,31	3,89
1033,47	5,25
1033,63	-0,35
1033,80	-2,88
1033,96	-7,44
1034,13	-12,71
1034,29	-11,52
1034,45	-8,99
1034,62	-5,16
1034,78	0,04
1034,94	4,52
1035,11	7,23
1035,27	7,31
1035,43	0,17
1035,60	5,01
1035,76	11,52
1035,92	10,47
1036,09	7,66
1036,25	13,50
1036,41	14,57
1036,58	8,20
1036,74	4,54
1036,90	4,67
1037,07	-0,66
1037,23	-4,84
1037,39	-1,94
1037,56	-2,93
1037,72	-5,97
1037,88	-6,19
1038,05	-0,48
1038,21	-1,89
1038,37	-8,50
1038,54	-10,49
1038,70	-6,65
1038,86	-5,38
1039,03	-9,94
1039,19	-7,47
1039,35	3,93
1039,52	6,54
1039,68	14,06
1039,84	17,03
1040,00	16,09
1040,17	16,16
1040,33	19,37
1040,49	19,18
1040,66	14,15
1040,82	3,41
1040,98	5,76
1041,15	9,50
1041,31	6,95
1041,47	0,74
1041,63	-2,98
1041,80	-9,34
1041,96	-11,13
1042,12	-16,37
1042,29	-22,89
1042,45	-24,34
1042,61	-19,23
1042,77	-17,17
1042,94	-4,73
1043,10	-1,21
1043,26	-4,02
1043,42	-2,16
1043,59	11,08
1043,75	-15,37
1043,91	19,83
1044,07	85,27
1044,24	3,32
1044,40	10,99
