345,22	-116,34
345,44	-116,34
345,66	-116,34
345,88	-6,03
346,10	30,75
346,32	-4,88
346,54	-12,31
346,75	-0,16
346,97	0,77
347,19	6,13
347,41	2,67
347,63	-1,69
347,85	-1,18
348,07	-5,85
348,29	-6,11
348,51	-10,43
348,73	-19,63
348,95	-22,17
349,16	-17,61
349,38	-19,73
349,60	-23,90
349,82	-5,12
350,04	6,03
350,26	10,35
350,48	12,65
350,70	11,97
350,92	8,41
351,14	9,68
351,35	11,04
351,57	14,37
351,79	20,04
352,01	12,32
352,23	16,14
352,45	21,39
352,67	7,47
352,89	-2,17
353,10	-6,33
353,32	-9,63
353,54	-9,12
353,76	-8,71
353,98	-4,03
354,20	-4,28
354,42	-9,44
354,64	-16,48
354,85	-17,33
355,07	-18,94
355,29	-25,03
355,51	-21,22
355,73	-20,21
355,95	-21,98
356,17	-19,11
356,38	-19,79
356,60	-16,22
356,82	-22,25
357,04	-21,41
357,26	-12,25
357,48	-7,33
357,69	-4,42
357,91	-4,93
358,13	-1,03
358,35	-2,47
358,57	2,20
358,79	13,38
359,01	15,50
359,22	16,61
359,44	23,79
359,66	23,11
359,88	17,00
360,10	15,81
360,32	9,47
360,53	10,22
360,75	4,95
360,97	1,46
361,19	3,32
361,41	-0,84
361,62	-10,68
361,84	-16,13
362,06	-13,51
362,28	-14,76
362,50	-19,30
362,72	-18,61
362,93	-11,49
363,15	-7,19
363,37	-7,88
363,59	1,90
363,81	7,14
364,02	10,00
364,24	9,15
364,46	14,00
364,68	17,83
364,90	19,24
365,11	6,51
365,33	6,78
365,55	11,36
365,77	0,60
365,99	-4,50
366,20	-0,08
366,42	-5,09
366,64	-9,31
366,86	-17,43
367,07	-18,54
367,29	-21,08
367,51	-17,44
367,73	-16,73
367,95	-8,73
368,16	-3,71
368,38	-3,20
368,60	-7,88
368,82	-6,26
369,03	-6,02
369,25	-5,85
369,47	-8,91
369,69	-10,85
369,91	-9,14
370,12	-8,81
370,34	-19,34
370,56	-24,85
370,78	-26,12
370,99	-21,80
371,21	-22,83
371,43	-16,88
371,65	-13,14
371,86	-20,69
372,08	-20,09
372,30	-15,93
372,52	-12,69
372,73	-13,45
372,95	-14,65
373,17	-6,99
373,39	-7,32
373,60	-6,23
373,82	-15,91
374,04	-17,02
374,26	-15,50
374,47	-18,97
374,69	-14,47
374,91	-12,43
375,12	-14,13
375,34	-14,55
375,56	-15,49
375,78	-17,28
375,99	-15,10
376,21	-16,20
376,43	-19,00
376,65	-13,30
376,86	-12,78
377,08	-10,15
377,30	-4,12
377,51	-9,98
377,73	-7,05
377,95	-6,46
378,17	-3,42
378,38	3,48
378,60	5,61
378,82	3,25
379,03	7,25
379,25	4,70
379,47	2,50
379,68	-1,72
379,90	-4,01
380,12	-6,55
380,34	-1,03
380,55	-2,87
380,77	-4,40
380,99	-2,11
381,20	-8,48
381,42	2,60
381,64	2,52
381,85	2,17
382,07	8,37
382,29	13,95
382,50	18,08
382,72	14,25
382,94	13,06
383,15	10,79
383,37	3,92
383,59	7,92
383,80	8,25
384,02	9,61
384,24	3,46
384,45	7,12
384,67	8,79
384,89	5,75
385,10	6,95
385,32	7,04
385,54	11,36
385,75	12,21
385,97	14,90
386,19	10,81
386,40	11,22
386,62	9,02
386,84	10,29
387,05	5,36
387,27	0,42
387,49	-2,86
387,70	3,60
387,92	-3,89
388,14	-3,97
388,35	-3,12
388,57	-1,59
388,79	-5,26
389,00	-3,68
389,22	-6,21
389,43	-6,72
389,65	-7,92
389,87	-4,86
390,08	-7,22
390,30	-10,27
390,52	-9,86
390,73	-4,25
390,95	-5,44
391,17	-16,15
391,38	-16,49
391,60	-9,35
391,81	2,91
392,03	5,97
392,25	6,23
392,46	7,41
392,68	2,18
392,89	0,19
393,11	1,28
393,33	2,23
393,54	-0,82
393,76	1,90
393,98	13,74
394,19	12,20
394,41	9,49
394,62	0,16
394,84	-0,60
395,06	1,76
395,27	-0,77
395,49	6,17
395,70	15,88
395,92	19,53
396,13	19,13
396,35	18,11
396,57	19,13
396,78	19,02
397,00	19,10
397,21	14,51
397,43	10,69
397,65	13,19
397,86	14,62
398,08	16,99
398,29	19,96
398,51	19,84
398,72	11,72
398,94	3,36
399,16	1,91
399,37	-0,04
399,59	1,14
399,80	5,41
400,02	6,25
400,23	13,55
400,45	10,20
400,67	7,08
400,88	7,94
401,10	1,48
401,31	-9,35
401,53	1,26
401,74	-0,45
401,96	7,10
402,17	10,64
402,39	4,81
402,61	3,85
402,82	9,38
403,04	14,90
403,25	18,73
403,47	17,11
403,68	17,78
403,90	15,85
404,11	26,03
404,33	23,29
404,54	23,82
404,76	11,41
404,97	6,50
405,19	-0,21
405,41	-0,73
405,62	-10,89
405,84	-19,99
406,05	-22,10
406,27	-22,42
406,48	-23,10
406,70	-14,56
406,91	-21,01
407,13	-19,49
407,34	-17,11
407,56	-5,70
407,77	0,68
407,99	3,03
408,20	3,63
408,42	13,03
408,63	17,36
408,85	16,92
409,06	19,53
409,28	12,65
409,49	3,05
409,71	3,82
409,92	6,67
410,14	7,00
410,35	4,03
410,57	-4,96
410,78	-0,51
411,00	-8,31
411,21	-17,33
411,43	-18,43
411,64	-21,06
411,86	-25,12
412,07	-20,70
412,29	-20,41
412,50	-17,87
412,72	-31,91
412,93	-28,68
413,15	-31,21
413,36	-27,57
413,58	-29,45
413,79	-22,48
414,01	-13,64
414,22	-6,62
414,43	1,62
414,65	-2,12
414,86	-0,34
415,08	5,72
415,29	1,65
415,51	7,66
415,72	10,01
415,94	14,56
416,15	20,49
416,37	23,98
416,58	18,38
416,80	10,57
417,01	4,14
417,22	-4,53
417,44	1,01
417,65	1,77
417,87	-2,55
418,08	1,88
418,30	2,90
418,51	-2,68
418,73	-3,51
418,94	-8,68
419,15	-14,60
419,37	-12,06
419,58	-2,79
419,80	-2,37
420,01	-2,19
420,23	-1,60
420,44	-2,53
420,65	-5,26
420,87	-7,29
421,08	-11,34
421,30	-12,63
421,51	-19,35
421,73	-19,68
421,94	-14,02
422,15	-16,07
422,37	-21,17
422,58	-28,46
422,80	-29,89
423,01	-35,16
423,22	-47,08
423,44	-35,31
423,65	-31,25
423,87	-31,38
424,08	-34,52
424,29	-28,24
424,51	-17,87
424,72	-26,97
424,94	-26,96
425,15	-30,81
425,36	-26,66
425,58	-31,95
425,79	-26,59
426,01	-17,72
426,22	-28,45
426,43	-35,91
426,65	-36,67
426,86	-28,52
427,08	-34,94
427,29	-47,69
427,50	-45,30
427,72	-45,54
427,93	-40,15
428,14	-35,65
428,36	-28,09
428,57	-29,19
428,79	-26,47
429,00	-28,02
429,21	-23,86
429,43	-21,21
429,64	-26,03
429,85	-27,41
430,07	-26,30
430,28	-21,04
430,49	-21,88
430,71	-25,46
430,92	-26,82
431,14	-35,20
431,35	-33,26
431,56	-33,17
431,78	-33,93
431,99	-37,64
432,20	-35,94
432,42	-48,53
432,63	-51,66
432,84	-53,78
433,06	-52,43
433,27	-47,27
433,48	-52,45
433,70	-59,12
433,91	-53,28
434,12	-63,30
434,34	-63,81
434,55	-58,28
434,76	-63,94
434,98	-60,57
435,19	-58,72
435,40	-57,78
435,62	-59,29
435,83	-68,55
436,04	-81,73
436,26	-81,65
436,47	-86,17
436,68	-86,01
436,90	-80,23
437,11	-83,09
437,32	-85,37
437,54	-79,56
437,75	-94,32
437,96	-81,14
438,17	-78,37
438,39	-77,55
438,60	-77,98
438,81	-64,56
439,03	-64,03
439,24	-64,68
439,45	-70,13
439,67	-76,20
439,88	-79,75
440,09	-76,98
440,30	-79,77
440,52	-76,24
440,73	-78,43
440,94	-76,88
441,16	-70,76
441,37	-64,35
441,58	-73,02
441,80	-73,60
442,01	-73,24
442,22	-79,17
442,43	-76,78
442,65	-76,71
442,86	-86,55
443,07	-79,86
443,28	-75,05
443,50	-90,09
443,71	-93,30
443,92	-104,70
444,14	-113,82
444,35	-104,89
444,56	-102,01
444,77	-97,79
444,99	-93,19
445,20	-90,26
445,41	-94,92
445,62	-95,54
445,84	-105,55
446,05	-112,03
446,26	-107,50
446,47	-98,18
446,69	-100,14
446,90	-102,30
447,11	-119,51
447,32	-116,04
447,54	-118,73
447,75	-122,20
447,96	-129,15
448,17	-124,12
448,39	-120,39
448,60	-113,18
448,81	-106,79
449,02	-103,88
449,23	-111,31
449,45	-104,73
449,66	-91,95
449,87	-86,96
450,08	-90,06
450,30	-85,80
450,51	-76,82
450,72	-71,45
450,93	-83,70
451,15	-82,30
451,36	-93,40
451,57	-94,74
451,78	-94,00
451,99	-97,07
452,21	-102,58
452,42	-104,87
452,63	-101,83
452,84	-102,88
453,05	-110,77
453,27	-113,63
453,48	-117,86
453,69	-107,86
453,90	-112,02
454,11	-101,50
454,33	-103,61
454,54	-100,07
454,75	-98,54
454,96	-88,45
455,17	-89,95
455,39	-96,77
455,60	-93,38
455,81	-91,27
456,02	-89,72
456,23	-79,84
456,45	-74,40
456,66	-76,22
456,87	-82,21
457,08	-77,65
457,29	-76,29
457,50	-77,97
457,72	-77,38
457,93	-81,39
458,14	-74,04
458,35	-80,82
458,56	-82,17
458,77	-84,93
458,99	-90,00
459,20	-100,10
459,41	-93,00
459,62	-94,66
459,83	-102,10
460,04	-102,41
460,26	-102,56
460,47	-113,04
460,68	-116,03
460,89	-120,39
461,10	-118,46
461,31	-114,63
461,52	-118,10
461,74	-120,54
461,95	-118,90
462,16	-112,47
462,37	-110,94
462,58	-107,28
462,79	-115,19
463,00	-110,90
463,22	-108,47
463,43	-99,71
463,64	-100,79
463,85	-99,82
464,06	-100,07
464,27	-102,46
464,48	-101,85
464,70	-97,37
464,91	-104,99
465,12	-103,43
465,33	-100,23
465,54	-96,06
465,75	-100,45
465,96	-104,60
466,17	-113,00
466,38	-109,48
466,60	-108,13
466,81	-103,54
467,02	-99,90
467,23	-100,29
467,44	-103,93
467,65	-99,35
467,86	-105,41
468,07	-112,28
468,28	-103,91
468,50	-104,64
468,71	-99,08
468,92	-100,18
469,13	-106,69
469,34	-103,97
469,55	-109,34
469,76	-103,57
469,97	-104,15
470,18	-93,32
470,39	-97,11
470,60	-90,32
470,82	-90,92
471,03	-100,09
471,24	-98,53
471,45	-100,70
471,66	-92,89
471,87	-81,71
472,08	-81,45
472,29	-78,80
472,50	-87,19
472,71	-86,37
472,92	-102,59
473,13	-112,61
473,34	-115,21
473,55	-105,73
473,77	-102,96
473,98	-96,34
474,19	-102,43
474,40	-110,46
474,61	-112,48
474,82	-119,11
475,03	-124,67
475,24	-118,51
475,45	-122,44
475,66	-113,58
475,87	-106,87
476,08	-108,93
476,29	-113,54
476,50	-118,11
476,71	-131,38
476,92	-126,08
477,13	-121,67
477,34	-128,27
477,55	-127,73
477,76	-122,39
477,97	-119,79
478,18	-123,16
478,40	-128,54
478,61	-135,27
478,82	-141,72
479,03	-145,74
479,24	-148,63
479,45	-140,39
479,66	-147,40
479,87	-149,03
480,08	-147,93
480,29	-145,90
480,50	-150,71
480,71	-154,36
480,92	-149,12
481,13	-144,74
481,34	-139,22
481,55	-131,55
481,76	-130,95
481,97	-129,31
482,18	-137,78
482,39	-137,14
482,60	-138,22
482,81	-140,15
483,02	-146,31
483,23	-150,23
483,44	-159,94
483,65	-167,48
483,86	-172,84
484,07	-178,89
484,28	-182,74
484,49	-184,47
484,70	-182,74
484,91	-186,03
485,12	-186,04
485,33	-188,83
485,54	-186,65
485,75	-184,90
485,96	-180,36
486,17	-177,19
486,38	-179,09
486,59	-178,47
486,80	-187,60
487,01	-188,18
487,21	-185,38
487,42	-181,90
487,63	-181,29
487,84	-175,83
488,05	-176,93
488,26	-184,50
488,47	-184,37
488,68	-193,08
488,89	-192,03
489,10	-188,55
489,31	-198,71
489,52	-190,37
489,73	-190,13
489,94	-187,49
490,15	-196,31
490,36	-198,37
490,57	-194,47
490,78	-201,16
490,99	-200,07
491,20	-203,23
491,41	-195,35
491,61	-199,04
491,82	-197,79
492,03	-193,75
492,24	-188,52
492,45	-192,27
492,66	-204,65
492,87	-202,70
493,08	-191,61
493,29	-197,81
493,50	-195,73
493,71	-201,99
493,92	-199,08
494,13	-205,12
494,34	-208,74
494,54	-210,58
494,75	-207,31
494,96	-217,02
495,17	-224,40
495,38	-216,50
495,59	-220,24
495,80	-235,10
496,01	-239,53
496,22	-233,64
496,43	-226,08
496,64	-231,16
496,84	-224,48
497,05	-228,69
497,26	-226,15
497,47	-234,40
497,68	-238,64
497,89	-234,71
498,10	-242,89
498,31	-245,79
498,52	-237,11
498,72	-235,19
498,93	-234,84
499,14	-243,61
499,35	-243,54
499,56	-260,34
499,77	-257,19
499,98	-259,47
500,19	-249,75
500,40	-237,20
500,60	-234,23
500,81	-234,66
501,02	-230,96
501,23	-236,93
501,44	-236,15
501,65	-246,04
501,86	-240,11
502,06	-246,30
502,27	-243,31
502,48	-233,72
502,69	-242,90
502,90	-253,88
503,11	-262,40
503,32	-257,73
503,53	-263,68
503,73	-262,76
503,94	-262,45
504,15	-263,58
504,36	-261,77
504,57	-257,03
504,78	-259,12
504,98	-255,43
505,19	-265,10
505,40	-260,21
505,61	-250,76
505,82	-256,95
506,03	-267,12
506,23	-255,98
506,44	-257,37
506,65	-256,59
506,86	-266,03
507,07	-275,33
507,28	-281,09
507,48	-278,00
507,69	-279,94
507,90	-282,13
508,11	-282,89
508,32	-287,78
508,53	-279,28
508,73	-273,02
508,94	-279,81
509,15	-275,53
509,36	-270,29
509,57	-255,89
509,77	-244,81
509,98	-242,06
510,19	-241,78
510,40	-245,99
510,61	-245,98
510,81	-243,78
511,02	-246,89
511,23	-246,43
511,44	-246,58
511,65	-248,01
511,85	-252,02
512,06	-251,25
512,27	-265,23
512,48	-268,90
512,69	-274,37
512,89	-269,75
513,10	-271,17
513,31	-274,01
513,52	-274,22
513,73	-271,32
513,93	-278,51
514,14	-273,59
514,35	-266,55
514,56	-270,28
514,76	-283,21
514,97	-280,54
515,18	-271,80
515,39	-274,54
515,60	-275,18
515,80	-273,78
516,01	-266,69
516,22	-271,40
516,43	-276,92
516,63	-272,76
516,84	-286,69
517,05	-291,47
517,26	-294,41
517,46	-286,18
517,67	-293,86
517,88	-301,73
518,09	-296,63
518,29	-304,46
518,50	-294,28
518,71	-294,18
518,92	-293,84
519,12	-292,90
519,33	-305,89
519,54	-295,38
519,75	-292,76
519,95	-299,65
520,16	-312,68
520,37	-310,89
520,57	-313,61
520,78	-319,40
520,99	-310,14
521,20	-320,19
521,40	-327,11
521,61	-326,64
521,82	-321,02
522,03	-305,79
522,23	-314,87
522,44	-318,48
522,65	-313,16
522,85	-306,42
523,06	-304,46
523,27	-305,28
523,48	-307,67
523,68	-323,24
523,89	-317,26
524,10	-314,69
524,30	-319,09
524,51	-320,71
524,72	-330,37
524,93	-326,74
525,13	-334,75
525,34	-336,02
525,55	-330,53
525,75	-328,35
525,96	-328,38
526,17	-331,66
526,37	-327,05
526,58	-332,53
526,79	-324,49
526,99	-321,96
527,20	-336,49
527,41	-339,18
527,62	-340,09
527,82	-341,50
528,03	-334,79
528,24	-333,20
528,44	-330,49
528,65	-317,83
528,86	-306,33
529,06	-306,39
529,27	-310,66
529,48	-325,54
529,68	-327,78
529,89	-317,56
530,10	-318,06
530,30	-318,29
530,51	-312,54
530,72	-320,90
530,92	-338,74
531,13	-339,00
531,34	-350,76
531,54	-360,67
531,75	-371,14
531,96	-362,99
532,16	-358,07
532,37	-350,96
532,57	-350,22
532,78	-346,14
532,99	-349,40
533,19	-346,34
533,40	-340,44
533,61	-325,71
533,81	-326,18
534,02	-322,14
534,23	-321,53
534,43	-311,54
534,64	-320,17
534,84	-328,01
535,05	-324,82
535,26	-319,67
535,46	-311,30
535,67	-309,92
535,88	-312,89
536,08	-320,99
536,29	-329,70
536,49	-331,95
536,70	-332,37
536,91	-322,58
537,11	-316,15
537,32	-312,42
537,53	-297,21
537,73	-306,08
537,94	-308,89
538,14	-313,91
538,35	-304,32
538,56	-310,23
538,76	-306,36
538,97	-299,09
539,17	-303,45
539,38	-374,32
539,59	-375,52
539,79	-382,02
540,00	-376,50
540,20	-387,21
540,41	-386,29
540,62	-387,66
540,82	-389,25
541,03	-388,62
541,23	-391,24
541,44	-383,19
541,64	-382,73
541,85	-379,20
542,06	-310,23
542,26	-314,12
542,47	-314,93
542,67	-318,28
542,88	-318,45
543,08	-317,42
543,29	-313,63
543,50	-312,22
543,70	-324,31
543,91	-318,80
544,11	-317,29
544,32	-312,59
544,52	-305,19
544,73	-305,70
544,94	-298,11
545,14	-288,66
545,35	-280,16
545,55	-275,38
545,76	-272,64
545,96	-274,98
546,17	-272,82
546,37	-272,57
546,58	-267,81
546,78	-270,05
546,99	-268,51
547,20	-275,70
547,40	-272,00
547,61	-277,14
547,81	-277,89
548,02	-288,31
548,22	-285,82
548,43	-283,86
548,63	-270,09
548,84	-261,56
549,04	-253,06
549,25	-240,56
549,45	-244,02
549,66	-246,54
549,86	-242,47
550,07	-242,79
550,27	-232,08
550,48	-228,79
550,69	-222,43
550,89	-217,87
551,10	-220,84
551,30	-231,71
551,51	-234,22
551,71	-234,88
551,92	-234,24
552,12	-233,43
552,33	-229,74
552,53	-226,33
552,74	-216,90
552,94	-220,12
553,15	-214,31
553,35	-200,46
553,56	-201,17
553,76	-195,90
553,97	-186,87
554,17	-175,21
554,38	-169,66
554,58	-175,81
554,79	-169,46
554,99	-171,52
555,19	-163,19
555,40	-163,77
555,60	-156,81
555,81	-156,68
556,01	-158,58
556,22	-152,49
556,42	-149,32
556,63	-149,34
556,83	-161,32
557,04	-159,40
557,24	-155,96
557,45	-145,99
557,65	-139,21
557,86	-136,65
558,06	-135,33
558,27	-145,23
558,47	-142,72
558,67	-142,87
558,88	-143,47
559,08	-144,47
559,29	-143,38
559,49	-137,71
559,70	-134,44
559,90	-142,12
560,11	-147,87
560,31	-143,30
560,52	-142,55
560,72	-147,35
560,92	-144,94
561,13	-149,52
561,33	-155,30
561,54	-148,92
561,74	-151,92
561,95	-149,87
562,15	-141,00
562,35	-146,53
562,56	-140,21
562,76	-140,02
562,97	-146,73
563,17	-144,11
563,38	-134,75
563,58	-129,34
563,78	-135,01
563,99	-124,67
564,19	-128,03
564,40	-119,06
564,60	-122,66
564,80	-127,39
565,01	-115,32
565,21	-103,08
565,42	-102,08
565,62	-98,43
565,83	-93,69
566,03	-92,55
566,23	-96,46
566,44	-75,80
566,64	-85,28
566,85	-77,24
567,05	-81,16
567,25	-69,37
567,46	-68,21
567,66	-62,70
567,86	-71,21
568,07	-69,74
568,27	-73,93
568,48	-80,45
568,68	-81,94
568,88	-73,91
569,09	-85,50
569,29	-81,90
569,50	-83,31
569,70	-72,44
569,90	-80,17
570,11	-76,85
570,31	-88,13
570,51	-69,72
570,72	-59,73
570,92	-53,89
571,13	-48,12
571,33	-43,36
571,53	-45,61
571,74	-42,78
571,94	-37,10
572,14	-30,51
572,35	-26,77
572,55	-16,45
572,75	-18,20
572,96	-18,19
573,16	-28,91
573,36	-36,75
573,57	-21,95
573,77	-21,54
573,97	-17,47
574,18	-7,05
574,38	5,99
574,59	7,02
574,79	-2,64
574,99	-9,24
575,20	-2,56
575,40	15,13
575,60	21,63
575,81	27,39
576,01	35,16
576,21	28,46
576,42	34,95
576,62	32,12
576,82	32,95
577,02	33,03
577,23	39,01
577,43	52,45
577,63	67,75
577,84	66,76
578,04	64,54
578,24	74,30
578,45	78,14
578,65	91,63
578,85	100,42
579,06	102,05
579,26	118,93
579,46	130,70
579,67	135,96
579,87	146,39
580,07	143,95
580,27	149,92
580,48	150,04
580,68	156,72
580,88	162,59
581,09	167,29
581,29	164,33
581,49	165,41
581,69	168,91
581,90	164,24
582,10	163,24
582,30	169,75
582,51	175,76
582,71	182,52
582,91	188,63
583,11	196,91
583,32	202,33
583,52	215,64
583,72	220,28
583,93	224,45
584,13	235,33
584,33	245,01
584,53	254,46
584,74	263,57
584,94	275,69
585,14	283,33
585,34	304,78
585,55	306,77
585,75	316,72
585,95	323,21
586,15	328,45
586,36	348,11
586,56	367,79
586,76	377,02
586,96	384,07
587,17	390,81
587,37	409,54
587,57	417,10
587,77	428,95
587,98	434,64
588,18	450,97
588,38	467,77
588,58	479,56
588,79	485,11
588,99	492,43
589,19	500,22
589,39	525,83
589,60	545,29
589,80	564,91
590,00	578,59
590,20	594,09
590,40	610,90
590,61	627,79
590,81	653,53
591,01	665,82
591,21	680,47
591,42	698,39
591,62	711,29
591,82	736,36
592,02	750,18
592,22	764,59
592,43	779,32
592,63	795,76
592,83	813,75
593,03	847,21
593,23	860,77
593,44	870,95
593,64	893,75
593,84	919,63
594,04	952,12
594,24	983,69
594,45	1000,18
594,65	1012,39
594,85	1040,51
595,05	1074,93
595,25	1096,40
595,46	1118,22
595,66	1132,48
595,86	1158,45
596,06	1187,95
596,26	1214,22
596,46	1236,09
596,67	1257,33
596,87	1284,81
597,07	1310,84
597,27	1349,54
597,47	1378,65
597,67	1400,56
597,88	1433,62
598,08	1462,33
598,28	1502,23
598,48	1535,25
598,68	1574,65
598,88	1611,13
599,09	1654,27
599,29	1688,88
599,49	1718,72
599,69	1745,19
599,89	1778,11
600,09	1817,15
600,30	1864,73
600,50	1891,67
600,70	1923,73
600,90	1952,45
601,10	1999,01
601,30	2024,71
601,50	2060,52
601,71	2088,91
601,91	2117,55
602,11	2151,71
602,31	2205,71
602,51	2244,68
602,71	2287,00
602,91	2329,91
603,11	2394,01
603,32	2461,30
603,52	2500,79
603,72	2544,10
603,92	2602,66
604,12	2662,88
604,32	2736,72
604,52	2799,14
604,72	2871,14
604,93	2931,66
605,13	2990,63
605,33	3052,36
605,53	3116,84
605,73	3164,23
605,93	3223,59
606,13	3288,44
606,33	3350,29
606,53	3427,32
606,74	3488,02
606,94	3537,40
607,14	3620,28
607,34	3682,66
607,54	3766,65
607,74	3843,86
607,94	3922,03
608,14	3993,29
608,34	4079,37
608,54	4154,81
608,74	4239,33
608,95	4331,56
609,15	4404,59
609,35	4514,68
609,55	4614,07
609,75	4716,04
609,95	4825,13
610,15	4919,24
610,35	5031,87
610,55	5139,12
610,75	5262,43
610,95	5390,99
611,15	5528,11
611,35	5672,11
611,55	5809,41
611,76	5955,36
611,96	6073,07
612,16	6209,69
612,36	6359,16
612,56	6509,68
612,76	6666,65
612,96	6828,27
613,16	6989,38
613,36	7149,61
613,56	7323,08
613,76	7497,29
613,96	7667,45
614,16	7845,18
614,36	8027,42
614,56	8236,29
614,76	8453,54
614,96	8645,33
615,16	8862,40
615,36	9064,60
615,56	9276,14
615,76	9526,48
615,97	9765,13
616,17	9992,10
616,37	10229,29
616,57	10481,64
616,77	10726,28
616,97	10997,83
617,17	11262,06
617,37	11536,93
617,57	11813,79
617,77	12103,45
617,97	12395,47
618,17	12720,66
618,37	13011,62
618,57	13323,54
618,77	13636,87
618,97	13977,70
619,17	14324,94
619,37	14680,84
619,57	15031,36
619,77	15388,31
619,97	15753,58
620,17	16132,22
620,37	16493,24
620,57	16903,69
620,77	17300,02
620,97	17692,98
621,17	18095,78
621,37	18526,16
621,57	18941,56
621,77	19371,25
621,97	19813,51
622,17	20250,11
622,37	20694,04
622,57	21137,48
622,77	21606,52
622,97	22071,73
623,17	22548,96
623,37	23008,43
623,57	23488,34
623,77	23999,51
623,97	24492,23
624,16	24966,98
624,36	25482,19
624,56	25992,81
624,76	26486,12
624,96	26996,51
625,16	27553,63
625,36	28070,73
625,56	28580,94
625,76	29077,17
625,96	29571,97
626,16	30056,33
626,36	30497,34
626,56	30965,39
626,76	31431,43
626,96	31849,48
627,16	32231,20
627,36	32619,28
627,56	32984,44
627,76	33294,20
627,96	33603,09
628,16	33891,70
628,35	34140,23
628,55	34295,36
628,75	34506,81
628,95	34648,24
629,15	34753,73
629,35	34789,98
629,55	34805,03
629,75	34768,60
629,95	34727,88
630,15	34635,87
630,35	34483,61
630,55	34304,33
630,75	34083,16
630,95	33831,28
631,14	33576,93
631,34	33235,69
631,54	32880,17
631,74	32480,68
631,94	32078,94
632,14	31599,85
632,34	31135,50
632,54	30614,78
632,74	30055,90
632,94	29482,43
633,14	28847,98
633,33	28243,09
633,53	27591,35
633,73	26949,33
633,93	26259,53
634,13	25583,06
634,33	24875,20
634,53	24184,10
634,73	23489,82
634,93	22777,61
635,12	22056,08
635,32	21339,89
635,52	20617,35
635,72	19926,90
635,92	19210,04
636,12	18510,54
636,32	17836,77
636,52	17177,37
636,71	16527,43
636,91	15875,98
637,11	15249,55
637,31	14649,84
637,51	14082,55
637,71	13525,66
637,91	12986,18
638,11	12471,22
638,30	11985,15
638,50	11523,73
638,70	11081,84
638,90	10657,26
639,10	10245,94
639,30	9831,46
639,50	9473,98
639,69	9100,22
639,89	8749,76
640,09	8414,62
640,29	8094,14
640,49	7792,55
640,69	7509,34
640,88	7220,93
641,08	6952,16
641,28	6691,88
641,48	6432,77
641,68	6191,38
641,88	5978,38
642,07	5752,98
642,27	5553,03
642,47	5344,82
642,67	5143,57
642,87	4953,83
643,07	4774,94
643,26	4586,45
643,46	4410,51
643,66	4228,32
643,86	4060,94
644,06	3896,80
644,26	3740,96
644,45	3579,90
644,65	3438,36
644,85	3290,50
645,05	3159,55
645,25	3015,02
645,44	2878,73
645,64	2745,05
645,84	2627,08
646,04	2516,36
646,24	2401,32
646,43	2290,80
646,63	2179,93
646,83	2052,52
647,03	1952,29
647,23	1851,56
647,42	1748,87
647,62	1644,99
647,82	1570,62
648,02	1489,75
648,22	1417,48
648,41	1337,45
648,61	1243,16
648,81	1163,90
649,01	1090,28
649,20	1021,76
649,40	977,30
649,60	918,28
649,80	851,32
650,00	795,92
650,19	749,36
650,39	692,94
650,59	641,71
650,79	588,31
650,98	536,69
651,18	506,58
651,38	470,30
651,58	437,93
651,77	418,13
651,97	384,74
652,17	350,34
652,37	328,91
652,56	304,87
652,76	277,44
652,96	259,71
653,16	241,98
653,35	214,32
653,55	203,50
653,75	184,47
653,95	173,95
654,14	144,28
654,34	115,69
654,54	97,15
654,74	81,17
654,93	65,93
655,13	50,06
655,33	41,93
655,52	22,56
655,72	10,84
655,92	4,35
656,12	-9,40
656,31	-20,28
656,51	-41,18
656,71	-38,35
656,91	-41,85
657,10	-43,89
657,30	-50,10
657,50	-65,08
657,69	-67,50
657,89	-78,12
658,09	-83,32
658,29	-92,48
658,48	-96,06
658,68	-102,03
658,88	-105,51
659,07	-104,41
659,27	-110,00
659,47	-121,88
659,66	-125,37
659,86	-121,92
660,06	-133,50
660,26	-128,09
660,45	-131,67
660,65	-130,99
660,85	-137,58
661,04	-137,95
661,24	-138,07
661,44	-140,35
661,63	-150,35
661,83	-153,71
662,03	-149,27
662,22	-158,33
662,42	-168,42
662,62	-164,52
662,81	-181,71
663,01	-186,58
663,21	-188,88
663,40	-181,26
663,60	-181,53
663,80	-184,69
663,99	-194,14
664,19	-188,15
664,39	-195,31
664,58	-195,80
664,78	-201,00
664,98	-203,34
665,17	-191,87
665,37	-189,94
665,57	-193,37
665,76	-199,24
665,96	-212,61
666,16	-218,40
666,35	-217,13
666,55	-217,22
666,74	-220,69
666,94	-212,59
667,14	-213,61
667,33	-204,21
667,53	-200,16
667,73	-212,95
667,92	-226,96
668,12	-222,32
668,32	-214,26
668,51	-211,43
668,71	-217,63
668,90	-220,25
669,10	-222,30
669,30	-222,08
669,49	-238,43
669,69	-238,03
669,89	-245,76
670,08	-250,57
670,28	-249,20
670,47	-241,11
670,67	-242,97
670,87	-251,53
671,06	-249,90
671,26	-247,79
671,45	-240,29
671,65	-235,91
671,85	-241,70
672,04	-232,32
672,24	-246,30
672,43	-242,48
672,63	-244,27
672,83	-238,04
673,02	-234,99
673,22	-242,14
673,41	-243,27
673,61	-245,05
673,81	-234,56
674,00	-243,62
674,20	-243,04
674,39	-229,29
674,59	-232,20
674,78	-222,03
674,98	-233,05
675,18	-233,60
675,37	-233,33
675,57	-234,64
675,76	-230,13
675,96	-230,12
676,15	-230,70
676,35	-241,70
676,55	-250,13
676,74	-254,13
676,94	-265,65
677,13	-269,88
677,33	-275,05
677,52	-266,30
677,72	-268,43
677,91	-281,58
678,11	-286,00
678,31	-289,94
678,50	-300,34
678,70	-305,16
678,89	-305,13
679,09	-297,56
679,28	-307,89
679,48	-310,06
679,67	-309,97
679,87	-310,62
680,06	-318,50
680,26	-318,77
680,46	-316,12
680,65	-313,44
680,85	-313,20
681,04	-310,42
681,24	-312,85
681,43	-316,81
681,63	-325,09
681,82	-321,45
682,02	-326,66
682,21	-329,82
682,41	-329,66
682,60	-322,84
682,80	-325,44
682,99	-325,62
683,19	-333,41
683,38	-339,05
683,58	-337,84
683,77	-333,62
683,97	-332,27
684,16	-344,81
684,36	-341,03
684,55	-325,05
684,75	-318,47
684,94	-322,95
685,14	-328,36
685,33	-323,17
685,53	-322,74
685,72	-328,30
685,92	-322,42
686,11	-328,44
686,31	-347,86
686,50	-357,61
686,70	-347,67
686,89	-355,13
687,09	-370,81
687,28	-381,50
687,48	-380,61
687,67	-386,22
687,87	-401,18
688,06	-411,08
688,26	-409,39
688,45	-418,14
688,65	-413,07
688,84	-408,03
689,03	-406,93
689,23	-409,65
689,42	-403,41
689,62	-412,80
689,81	-415,41
690,01	-428,36
690,20	-438,56
690,40	-433,66
690,59	-440,23
690,79	-441,98
690,98	-444,83
691,17	-456,18
691,37	-464,09
691,56	-474,87
691,76	-484,60
691,95	-495,56
692,15	-494,39
692,34	-503,67
692,54	-506,34
692,73	-506,92
692,92	-510,98
693,12	-511,22
693,31	-518,93
693,51	-521,18
693,70	-525,94
693,90	-527,74
694,09	-532,23
694,28	-532,41
694,48	-544,37
694,67	-541,15
694,87	-538,80
695,06	-540,51
695,26	-537,87
695,45	-548,30
695,64	-550,35
695,84	-559,91
696,03	-573,75
696,23	-575,11
696,42	-572,54
696,61	-574,34
696,81	-576,35
697,00	-569,35
697,20	-589,07
697,39	-598,92
697,58	-612,86
697,78	-617,02
697,97	-623,73
698,17	-631,88
698,36	-632,92
698,55	-631,17
698,75	-648,07
698,94	-666,89
699,14	-677,17
699,33	-682,11
699,52	-696,13
699,72	-692,23
699,91	-698,33
700,10	-694,40
700,30	-702,66
700,49	-707,06
700,69	-717,47
700,88	-716,55
701,07	-716,44
701,27	-714,67
701,46	-707,89
701,65	-705,53
701,85	-711,50
702,04	-718,39
702,23	-726,36
702,43	-733,54
702,62	-748,55
702,82	-761,40
703,01	-756,55
703,20	-750,78
703,40	-750,70
703,59	-759,08
703,78	-757,27
703,98	-764,97
704,17	-777,44
704,36	-783,56
704,56	-786,36
704,75	-789,38
704,94	-797,45
705,14	-797,92
705,33	-788,62
705,52	-804,99
705,72	-819,75
705,91	-830,12
706,10	-852,74
706,30	-864,38
706,49	-875,53
706,68	-877,62
706,88	-885,67
707,07	-884,69
707,26	-883,93
707,46	-883,04
707,65	-887,54
707,84	-901,17
708,04	-903,49
708,23	-911,83
708,42	-938,22
708,62	-932,31
708,81	-932,37
709,00	-935,92
709,19	-945,16
709,39	-956,65
709,58	-962,65
709,77	-982,91
709,97	-991,17
710,16	-987,83
710,35	-994,94
710,55	-1002,31
710,74	-1001,72
710,93	-986,08
711,12	-991,39
711,32	-992,28
711,51	-996,39
711,70	-989,56
711,90	-981,00
712,09	-988,07
712,28	-977,74
712,47	-968,33
712,67	-968,01
712,86	-959,02
713,05	-950,49
713,24	-938,95
713,44	-932,25
713,63	-919,72
713,82	-920,09
714,02	-895,60
714,21	-890,18
714,40	-882,34
714,59	-860,06
714,79	-862,24
714,98	-857,55
715,17	-847,58
715,36	-838,52
715,56	-830,85
715,75	-827,90
715,94	-828,37
716,13	-830,07
716,33	-826,89
716,52	-839,04
716,71	-836,08
716,90	-838,97
717,10	-854,71
717,29	-849,00
717,48	-848,48
717,67	-859,88
717,87	-860,74
718,06	-859,95
718,25	-866,67
718,44	-861,92
718,63	-853,61
718,83	-838,59
719,02	-824,83
719,21	-819,28
719,40	-815,99
719,60	-809,17
719,79	-807,38
719,98	-812,46
720,17	-807,11
720,36	-808,69
720,56	-812,83
720,75	-810,24
720,94	-808,31
721,13	-816,99
721,33	-827,72
721,52	-842,87
721,71	-863,70
721,90	-867,70
722,09	-876,12
722,29	-882,99
722,48	-884,08
722,67	-888,14
722,86	-904,39
723,05	-908,94
723,24	-924,62
723,44	-934,71
723,63	-931,95
723,82	-941,80
724,01	-937,27
724,20	-929,41
724,40	-929,00
724,59	-924,01
724,78	-919,36
724,97	-928,05
725,16	-930,05
725,35	-925,37
725,55	-925,20
725,74	-913,97
725,93	-918,54
726,12	-926,35
726,31	-936,12
726,51	-944,19
726,70	-946,00
726,89	-946,04
727,08	-958,63
727,27	-968,37
727,46	-960,81
727,65	-963,15
727,85	-969,05
728,04	-971,26
728,23	-977,44
728,42	-991,66
728,61	-982,65
728,80	-982,49
729,00	-990,78
729,19	-1000,57
729,38	-1016,33
729,57	-1019,22
729,76	-1023,73
729,95	-1037,67
730,14	-1053,30
730,33	-1060,57
730,53	-1081,06
730,72	-1098,85
730,91	-1098,30
731,10	-1128,91
731,29	-1137,53
731,48	-1147,54
731,67	-1155,64
731,86	-1170,67
732,06	-1185,21
732,25	-1193,96
732,44	-1205,06
732,63	-1215,26
732,82	-1224,91
733,01	-1229,55
733,20	-1229,15
733,39	-1230,00
733,59	-1238,61
733,78	-1251,63
733,97	-1259,45
734,16	-1273,63
734,35	-1282,10
734,54	-1289,69
734,73	-1297,56
734,92	-1311,74
735,11	-1318,75
735,30	-1331,79
735,49	-1343,63
735,69	-1353,31
735,88	-1379,69
736,07	-1392,15
736,26	-1396,78
736,45	-1400,69
736,64	-1407,97
736,83	-1411,99
737,02	-1405,43
737,21	-1413,21
737,40	-1411,27
737,59	-1419,28
737,78	-1416,67
737,98	-1422,47
738,17	-1434,82
738,36	-1430,13
738,55	-1422,29
738,74	-1424,16
738,93	-1431,79
739,12	-1430,04
739,31	-1432,67
739,50	-1442,79
739,69	-1456,35
739,88	-1464,75
740,07	-1462,78
740,26	-1468,69
740,45	-1463,25
740,64	-1469,74
740,83	-1484,86
741,02	-1489,66
741,22	-1488,51
741,41	-1502,04
741,60	-1506,90
741,79	-1518,40
741,98	-1526,53
742,17	-1533,97
742,36	-1537,45
742,55	-1548,15
742,74	-1560,16
742,93	-1576,87
743,12	-1569,24
743,31	-1572,89
743,50	-1582,49
743,69	-1593,95
743,88	-1593,12
744,07	-1599,32
744,26	-1601,21
744,45	-1601,23
744,64	-1612,58
744,83	-1613,94
745,02	-1623,20
745,21	-1621,88
745,40	-1617,25
745,59	-1626,91
745,78	-1626,68
745,97	-1622,65
746,16	-1628,25
746,35	-1625,50
746,54	-1635,03
746,73	-1632,43
746,92	-1627,56
747,11	-1605,01
747,30	-1607,68
747,49	-1600,18
747,68	-1599,15
747,87	-1609,07
748,06	-1608,36
748,25	-1608,25
748,44	-1613,36
748,63	-1602,82
748,82	-1610,34
749,01	-1610,91
749,20	-1617,32
749,39	-1615,21
749,58	-1621,14
749,77	-1623,56
749,96	-1625,19
750,15	-1632,03
750,34	-1628,24
750,53	-1624,11
750,72	-1617,67
750,91	-1619,38
751,10	-1620,77
751,29	-1614,32
751,48	-1605,65
751,67	-1601,59
751,86	-1621,79
752,04	-1643,03
752,23	-1645,80
752,42	-1640,54
752,61	-1645,03
752,80	-1639,10
752,99	-1653,70
753,18	-1660,78
753,37	-1653,96
753,56	-1661,49
753,75	-1673,73
753,94	-1664,86
754,13	-1669,97
754,32	-1648,27
754,51	-1607,09
754,70	-1586,37
754,89	-1573,05
755,08	-1545,10
755,27	-1522,78
755,45	-1486,37
755,64	-1449,54
755,83	-1429,62
756,02	-1396,48
756,21	-1361,45
756,40	-1343,52
756,59	-1303,64
756,78	-1284,97
756,97	-1260,37
757,16	-1235,93
757,35	-1218,94
757,54	-1195,07
757,72	-1179,79
757,91	-1155,03
758,10	-1143,71
758,29	-1109,99
758,48	-1096,20
758,67	-1062,85
758,86	-1037,65
759,05	-1016,46
759,24	-996,50
759,43	-987,83
759,61	-978,90
759,80	-958,64
759,99	-939,43
760,18	-918,07
760,37	-910,48
760,56	-894,29
760,75	-896,66
760,94	-876,50
761,13	-880,02
761,31	-876,92
761,50	-873,45
761,69	-862,38
761,88	-859,39
762,07	-859,10
762,26	-856,65
762,45	-871,68
762,64	-880,88
762,82	-883,06
763,01	-900,55
763,20	-911,38
763,39	-946,20
763,58	-961,05
763,77	-977,59
763,96	-994,08
764,14	-1022,51
764,33	-1049,62
764,52	-1060,83
764,71	-1088,94
764,90	-1108,71
765,09	-1124,78
765,27	-1152,81
765,46	-1173,44
765,65	-1198,18
765,84	-1208,95
766,03	-1224,81
766,22	-1255,65
766,41	-1284,04
766,59	-1297,00
766,78	-1324,11
766,97	-1347,14
767,16	-1361,80
767,35	-1371,34
767,54	-1396,47
767,72	-1407,91
767,91	-1418,02
768,10	-1427,46
768,29	-1442,06
768,48	-1464,61
768,66	-1462,09
768,85	-1465,64
769,04	-1473,17
769,23	-1474,63
769,42	-1495,88
769,61	-1494,80
769,79	-1493,42
769,98	-1502,87
770,17	-1508,27
770,36	-1516,64
770,55	-1521,77
770,73	-1513,33
770,92	-1512,05
771,11	-1521,00
771,30	-1528,31
771,49	-1534,96
771,67	-1530,74
771,86	-1506,62
772,05	-1519,50
772,24	-1540,42
772,42	-1534,88
772,61	-1535,49
772,80	-1529,41
772,99	-1532,06
773,18	-1538,23
773,36	-1522,96
773,55	-1527,62
773,74	-1522,07
773,93	-1519,08
774,11	-1528,08
774,30	-1534,05
774,49	-1526,67
774,68	-1517,13
774,87	-1515,94
775,05	-1515,96
775,24	-1519,40
775,43	-1519,48
775,62	-1518,58
775,80	-1524,18
775,99	-1520,19
776,18	-1521,90
776,37	-1519,05
776,55	-1521,61
776,74	-1525,95
776,93	-1527,76
777,12	-1528,99
777,30	-1519,59
777,49	-1518,09
777,68	-1515,32
777,87	-1514,54
778,05	-1527,69
778,24	-1535,71
778,43	-1532,75
778,62	-1523,91
778,80	-1526,21
778,99	-1519,62
779,18	-1516,38
779,36	-1506,61
779,55	-1507,49
779,74	-1520,74
779,93	-1524,83
780,11	-1526,11
780,30	-1520,36
780,49	-1501,30
780,68	-1496,86
780,86	-1495,91
781,05	-1497,46
781,24	-1498,89
781,42	-1498,45
781,61	-1499,95
781,80	-1500,41
781,98	-1494,31
782,17	-1482,65
782,36	-1474,43
782,55	-1471,76
782,73	-1469,39
782,92	-1471,60
783,11	-1468,78
783,29	-1456,44
783,48	-1455,88
783,67	-1447,74
783,85	-1443,50
784,04	-1439,35
784,23	-1449,57
784,42	-1455,41
784,60	-1451,64
784,79	-1442,94
784,98	-1432,30
785,16	-1427,22
785,35	-1418,66
785,54	-1418,47
785,72	-1418,79
785,91	-1412,91
786,10	-1404,99
786,28	-1389,47
786,47	-1385,57
786,66	-1383,89
786,84	-1366,86
787,03	-1367,09
787,22	-1379,33
787,40	-1385,03
787,59	-1383,67
787,78	-1384,77
787,96	-1373,42
788,15	-1354,79
788,34	-1358,74
788,52	-1364,88
788,71	-1368,70
788,89	-1364,30
789,08	-1351,85
789,27	-1348,13
789,45	-1348,57
789,64	-1335,55
789,83	-1323,23
790,01	-1311,84
790,20	-1315,04
790,39	-1312,78
790,57	-1326,80
790,76	-1312,28
790,95	-1307,88
791,13	-1305,12
791,32	-1295,37
791,50	-1293,83
791,69	-1297,44
791,88	-1295,33
792,06	-1293,07
792,25	-1290,01
792,43	-1297,79
792,62	-1290,24
792,81	-1289,50
792,99	-1285,38
793,18	-1285,52
793,37	-1286,34
793,55	-1283,60
793,74	-1289,32
793,92	-1281,93
794,11	-1279,82
794,30	-1275,11
794,48	-1283,56
794,67	-1295,39
794,85	-1304,84
795,04	-1297,22
795,23	-1307,83
795,41	-1300,09
795,60	-1298,49
795,78	-1298,46
795,97	-1294,31
796,15	-1292,37
796,34	-1305,69
796,53	-1316,74
796,71	-1314,91
796,90	-1308,91
797,08	-1313,04
797,27	-1297,83
797,46	-1298,16
797,64	-1299,67
797,83	-1317,06
798,01	-1322,80
798,20	-1317,78
798,38	-1324,83
798,57	-1323,14
798,76	-1305,92
798,94	-1289,96
799,13	-1301,11
799,31	-1306,63
799,50	-1293,11
799,68	-1295,19
799,87	-1305,78
800,05	-1294,95
800,24	-1285,68
800,43	-1287,11
800,61	-1283,96
800,80	-1279,20
800,98	-1278,64
801,17	-1286,17
801,35	-1286,24
801,54	-1284,59
801,72	-1277,58
801,91	-1283,93
802,09	-1285,70
802,28	-1279,66
802,46	-1285,21
802,65	-1283,56
802,84	-1288,50
803,02	-1288,16
803,21	-1291,28
803,39	-1288,95
803,58	-1298,67
803,76	-1308,69
803,95	-1300,23
804,13	-1299,97
804,32	-1306,77
804,50	-1305,77
804,69	-1305,50
804,87	-1296,24
805,06	-1292,81
805,24	-1279,79
805,43	-1283,57
805,61	-1277,83
805,80	-1280,91
805,98	-1274,09
806,17	-1264,62
806,35	-1264,87
806,54	-1263,39
806,72	-1249,60
806,91	-1249,63
807,09	-1245,26
807,28	-1249,25
807,46	-1251,54
807,65	-1246,83
807,83	-1245,15
808,02	-1246,67
808,20	-1234,24
808,39	-1229,86
808,57	-1229,55
808,76	-1215,25
808,94	-1206,38
809,13	-1194,92
809,31	-1170,67
809,49	-1167,86
809,68	-1156,98
809,86	-1139,05
810,05	-1132,96
810,23	-1116,81
810,42	-1097,07
810,60	-1088,03
810,79	-1078,93
810,97	-1066,14
811,16	-1058,42
811,34	-1048,18
811,53	-1035,09
811,71	-1036,01
811,89	-1021,75
812,08	-1005,83
812,26	-1007,84
812,45	-993,74
812,63	-989,35
812,82	-978,64
813,00	-992,18
813,19	-975,73
813,37	-966,79
813,55	-956,89
813,74	-947,90
813,92	-946,33
814,11	-934,66
814,29	-931,54
814,48	-926,72
814,66	-919,01
814,84	-916,99
815,03	-918,00
815,21	-921,10
815,40	-897,44
815,58	-901,53
815,77	-900,26
815,95	-899,83
816,13	-897,93
816,32	-898,77
816,50	-900,35
816,69	-892,63
816,87	-883,46
817,05	-881,12
817,24	-878,72
817,42	-873,34
817,61	-867,76
817,79	-874,58
817,97	-871,03
818,16	-865,47
818,34	-868,60
818,53	-864,78
818,71	-863,08
818,89	-867,61
819,08	-872,19
819,26	-876,47
819,45	-874,12
819,63	-879,06
819,81	-874,38
820,00	-880,23
820,18	-875,84
820,36	-872,35
820,55	-876,80
820,73	-881,34
820,92	-896,79
821,10	-893,09
821,28	-890,21
821,47	-892,10
821,65	-897,32
821,83	-903,65
822,02	-906,12
822,20	-910,14
822,39	-912,08
822,57	-910,79
822,75	-907,10
822,94	-910,94
823,12	-912,01
823,30	-899,12
823,49	-905,18
823,67	-903,92
823,85	-897,82
824,04	-892,65
824,22	-892,89
824,40	-889,18
824,59	-887,59
824,77	-886,56
824,95	-890,87
825,14	-894,08
825,32	-887,67
825,50	-881,34
825,69	-893,19
825,87	-890,96
826,05	-898,31
826,24	-902,97
826,42	-914,38
826,60	-904,30
826,79	-908,99
826,97	-913,54
827,15	-909,57
827,34	-909,89
827,52	-920,80
827,70	-919,40
827,89	-910,67
828,07	-901,03
828,25	-901,22
828,44	-904,51
828,62	-908,50
828,80	-900,24
828,98	-912,36
829,17	-917,08
829,35	-906,25
829,53	-894,78
829,72	-897,84
829,90	-888,10
830,08	-893,89
830,27	-899,54
830,45	-909,37
830,63	-904,52
830,81	-898,76
831,00	-896,96
831,18	-888,85
831,36	-882,71
831,55	-880,13
831,73	-889,94
831,91	-908,17
832,09	-902,82
832,28	-917,27
832,46	-911,29
832,64	-910,15
832,82	-902,73
833,01	-908,13
833,19	-904,94
833,37	-898,69
833,55	-901,33
833,74	-896,80
833,92	-903,70
834,10	-899,22
834,29	-888,26
834,47	-890,71
834,65	-877,10
834,83	-879,98
835,02	-887,75
835,20	-882,55
835,38	-884,57
835,56	-889,30
835,75	-891,35
835,93	-903,99
836,11	-910,85
836,29	-898,14
836,47	-901,71
836,66	-908,03
836,84	-906,72
837,02	-901,63
837,20	-904,49
837,39	-900,14
837,57	-905,10
837,75	-908,86
837,93	-912,16
838,12	-916,69
838,30	-914,24
838,48	-919,68
838,66	-916,44
838,84	-920,32
839,03	-921,22
839,21	-921,55
839,39	-929,63
839,57	-925,33
839,75	-935,89
839,94	-939,47
840,12	-943,19
840,30	-933,30
840,48	-930,02
840,66	-926,83
840,85	-920,06
841,03	-936,99
841,21	-938,31
841,39	-936,34
841,57	-941,87
841,76	-937,58
841,94	-943,47
842,12	-935,42
842,30	-929,02
842,48	-926,83
842,67	-935,96
842,85	-943,51
843,03	-949,57
843,21	-943,73
843,39	-931,44
843,57	-929,12
843,76	-930,96
843,94	-918,14
844,12	-925,62
844,30	-919,13
844,48	-917,93
844,66	-911,52
844,85	-905,58
845,03	-904,76
845,21	-899,49
845,39	-900,72
845,57	-904,62
845,75	-897,78
845,94	-884,17
846,12	-880,87
846,30	-886,05
846,48	-870,08
846,66	-868,29
846,84	-870,67
847,02	-876,02
847,21	-872,34
847,39	-852,37
847,57	-850,74
847,75	-836,06
847,93	-828,81
848,11	-821,60
848,29	-821,51
848,48	-828,73
848,66	-824,37
848,84	-826,48
849,02	-824,93
849,20	-814,07
849,38	-815,69
849,56	-809,98
849,74	-820,71
849,93	-821,27
850,11	-816,76
850,29	-822,43
850,47	-829,15
850,65	-828,53
850,83	-816,39
851,01	-804,07
851,19	-809,41
851,37	-804,10
851,56	-799,78
851,74	-792,37
851,92	-798,16
852,10	-792,96
852,28	-771,73
852,46	-770,57
852,64	-766,07
852,82	-765,19
853,00	-768,15
853,18	-774,60
853,37	-783,87
853,55	-772,72
853,73	-775,65
853,91	-786,55
854,09	-793,36
854,27	-786,89
854,45	-777,20
854,63	-780,84
854,81	-786,68
854,99	-789,10
855,17	-779,51
855,35	-775,10
855,53	-760,90
855,72	-760,49
855,90	-760,66
856,08	-762,14
856,26	-752,42
856,44	-747,54
856,62	-751,12
856,80	-762,20
856,98	-772,66
857,16	-770,23
857,34	-763,76
857,52	-774,68
857,70	-782,79
857,88	-789,01
858,06	-786,82
858,24	-788,75
858,42	-790,55
858,60	-786,71
858,78	-777,63
858,96	-782,37
859,15	-775,79
859,33	-779,98
859,51	-778,90
859,69	-777,19
859,87	-774,19
860,05	-766,85
860,23	-758,65
860,41	-762,47
860,59	-763,32
860,77	-754,66
860,95	-755,93
861,13	-753,20
861,31	-735,88
861,49	-734,05
861,67	-720,68
861,85	-716,37
862,03	-712,76
862,21	-704,61
862,39	-696,74
862,57	-698,95
862,75	-700,10
862,93	-697,48
863,11	-692,81
863,29	-697,24
863,47	-697,24
863,65	-695,51
863,83	-698,15
864,01	-690,70
864,19	-694,11
864,37	-695,73
864,55	-692,43
864,73	-691,41
864,91	-693,68
865,09	-680,90
865,27	-675,24
865,45	-675,55
865,63	-674,45
865,81	-670,44
865,99	-674,97
866,17	-670,17
866,35	-673,05
866,53	-664,25
866,71	-659,18
866,89	-664,39
867,07	-663,86
867,24	-659,86
867,42	-663,87
867,60	-664,10
867,78	-661,93
867,96	-654,44
868,14	-653,92
868,32	-647,34
868,50	-646,49
868,68	-651,81
868,86	-654,28
869,04	-650,38
869,22	-647,53
869,40	-652,77
869,58	-646,34
869,76	-637,85
869,94	-636,51
870,12	-646,57
870,30	-642,32
870,48	-642,46
870,66	-653,04
870,83	-658,88
871,01	-648,45
871,19	-649,26
871,37	-656,28
871,55	-653,49
871,73	-642,26
871,91	-648,56
872,09	-651,35
872,27	-651,66
872,45	-636,79
872,63	-641,28
872,81	-646,15
872,98	-641,96
873,16	-631,25
873,34	-631,99
873,52	-625,24
873,70	-631,34
873,88	-623,35
874,06	-631,50
874,24	-626,50
874,42	-627,39
874,60	-626,85
874,78	-629,83
874,95	-627,22
875,13	-628,94
875,31	-623,69
875,49	-623,07
875,67	-624,98
875,85	-635,73
876,03	-622,70
876,21	-629,21
876,39	-621,10
876,56	-619,75
876,74	-619,28
876,92	-620,21
877,10	-620,46
877,28	-617,34
877,46	-605,80
877,64	-608,88
877,82	-606,99
877,99	-606,21
878,17	-601,35
878,35	-596,47
878,53	-601,08
878,71	-606,20
878,89	-603,56
879,07	-596,80
879,24	-606,25
879,42	-610,16
879,60	-603,10
879,78	-602,58
879,96	-600,52
880,14	-609,72
880,32	-610,16
880,49	-609,64
880,67	-613,15
880,85	-608,36
881,03	-612,14
881,21	-616,96
881,39	-619,72
881,56	-606,61
881,74	-601,91
881,92	-612,36
882,10	-617,95
882,28	-609,31
882,46	-603,04
882,63	-601,48
882,81	-595,53
882,99	-599,94
883,17	-599,48
883,35	-599,69
883,52	-598,27
883,70	-598,46
883,88	-596,40
884,06	-597,43
884,24	-593,41
884,42	-601,02
884,59	-609,23
884,77	-608,40
884,95	-604,16
885,13	-608,41
885,31	-612,93
885,48	-606,30
885,66	-604,44
885,84	-604,66
886,02	-608,71
886,20	-613,34
886,37	-611,92
886,55	-610,65
886,73	-607,86
886,91	-601,22
887,08	-596,95
887,26	-598,43
887,44	-602,28
887,62	-594,92
887,80	-606,54
887,97	-607,06
888,15	-614,03
888,33	-606,75
888,51	-600,63
888,68	-600,58
888,86	-603,66
889,04	-590,85
889,22	-593,93
889,40	-606,10
889,57	-605,60
889,75	-594,18
889,93	-586,61
890,11	-581,18
890,28	-567,91
890,46	-551,09
890,64	-546,04
890,82	-547,27
890,99	-540,72
891,17	-540,15
891,35	-540,73
891,53	-536,77
891,70	-524,61
891,88	-524,81
892,06	-525,23
892,24	-519,86
892,41	-500,39
892,59	-505,58
892,77	-503,02
892,94	-503,30
893,12	-490,49
893,30	-486,85
893,48	-481,62
893,65	-479,38
893,83	-472,76
894,01	-467,52
894,19	-461,98
894,36	-454,55
894,54	-450,30
894,72	-452,50
894,89	-446,29
895,07	-442,54
895,25	-441,86
895,43	-439,40
895,60	-429,46
895,78	-415,99
895,96	-414,79
896,13	-405,23
896,31	-398,98
896,49	-390,25
896,66	-385,62
896,84	-379,65
897,02	-379,75
897,20	-370,93
897,37	-366,27
897,55	-357,66
897,73	-356,32
897,90	-356,00
898,08	-362,08
898,26	-349,98
898,43	-356,28
898,61	-350,87
898,79	-353,31
898,96	-352,15
899,14	-358,11
899,32	-359,72
899,49	-358,02
899,67	-362,22
899,85	-364,51
900,02	-369,82
900,20	-374,13
900,38	-368,00
900,55	-374,78
900,73	-372,76
900,91	-377,27
901,08	-378,07
901,26	-379,77
901,44	-376,15
901,61	-375,09
901,79	-384,16
901,97	-381,36
902,14	-384,75
902,32	-387,39
902,50	-387,56
902,67	-388,67
902,85	-392,31
903,02	-393,64
903,20	-394,45
903,38	-389,36
903,55	-392,22
903,73	-397,10
903,91	-393,14
904,08	-390,43
904,26	-397,18
904,44	-398,61
904,61	-393,23
904,79	-394,67
904,96	-394,02
905,14	-380,61
905,32	-374,43
905,49	-382,60
905,67	-386,87
905,84	-382,07
906,02	-375,31
906,20	-381,03
906,37	-375,25
906,55	-363,40
906,73	-356,22
906,90	-345,84
907,08	-335,01
907,25	-333,80
907,43	-339,54
907,61	-344,71
907,78	-333,23
907,96	-325,10
908,13	-322,47
908,31	-328,18
908,48	-325,72
908,66	-324,36
908,84	-323,06
909,01	-321,59
909,19	-324,85
909,36	-318,65
909,54	-314,14
909,72	-321,07
909,89	-312,44
910,07	-314,23
910,24	-317,62
910,42	-320,05
910,59	-314,98
910,77	-307,35
910,95	-305,90
911,12	-309,06
911,30	-295,94
911,47	-295,41
911,65	-305,91
911,82	-304,76
912,00	-288,97
912,17	-292,55
912,35	-285,95
912,53	-277,90
912,70	-275,38
912,88	-271,44
913,05	-270,69
913,23	-271,11
913,40	-270,53
913,58	-279,00
913,75	-270,01
913,93	-269,53
914,10	-273,42
914,28	-275,91
914,46	-268,74
914,63	-272,90
914,81	-277,41
914,98	-275,80
915,16	-275,64
915,33	-277,95
915,51	-285,33
915,68	-278,57
915,86	-279,81
916,03	-290,07
916,21	-279,46
916,38	-283,60
916,56	-280,57
916,73	-288,90
916,91	-284,02
917,08	-283,45
917,26	-284,39
917,43	-290,87
917,61	-294,51
917,78	-286,48
917,96	-293,68
918,13	-293,49
918,31	-293,23
918,48	-296,85
918,66	-293,52
918,83	-307,24
919,01	-305,42
919,18	-305,51
919,36	-310,71
919,53	-308,10
919,71	-304,28
919,88	-297,89
920,06	-308,08
920,23	-305,21
920,41	-305,33
920,58	-304,58
920,76	-312,78
920,93	-309,54
921,11	-302,70
921,28	-298,68
921,45	-297,52
921,63	-297,62
921,80	-302,17
921,98	-311,73
922,15	-319,36
922,33	-318,26
922,50	-316,14
922,68	-313,12
922,85	-309,40
923,03	-305,08
923,20	-302,78
923,38	-301,20
923,55	-295,80
923,72	-301,63
923,90	-292,66
924,07	-288,86
924,25	-274,81
924,42	-266,90
924,60	-252,90
924,77	-246,98
924,95	-242,44
925,12	-238,44
925,29	-236,52
925,47	-231,00
925,64	-223,13
925,82	-219,95
925,99	-210,36
926,17	-210,50
926,34	-199,56
926,51	-193,94
926,69	-192,79
926,86	-186,37
927,04	-190,14
927,21	-191,46
927,38	-188,95
927,56	-177,66
927,73	-174,53
927,91	-171,51
928,08	-166,04
928,25	-163,46
928,43	-154,02
928,60	-157,45
928,78	-150,94
928,95	-143,28
929,12	-138,00
929,30	-128,97
929,47	-121,02
929,65	-114,32
929,82	-110,59
929,99	-103,21
930,17	-100,27
930,34	-102,45
930,52	-93,35
930,69	-92,97
930,86	-85,69
931,04	-76,78
931,21	-78,34
931,38	-82,35
931,56	-77,02
931,73	-63,12
931,91	-62,28
932,08	-64,76
932,25	-65,27
932,43	-59,55
932,60	-53,64
932,77	-46,10
932,95	-37,96
933,12	-29,55
933,29	-35,97
933,47	-27,18
933,64	-18,08
933,82	-22,70
933,99	-34,73
934,16	-29,65
934,34	-26,10
934,51	-33,52
934,68	-31,84
934,86	-35,94
935,03	-46,98
935,20	-58,68
935,38	-63,91
935,55	-67,23
935,72	-67,14
935,90	-71,13
936,07	-73,18
936,24	-72,16
936,42	-72,25
936,59	-63,87
936,76	-50,93
936,94	-53,13
937,11	-51,76
937,28	-46,32
937,46	-36,65
937,63	-30,73
937,80	-34,21
937,97	-30,82
938,15	-30,38
938,32	-22,11
938,49	-11,74
938,67	-14,70
938,84	-15,78
939,01	-17,73
939,19	-21,64
939,36	-15,78
939,53	-18,64
939,70	-22,15
939,88	-23,42
940,05	-7,91
940,22	-13,09
940,40	-12,33
940,57	-16,84
940,74	-29,82
940,92	-33,27
941,09	-44,03
941,26	-50,08
941,43	-43,12
941,61	-40,91
941,78	-45,43
941,95	-41,00
942,12	-41,00
942,30	-49,79
942,47	-46,66
942,64	-44,03
942,82	-41,04
942,99	-36,64
943,16	-31,67
943,33	-27,35
943,51	-24,59
943,68	-25,01
943,85	-29,77
944,02	-28,34
944,20	-34,86
944,37	-36,38
944,54	-40,47
944,71	-42,50
944,89	-44,09
945,06	-44,85
945,23	-44,61
945,40	-41,98
945,58	-49,87
945,75	-51,83
945,92	-52,00
946,09	-47,58
946,27	-43,05
946,44	-38,24
946,61	-36,55
946,78	-26,61
946,95	-25,08
947,13	-23,23
947,30	-29,43
947,47	-32,66
947,64	-36,98
947,82	-29,33
947,99	-29,00
948,16	-34,01
948,33	-36,73
948,50	-34,62
948,68	-37,59
948,85	-38,95
949,02	-43,02
949,19	-42,67
949,36	-45,31
949,54	-43,72
949,71	-41,97
949,88	-41,98
950,05	-41,05
950,22	-43,60
950,40	-33,27
950,57	-35,39
950,74	-37,51
950,91	-33,19
951,08	-34,87
951,26	-31,74
951,43	-34,73
951,60	-36,77
951,77	-37,23
951,94	-36,39
952,11	-35,90
952,29	-41,26
952,46	-39,04
952,63	-45,54
952,80	-45,30
952,97	-41,14
953,15	-45,28
953,32	-52,75
953,49	-66,69
953,66	-64,56
953,83	-65,61
954,00	-58,51
954,17	-58,28
954,35	-62,52
954,52	-63,58
954,69	-60,52
954,86	-58,57
955,03	-61,88
955,20	-69,84
955,38	-68,15
955,55	-61,13
955,72	-53,63
955,89	-54,97
956,06	-46,37
956,23	-43,58
956,40	-52,16
956,58	-42,92
956,75	-35,31
956,92	-36,61
957,09	-39,41
957,26	-42,15
957,43	-38,16
957,60	-34,87
957,77	-29,26
957,95	-25,68
958,12	-21,87
958,29	-30,18
958,46	-33,83
958,63	-22,70
958,80	-24,48
958,97	-26,77
959,14	-27,52
959,31	-31,89
959,49	-30,58
959,66	-34,75
959,83	-39,33
960,00	-46,45
960,17	-59,70
960,34	-65,74
960,51	-64,81
960,68	-71,14
960,85	-73,84
961,02	-82,50
961,20	-82,24
961,37	-76,57
961,54	-74,47
961,71	-74,07
961,88	-72,46
962,05	-72,34
962,22	-80,36
962,39	-65,17
962,56	-68,13
962,73	-78,64
962,90	-73,97
963,07	-82,73
963,24	-79,94
963,42	-84,55
963,59	-88,17
963,76	-92,76
963,93	-90,04
964,10	-90,18
964,27	-94,39
964,44	-88,86
964,61	-101,95
964,78	-100,80
964,95	-84,94
965,12	-93,21
965,29	-90,93
965,46	-94,07
965,63	-95,78
965,80	-101,56
965,97	-96,22
966,14	-99,39
966,31	-102,09
966,48	-99,86
966,66	-101,13
966,83	-98,10
967,00	-101,69
967,17	-106,53
967,34	-100,66
967,51	-94,61
967,68	-94,47
967,85	-95,53
968,02	-98,25
968,19	-96,88
968,36	-90,57
968,53	-89,51
968,70	-97,80
968,87	-93,52
969,04	-92,41
969,21	-91,32
969,38	-95,65
969,55	-94,28
969,72	-99,33
969,89	-102,77
970,06	-98,54
970,23	-96,48
970,40	-101,86
970,57	-105,85
970,74	-111,94
970,91	-105,62
971,08	-115,02
971,25	-110,81
971,42	-111,07
971,59	-107,23
971,76	-113,06
971,93	-115,22
972,10	-110,70
972,27	-117,35
972,44	-116,24
972,61	-117,48
972,78	-122,23
972,95	-116,96
973,12	-116,28
973,29	-113,20
973,46	-112,79
973,63	-102,53
973,80	-103,11
973,97	-98,46
974,14	-93,63
974,30	-100,25
974,47	-94,67
974,64	-92,07
974,81	-94,19
974,98	-78,80
975,15	-79,48
975,32	-78,10
975,49	-73,59
975,66	-77,12
975,83	-81,18
976,00	-83,42
976,17	-77,85
976,34	-80,72
976,51	-72,21
976,68	-71,06
976,85	-74,95
977,02	-66,89
977,19	-73,80
977,36	-64,83
977,52	-68,90
977,69	-68,18
977,86	-67,04
978,03	-74,03
978,20	-77,26
978,37	-88,29
978,54	-84,38
978,71	-82,98
978,88	-77,88
979,05	-73,36
979,22	-74,76
979,39	-80,29
979,56	-90,73
979,72	-85,70
979,89	-91,23
980,06	-95,86
980,23	-93,05
980,40	-90,61
980,57	-90,59
980,74	-94,37
980,91	-96,30
981,08	-95,96
981,25	-99,89
981,41	-103,10
981,58	-99,95
981,75	-98,14
981,92	-99,40
982,09	-95,20
982,26	-88,60
982,43	-84,85
982,60	-78,51
982,77	-71,06
982,93	-69,28
983,10	-70,72
983,27	-73,66
983,44	-73,25
983,61	-67,46
983,78	-69,90
983,95	-66,76
984,11	-65,45
984,28	-74,43
984,45	-75,95
984,62	-79,16
984,79	-82,98
984,96	-86,38
985,13	-83,13
985,30	-85,47
985,46	-84,48
985,63	-82,70
985,80	-88,61
985,97	-90,39
986,14	-98,29
986,31	-96,68
986,47	-85,12
986,64	-85,86
986,81	-80,56
986,98	-79,89
987,15	-82,83
987,32	-86,75
987,48	-81,71
987,65	-82,47
987,82	-79,48
987,99	-72,38
988,16	-70,89
988,33	-65,97
988,49	-70,42
988,66	-71,45
988,83	-72,69
989,00	-77,36
989,17	-77,91
989,34	-78,63
989,50	-76,17
989,67	-76,94
989,84	-76,32
990,01	-74,37
990,18	-87,04
990,34	-85,94
990,51	-81,35
990,68	-76,12
990,85	-73,59
991,02	-70,96
991,18	-68,74
991,35	-67,40
991,52	-71,07
991,69	-72,95
991,86	-67,01
992,02	-74,33
992,19	-79,54
992,36	-71,21
992,53	-67,96
992,69	-78,19
992,86	-79,22
993,03	-81,60
993,20	-86,14
993,37	-84,10
993,53	-86,01
993,70	-78,78
993,87	-66,08
994,04	-70,04
994,20	-69,28
994,37	-68,18
994,54	-70,02
994,71	-76,96
994,87	-63,86
995,04	-63,95
995,21	-67,19
995,38	-67,58
995,55	-72,62
995,71	-73,47
995,88	-66,57
996,05	-29,25
996,22	-31,73
996,38	-23,24
996,55	-20,82
996,72	-19,70
996,88	-15,41
997,05	-20,77
997,22	-19,97
997,39	-11,80
997,55	-0,14
997,72	4,20
997,89	1,87
998,06	-4,89
998,22	-45,99
998,39	-44,39
998,56	-48,43
998,73	-52,25
998,89	-51,20
999,06	-56,53
999,23	-48,64
999,39	-52,17
999,56	-56,33
999,73	-61,18
999,90	-60,48
1000,06	-42,73
1000,23	-41,33
1000,40	-43,03
1000,56	-39,20
1000,73	-39,56
1000,90	-30,25
1001,06	-38,25
1001,23	-38,79
1001,40	-48,61
1001,57	-44,09
1001,73	-42,23
1001,90	-38,99
1002,07	-42,87
1002,23	-56,35
1002,40	-57,27
1002,57	-60,15
1002,73	-63,80
1002,90	-64,15
1003,07	-68,83
1003,23	-61,65
1003,40	-46,70
1003,57	-44,69
1003,73	-47,17
1003,90	-43,18
1004,07	-47,91
1004,23	-46,35
1004,40	-41,15
1004,57	-37,48
1004,73	-37,98
1004,90	-30,93
1005,07	-21,61
1005,23	-20,24
1005,40	-16,94
1005,57	-25,59
1005,73	-22,35
1005,90	-22,65
1006,07	-35,94
1006,23	-34,97
1006,40	-30,12
1006,57	-35,61
1006,73	-28,01
1006,90	-29,65
1007,06	-34,67
1007,23	-40,42
1007,40	-45,65
1007,56	-49,06
1007,73	-52,64
1007,90	-55,16
1008,06	-53,95
1008,23	-50,28
1008,40	-42,11
1008,56	-45,32
1008,73	-41,35
1008,89	-44,29
1009,06	-43,02
1009,23	-39,71
1009,39	-36,58
1009,56	-32,89
1009,72	-29,49
1009,89	-20,30
1010,06	-11,34
1010,22	-11,13
1010,39	-7,38
1010,55	-17,55
1010,72	-21,79
1010,89	-18,99
1011,05	-26,40
1011,22	-23,08
1011,38	-27,05
1011,55	-36,99
1011,72	-34,53
1011,88	-36,03
1012,05	-33,42
1012,21	-43,02
1012,38	-36,81
1012,55	-37,47
1012,71	-36,79
1012,88	-20,92
1013,04	-20,50
1013,21	-13,70
1013,37	-11,59
1013,54	-11,01
1013,71	-2,93
1013,87	-1,49
1014,04	1,55
1014,20	-0,20
1014,37	0,58
1014,53	-0,87
1014,70	4,13
1014,87	4,10
1015,03	-7,97
1015,20	-8,57
1015,36	-14,07
1015,53	-16,79
1015,69	-15,59
1015,86	-13,48
1016,02	-21,07
1016,19	-21,17
1016,36	-24,14
1016,52	-21,16
1016,69	-19,56
1016,85	-20,50
1017,02	-19,14
1017,18	-14,38
1017,35	-17,57
1017,51	-18,02
1017,68	-19,73
1017,84	-17,03
1018,01	-20,92
1018,17	-10,34
1018,34	-11,96
1018,50	-13,64
1018,67	-18,53
1018,84	-21,83
1019,00	-18,35
1019,17	-7,63
1019,33	-10,85
1019,50	-5,52
1019,66	-4,75
1019,83	1,02
1019,99	-2,69
1020,16	-5,34
1020,32	-1,00
1020,49	1,13
1020,65	6,45
1020,82	16,95
1020,98	18,48
1021,15	21,34
1021,31	15,55
1021,48	12,82
1021,64	8,91
1021,81	6,74
1021,97	16,72
1022,14	20,71
1022,30	20,54
1022,47	19,54
1022,63	19,71
1022,79	15,98
1022,96	10,02
1023,12	11,63
1023,29	4,44
1023,45	1,98
1023,62	6,74
1023,78	3,02
1023,95	10,46
1024,11	-4,01
1024,28	-12,36
1024,44	-9,88
1024,61	-19,83
1024,77	-20,77
1024,94	-20,34
1025,10	-19,06
1025,26	-23,11
1025,43	-24,99
1025,59	-24,32
1025,76	-24,30
1025,92	-22,53
1026,09	-26,77
1026,25	-25,50
1026,42	-18,18
1026,58	-18,26
1026,74	-20,83
1026,91	-22,44
1027,07	-21,85
1027,24	-17,12
1027,40	-15,01
1027,57	-13,98
1027,73	-15,49
1027,90	-13,89
1028,06	-15,36
1028,22	-9,48
1028,39	-8,98
1028,55	-4,34
1028,72	-5,37
1028,88	-0,69
1029,04	1,78
1029,21	3,46
1029,37	-3,41
1029,54	-2,05
1029,70	-2,80
1029,87	-2,48
1030,03	-1,88
1030,19	-1,36
1030,36	-0,04
1030,52	1,57
1030,69	-1,78
1030,85	-2,21
1031,01	1,35
1031,18	1,86
1031,34	-1,61
1031,50	-1,01
1031,67	5,04
1031,83	11,81
1032,00	10,53
1032,16	5,50
1032,32	9,67
1032,49	7,89
1032,65	4,07
1032,82	0,49
1032,98	0,33
1033,14	2,10
1033,31	6,09
1033,47	6,69
1033,63	11,69
1033,80	9,93
1033,96	6,21
1034,13	11,14
1034,29	14,13
1034,45	17,34
1034,62	17,62
1034,78	17,37
1034,94	19,41
1035,11	26,78
1035,27	18,81
1035,43	16,69
1035,60	11,05
1035,76	3,62
1035,92	-3,90
1036,09	-4,92
1036,25	-6,02
1036,41	-6,52
1036,58	-9,39
1036,74	-12,28
1036,90	-9,81
1037,07	-8,45
1037,23	-16,94
1037,39	-8,51
1037,56	-6,17
1037,72	6,65
1037,88	7,46
1038,05	9,08
1038,21	1,31
1038,37	-2,76
1038,54	-0,65
1038,70	-2,69
1038,86	-1,84
1039,03	-0,58
1039,19	-8,40
1039,35	-7,81
1039,52	-14,78
1039,68	-21,04
1039,84	-27,69
1040,00	-22,59
1040,17	-25,64
1040,33	-17,69
1040,49	-18,64
1040,66	-25,29
1040,82	-32,56
1040,98	-35,35
1041,15	-40,62
1041,31	-37,13
1041,47	-33,21
1041,63	-29,22
1041,80	-27,53
1041,96	-32,55
1042,12	-32,74
1042,29	-22,41
1042,45	-19,95
1042,61	-8,53
1042,77	1,49
1042,94	11,99
1043,10	9,92
1043,26	14,27
1043,42	16,73
1043,59	88,17
1043,75	54,40
1043,91	25,99
1044,07	-52,49
1044,24	7,30
1044,40	6,14
